"PointID"	"x"	"y"	"Density[0]"	"Density[1]"	"Momentum_x"	"Momentum_y"	"Energy"	"Electronic_Energy"	"Total_Density"	"Pressure"	"Temperature"	"Tve"	"Mach"	"C<sub>p</sub>"
0	0.000000000000000e+00	0.000000000000000e+00	2.115478002087558e-03	6.419226996469925e-03	0.000000000000000e+00	0.000000000000000e+00	2.957834693272139e+05	1.853690102621034e+04	8.534704998557482e-03	3.912610158344199e+04	8.815419045641693e+03	9.183176108529182e+03	0.000000000000000e+00	-inf	
1	2.000000000000000e-01	0.000000000000000e+00	2.115478002087558e-03	6.419226996469925e-03	0.000000000000000e+00	7.421476766466922e-16	2.957834693272139e+05	1.853690102621034e+04	8.534704998557482e-03	3.912610158344199e+04	8.815419045641693e+03	9.183176108529182e+03	3.201520975356523e-17	-inf	
2	4.000000000000000e-01	0.000000000000000e+00	2.115478002087558e-03	6.419226996469925e-03	0.000000000000000e+00	-6.061782187316508e-16	2.957834693272139e+05	1.853690102621034e+04	8.534704998557482e-03	3.912610158344199e+04	8.815419045641693e+03	9.183176108529182e+03	2.614967806464647e-17	-inf	
3	6.000000000000001e-01	0.000000000000000e+00	2.115478002087558e-03	6.419226996469925e-03	0.000000000000000e+00	-1.814441930037007e-16	2.957834693272139e+05	1.853690102621034e+04	8.534704998557482e-03	3.912610158344199e+04	8.815419045641693e+03	9.183176108529182e+03	7.827247972838805e-18	-inf	
4	8.000000000000000e-01	0.000000000000000e+00	2.115478002087558e-03	6.419226996469925e-03	1.634816726436831e-16	0.000000000000000e+00	2.957834693272139e+05	1.853690102621034e+04	8.534704998557482e-03	3.912610158344199e+04	8.815419045641693e+03	9.183176108529182e+03	7.052370040690514e-18	-inf	
5	1.000000000000000e+00	0.000000000000000e+00	2.115478002087558e-03	6.419226996469925e-03	2.605702320579416e-16	3.215063770767350e-16	2.957834693272139e+05	1.853690102621034e+04	8.534704998557484e-03	3.912610158344200e+04	8.815419045641698e+03	9.183176108529182e+03	1.785245889942104e-17	-inf	
6	0.000000000000000e+00	2.000000000000000e-01	2.115478002087558e-03	6.419226996469925e-03	0.000000000000000e+00	0.000000000000000e+00	2.957834693272139e+05	1.853690102621034e+04	8.534704998557482e-03	3.912610158344199e+04	8.815419045641693e+03	9.183176108529182e+03	0.000000000000000e+00	-inf	
7	2.000000000000000e-01	2.000000000000000e-01	2.115478002087558e-03	6.419226996469925e-03	-3.185505192959640e-16	-1.818989403545857e-18	2.957834693272139e+05	1.853690102621034e+04	8.534704998557482e-03	3.912610158344199e+04	8.815419045641693e+03	9.183176108529182e+03	1.374204660315051e-17	-inf	
8	4.000000000000000e-01	2.000000000000000e-01	2.115478002087558e-03	6.419226996469925e-03	-3.701643436215732e-16	1.653006620472289e-16	2.957834693272139e+05	1.853690102621034e+04	8.534704998557482e-03	3.912610158344199e+04	8.815419045641693e+03	9.183176108529182e+03	1.748821656171296e-17	-inf	
9	5.999999999999999e-01	2.000000000000000e-01	2.115478002087558e-03	6.419226996469925e-03	0.000000000000000e+00	2.576143742771828e-16	2.957834693272139e+05	1.853690102621034e+04	8.534704998557482e-03	3.912610158344199e+04	8.815419045641693e+03	9.183176108529182e+03	1.111312274840392e-17	-inf	
10	7.999999999999999e-01	2.000000000000000e-01	2.115478002087558e-03	6.419226996469925e-03	1.530224835732953e-16	-1.762145984685077e-16	2.957834693272139e+05	1.853690102621034e+04	8.534704998557482e-03	3.912610158344199e+04	8.815419045641693e+03	9.183176108529182e+03	1.006780051092568e-17	-inf	
11	1.000000000000000e+00	2.000000000000000e-01	2.115478002087558e-03	6.419226996469925e-03	2.673914423212399e-16	-1.289208739763116e-16	2.957834693272139e+05	1.853690102621034e+04	8.534704998557484e-03	3.912610158344200e+04	8.815419045641698e+03	9.183176108529182e+03	1.280560924022910e-17	-inf	
12	0.000000000000000e+00	3.999999999999999e-01	2.115478002087558e-03	6.419226996469925e-03	-8.171809895429524e-16	0.000000000000000e+00	2.957834693272139e+05	1.853690102621034e+04	8.534704998557482e-03	3.912610158344199e+04	8.815419045641693e+03	9.183176108529182e+03	3.525204162203211e-17	-inf	
13	2.000000000000000e-01	3.999999999999999e-01	2.115478002087558e-03	6.419226996469925e-03	3.204293853729999e-16	0.000000000000000e+00	2.957834693272139e+05	1.853690102621034e+04	8.534704998557482e-03	3.912610158344199e+04	8.815419045641693e+03	9.183176108529182e+03	1.382287421591742e-17	-inf	
14	3.999999999999999e-01	4.000000000000001e-01	2.115478002087558e-03	6.419226996469925e-03	1.117003513161116e-16	0.000000000000000e+00	2.957834693272139e+05	1.853690102621034e+04	8.534704998557484e-03	3.912610158344200e+04	8.815419045641698e+03	9.183176108529182e+03	4.818596472726932e-18	-inf	
15	6.000000000000001e-01	4.000000000000000e-01	2.115478002087558e-03	6.419226996469925e-03	-2.037268131971373e-16	-9.094947017729280e-19	2.957834693272139e+05	1.853690102621034e+04	8.534704998557484e-03	3.912610158344200e+04	8.815419045641698e+03	9.183176108529182e+03	8.788576528142822e-18	-inf	
16	8.000000000000000e-01	4.000000000000000e-01	2.115478002087558e-03	6.419226996469925e-03	-1.678017724771049e-16	0.000000000000000e+00	2.957834693272139e+05	1.853690102621034e+04	8.534704998557482e-03	3.912610158344199e+04	8.815419045641693e+03	9.183176108529182e+03	7.238733087662879e-18	-inf	
17	1.000000000000000e+00	4.000000000000000e-01	2.115478002087558e-03	6.419226996469925e-03	0.000000000000000e+00	0.000000000000000e+00	2.957834693272139e+05	1.853690102621034e+04	8.534704998557482e-03	3.912610158344199e+04	8.815419045641693e+03	9.183176108529182e+03	0.000000000000000e+00	-inf	
18	0.000000000000000e+00	6.000000000000000e-01	2.115478002087558e-03	6.419226996469925e-03	6.061782187316508e-16	1.634816726436830e-16	2.957834693272139e+05	1.853690102621034e+04	8.534704998557482e-03	3.912610158344199e+04	8.815419045641693e+03	9.183176108529182e+03	2.708397286358635e-17	-inf	
19	2.000000000000000e-01	6.000000000000000e-01	2.115478002087558e-03	6.419226996469925e-03	-2.761983505710300e-17	1.818989403545857e-18	2.957834693272139e+05	1.853690102621034e+04	8.534704998557482e-03	3.912610158344199e+04	8.815419045641693e+03	9.183176108529182e+03	1.194062043561607e-18	-inf	
20	4.000000000000001e-01	6.000000000000002e-01	2.115478002087558e-03	6.419226996469925e-03	0.000000000000000e+00	-1.653006620472291e-16	2.957834693272139e+05	1.853690102621034e+04	8.534704998557482e-03	3.912610158344199e+04	8.815419045641693e+03	9.183176108529182e+03	7.130838692047298e-18	-inf	
21	6.000000000000000e-01	6.000000000000001e-01	2.115478002087558e-03	6.419226996469925e-03	2.761983505710319e-17	-1.687112671788778e-16	2.957834693272139e+05	1.853690102621034e+04	8.534704998557482e-03	3.912610158344199e+04	8.815419045641693e+03	9.183176108529182e+03	7.374851625916701e-18	-inf	
22	8.000000000000000e-01	6.000000000000001e-01	2.115478002087558e-03	6.419226996469925e-03	1.687112671788776e-16	-9.094947017729286e-19	2.957834693272139e+05	1.853690102621034e+04	8.534704998557482e-03	3.912610158344199e+04	8.815419045641693e+03	9.183176108529182e+03	7.278073165472350e-18	-inf	
23	1.000000000000000e+00	6.000000000000001e-01	2.115478002087558e-03	6.419226996469925e-03	4.083631210960476e-16	-9.094947017729280e-19	2.957834693272139e+05	1.853690102621034e+04	8.534704998557484e-03	3.912610158344200e+04	8.815419045641698e+03	9.183176108529182e+03	1.761625592032874e-17	-inf	
24	0.000000000000000e+00	8.000000000000000e-01	2.115478002087558e-03	6.419226996469925e-03	-2.269189280923468e-16	0.000000000000000e+00	2.957834693272139e+05	1.853690102621034e+04	8.534704998557484e-03	3.912610158344200e+04	8.815419045641698e+03	9.183176108529182e+03	9.788964256758275e-18	-inf	
25	2.000000000000000e-01	8.000000000000000e-01	2.115478002087558e-03	6.419226996469925e-03	-1.687112671788778e-16	3.176410245941911e-16	2.957834693272139e+05	1.853690102621034e+04	8.534704998557482e-03	3.912610158344199e+04	8.815419045641693e+03	9.183176108529182e+03	1.551546758018338e-17	-inf	
26	3.999999999999999e-01	8.000000000000000e-01	2.115478002087558e-03	6.419226996469925e-03	-9.094947017729284e-19	0.000000000000000e+00	2.957834693272139e+05	1.853690102621034e+04	8.534704998557482e-03	3.912610158344199e+04	8.815419045641693e+03	9.183176108529182e+03	3.923432567838969e-20	-inf	
27	6.000000000000000e-01	8.000000000000000e-01	2.115478002087558e-03	6.419226996469925e-03	0.000000000000000e+00	-3.171862772433046e-16	2.957834693272139e+05	1.853690102621034e+04	8.534704998557482e-03	3.912610158344199e+04	8.815419045641693e+03	9.183176108529182e+03	1.368297108033822e-17	-inf	
28	8.000000000000000e-01	8.000000000000000e-01	2.115478002087558e-03	6.419226996469925e-03	0.000000000000000e+00	1.632542989682395e-16	2.957834693272139e+05	1.853690102621034e+04	8.534704998557482e-03	3.912610158344199e+04	8.815419045641693e+03	9.183176108529182e+03	7.042561459270900e-18	-inf	
29	1.000000000000000e+00	8.000000000000000e-01	2.115478002087558e-03	6.419226996469925e-03	-1.796252036001548e-16	-1.534772309241822e-16	2.957834693272139e+05	1.853690102621034e+04	8.534704998557482e-03	3.912610158344199e+04	8.815419045641693e+03	9.183176108529182e+03	1.019207897084594e-17	-inf	
30	0.000000000000000e+00	1.000000000000000e+00	2.115478002087558e-03	6.419226996469925e-03	1.818989403545857e-18	-3.287823346909123e-16	2.957834693272139e+05	1.853690102621034e+04	8.534704998557482e-03	3.912610158344199e+04	8.815419045641693e+03	9.183176108529182e+03	1.418342579511931e-17	-inf	
31	2.000000000000000e-01	1.000000000000000e+00	2.115478002087558e-03	6.419226996469925e-03	0.000000000000000e+00	0.000000000000000e+00	2.957834693272139e+05	1.853690102621034e+04	8.534704998557482e-03	3.912610158344199e+04	8.815419045641693e+03	9.183176108529182e+03	0.000000000000000e+00	-inf	
32	3.999999999999999e-01	1.000000000000000e+00	2.115478002087558e-03	6.419226996469925e-03	0.000000000000000e+00	0.000000000000000e+00	2.957834693272139e+05	1.853690102621034e+04	8.534704998557482e-03	3.912610158344199e+04	8.815419045641693e+03	9.183176108529182e+03	0.000000000000000e+00	-inf	
33	6.000000000000000e-01	1.000000000000000e+00	2.115478002087558e-03	6.419226996469925e-03	1.700755092315367e-16	-1.496118784416474e-16	2.957834693272139e+05	1.853690102621034e+04	8.534704998557482e-03	3.912610158344199e+04	8.815419045641693e+03	9.183176108529182e+03	9.771572482423808e-18	-inf	
34	8.000000000000000e-01	1.000000000000000e+00	2.115478002087558e-03	6.419226996469925e-03	0.000000000000000e+00	5.652509571518772e-16	2.957834693272139e+05	1.853690102621034e+04	8.534704998557484e-03	3.912610158344200e+04	8.815419045641698e+03	9.183176108529182e+03	2.438413340911928e-17	-inf	
35	1.000000000000000e+00	1.000000000000000e+00	2.115478002087558e-03	6.419226996469925e-03	-3.383320290595276e-16	-3.178683982696431e-16	2.957834693272139e+05	1.853690102621034e+04	8.534704998557482e-03	3.912610158344199e+04	8.815419045641693e+03	9.183176108529182e+03	2.002620256716823e-17	-inf	
EXT_ITER= 3369
AOA= 0.000000000000000e+00
SIDESLIP_ANGLE= 0.000000000000000e+00
INITIAL_BCTHRUST= 4.000000000000000e+03
DCD_DCL_VALUE= 0.000000000000000e+00
DCMX_DCL_VALUE= 0.000000000000000e+00
DCMY_DCL_VALUE= 0.000000000000000e+00
DCMZ_DCL_VALUE= 0.000000000000000e+00
