"PointID"	"x"	"y"	"Density[0]"	"Density[1]"	"Momentum_x"	"Momentum_y"	"Energy"	"Electronic_Energy"	"Total_Density"	"Pressure"	"Temperature"	"Tve"	"Mach"	"C<sub>p</sub>"
0	0.000000000000000e+00	0.000000000000000e+00	2.597739688906903e-03	5.936965309650589e-03	0.000000000000000e+00	0.000000000000000e+00	2.957834693272139e+05	3.180791090063675e+04	8.534704998557491e-03	3.998537014608234e+04	9.309240396587884e+03	1.168880725041830e+04	0.000000000000000e+00	-inf	
1	2.000000000000000e-01	0.000000000000000e+00	2.597739688906903e-03	5.936965309650589e-03	0.000000000000000e+00	1.537046045996257e-16	2.957834693272139e+05	3.180791090063675e+04	8.534704998557491e-03	3.998537014608234e+04	9.309240396587884e+03	1.168880725041830e+04	6.587271252583425e-18	-inf	
2	4.000000000000000e-01	0.000000000000000e+00	2.597739688906903e-03	5.936965309650589e-03	0.000000000000000e+00	-1.218722900375724e-16	2.957834693272139e+05	3.180791090063675e+04	8.534704998557491e-03	3.998537014608234e+04	9.309240396587884e+03	1.168880725041830e+04	5.223043478379731e-18	-inf	
3	6.000000000000001e-01	0.000000000000000e+00	2.597739688906903e-03	5.936965309650589e-03	0.000000000000000e+00	-9.003997547551973e-17	2.957834693272139e+05	3.180791090063675e+04	8.534704998557491e-03	3.998537014608234e+04	9.309240396587884e+03	1.168880725041830e+04	3.858815704176061e-18	-inf	
4	8.000000000000000e-01	0.000000000000000e+00	2.597739688906903e-03	5.936965309650589e-03	1.857642928371206e-16	0.000000000000000e+00	2.957834693272139e+05	3.180791090063675e+04	8.534704998557491e-03	3.998537014608234e+04	9.309240396587884e+03	1.168880725041830e+04	7.961243510888505e-18	-inf	
5	1.000000000000000e+00	0.000000000000000e+00	2.597739688906903e-03	5.936965309650590e-03	3.565219230949875e-16	1.728039933368563e-17	2.957834693272139e+05	3.180791090063676e+04	8.534704998557492e-03	3.998537014608234e+04	9.309240396587886e+03	1.168880725041830e+04	1.529728829114475e-17	-inf	
6	0.000000000000000e+00	2.000000000000000e-01	2.597739688906903e-03	5.936965309650589e-03	0.000000000000000e+00	0.000000000000000e+00	2.957834693272139e+05	3.180791090063675e+04	8.534704998557491e-03	3.998537014608234e+04	9.309240396587884e+03	1.168880725041830e+04	0.000000000000000e+00	-inf	
7	2.000000000000000e-01	2.000000000000000e-01	2.597739688906903e-03	5.936965309650589e-03	-7.480593922082371e-17	-1.818989403545857e-18	2.957834693272139e+05	3.180791090063675e+04	8.534704998557491e-03	3.998537014608234e+04	9.309240396587884e+03	1.168880725041830e+04	3.206882921085766e-18	-inf	
8	4.000000000000000e-01	2.000000000000000e-01	2.597739688906903e-03	5.936965309650589e-03	-7.594280759803989e-17	1.875832822406664e-16	2.957834693272139e+05	3.180791090063675e+04	8.534704998557491e-03	3.998537014608234e+04	9.309240396587884e+03	1.168880725041830e+04	8.673034267729955e-18	-inf	
9	5.999999999999999e-01	2.000000000000000e-01	2.597739688906903e-03	5.936965309650589e-03	0.000000000000000e+00	2.276010491186752e-16	2.957834693272139e+05	3.180791090063675e+04	8.534704998557491e-03	3.998537014608234e+04	9.309240396587884e+03	1.168880725041830e+04	9.754228585556169e-18	-inf	
10	7.999999999999999e-01	2.000000000000000e-01	2.597739688906903e-03	5.936965309650589e-03	1.809894456528128e-16	-5.388756108004589e-17	2.957834693272139e+05	3.180791090063675e+04	8.534704998557491e-03	3.998537014608234e+04	9.309240396587884e+03	1.168880725041830e+04	8.093115238261523e-18	-inf	
11	1.000000000000000e+00	2.000000000000000e-01	2.597739688906903e-03	5.936965309650590e-03	3.597051545511929e-16	-1.784883352229370e-16	2.957834693272139e+05	3.180791090063676e+04	8.534704998557492e-03	3.998537014608234e+04	9.309240396587886e+03	1.168880725041830e+04	1.720929138532546e-17	-inf	
12	0.000000000000000e+00	3.999999999999999e-01	2.597739688906903e-03	5.936965309650589e-03	-1.941771188285220e-16	0.000000000000000e+00	2.957834693272139e+05	3.180791090063675e+04	8.534704998557491e-03	3.998537014608234e+04	9.309240396587884e+03	1.168880725041830e+04	8.321789422642407e-18	-inf	
13	2.000000000000000e-01	3.999999999999999e-01	2.597739688906903e-03	5.936965309650589e-03	2.541225927318093e-16	0.000000000000000e+00	2.957834693272139e+05	3.180791090063675e+04	8.534704998557491e-03	3.998537014608234e+04	9.309240396587884e+03	1.168880725041830e+04	1.089085427267863e-17	-inf	
14	3.999999999999999e-01	4.000000000000001e-01	2.597739688906903e-03	5.936965309650590e-03	1.588530227210948e-16	0.000000000000000e+00	2.957834693272139e+05	3.180791090063676e+04	8.534704998557492e-03	3.998537014608234e+04	9.309240396587886e+03	1.168880725041830e+04	6.807915434169094e-18	-inf	
15	6.000000000000001e-01	4.000000000000000e-01	2.597739688906903e-03	5.936965309650590e-03	-2.180513547500595e-16	-9.094947017729280e-19	2.957834693272139e+05	3.180791090063676e+04	8.534704998557492e-03	3.998537014608234e+04	9.309240396587886e+03	1.168880725041830e+04	9.345041541651441e-18	-inf	
16	8.000000000000000e-01	4.000000000000000e-01	2.597739688906903e-03	5.936965309650589e-03	-1.844000507844613e-16	0.000000000000000e+00	2.957834693272139e+05	3.180791090063675e+04	8.534704998557491e-03	3.998537014608234e+04	9.309240396587884e+03	1.168880725041830e+04	7.902776606279784e-18	-inf	
17	1.000000000000000e+00	4.000000000000000e-01	2.597739688906903e-03	5.936965309650589e-03	0.000000000000000e+00	0.000000000000000e+00	2.957834693272139e+05	3.180791090063675e+04	8.534704998557491e-03	3.998537014608234e+04	9.309240396587884e+03	1.168880725041830e+04	0.000000000000000e+00	-inf	
18	0.000000000000000e+00	6.000000000000000e-01	2.597739688906903e-03	5.936965309650589e-03	1.218722900375724e-16	1.857642928371205e-16	2.957834693272139e+05	3.180791090063675e+04	8.534704998557491e-03	3.998537014608234e+04	9.309240396587884e+03	1.168880725041830e+04	9.521637538612219e-18	-inf	
19	2.000000000000000e-01	6.000000000000000e-01	2.597739688906903e-03	5.936965309650589e-03	-1.071847529221122e-18	1.818989403545857e-18	2.957834693272139e+05	3.180791090063675e+04	8.534704998557491e-03	3.998537014608234e+04	9.309240396587884e+03	1.168880725041830e+04	9.048325633511348e-20	-inf	
20	4.000000000000001e-01	6.000000000000002e-01	2.597739688906903e-03	5.936965309650589e-03	0.000000000000000e+00	-1.875832822406664e-16	2.957834693272139e+05	3.180791090063675e+04	8.534704998557491e-03	3.998537014608234e+04	9.309240396587884e+03	1.168880725041830e+04	8.039199383700143e-18	-inf	
21	6.000000000000000e-01	6.000000000000001e-01	2.597739688906903e-03	5.936965309650589e-03	1.071847529221078e-18	-1.844000507844612e-16	2.957834693272139e+05	3.180791090063675e+04	8.534704998557491e-03	3.998537014608234e+04	9.309240396587884e+03	1.168880725041830e+04	7.902910108962021e-18	-inf	
22	8.000000000000000e-01	6.000000000000001e-01	2.597739688906903e-03	5.936965309650589e-03	1.853095454862342e-16	-9.094947017729286e-19	2.957834693272139e+05	3.180791090063675e+04	8.534704998557491e-03	3.998537014608234e+04	9.309240396587884e+03	1.168880725041830e+04	7.941850193487271e-18	-inf	
23	1.000000000000000e+00	6.000000000000001e-01	2.597739688906903e-03	5.936965309650590e-03	4.370122042018918e-16	-9.094947017729280e-19	2.957834693272139e+05	3.180791090063676e+04	8.534704998557492e-03	3.998537014608234e+04	9.309240396587886e+03	1.168880725041830e+04	1.872893900271937e-17	-inf	
24	0.000000000000000e+00	8.000000000000000e-01	2.597739688906903e-03	5.936965309650590e-03	-3.487912181299179e-16	0.000000000000000e+00	2.957834693272139e+05	3.180791090063676e+04	8.534704998557492e-03	3.998537014608234e+04	9.309240396587886e+03	1.168880725041830e+04	1.494803861163153e-17	-inf	
25	2.000000000000000e-01	8.000000000000000e-01	2.597739688906903e-03	5.936965309650589e-03	-1.844000507844612e-16	7.389644451905075e-17	2.957834693272139e+05	3.180791090063675e+04	8.534704998557491e-03	3.998537014608234e+04	9.309240396587884e+03	1.168880725041830e+04	8.513724028745183e-18	-inf	
26	3.999999999999999e-01	8.000000000000000e-01	2.597739688906903e-03	5.936965309650589e-03	-9.094947017729284e-19	0.000000000000000e+00	2.957834693272139e+05	3.180791090063675e+04	8.534704998557491e-03	3.998537014608234e+04	9.309240396587884e+03	1.168880725041830e+04	3.897793640581889e-20	-inf	
27	6.000000000000000e-01	8.000000000000000e-01	2.597739688906903e-03	5.936965309650589e-03	0.000000000000000e+00	-6.048139766789973e-17	2.957834693272139e+05	3.180791090063675e+04	8.534704998557491e-03	3.998537014608234e+04	9.309240396587884e+03	1.168880725041830e+04	2.592032770986955e-18	-inf	
28	8.000000000000000e-01	8.000000000000000e-01	2.597739688906903e-03	5.936965309650589e-03	0.000000000000000e+00	1.869011612143367e-16	2.957834693272139e+05	3.180791090063675e+04	8.534704998557491e-03	3.998537014608234e+04	9.309240396587884e+03	1.168880725041830e+04	8.009965931395776e-18	-inf	
29	1.000000000000000e+00	8.000000000000000e-01	2.597739688906903e-03	5.936965309650589e-03	-8.822098607197387e-17	-1.823536877054721e-16	2.957834693272139e+05	3.180791090063675e+04	8.534704998557491e-03	3.998537014608234e+04	9.309240396587884e+03	1.168880725041830e+04	8.681608022010682e-18	-inf	
30	0.000000000000000e+00	1.000000000000000e+00	2.597739688906903e-03	5.936965309650589e-03	1.818989403545857e-18	-3.733475750777870e-16	2.957834693272139e+05	3.180791090063675e+04	8.534704998557491e-03	3.998537014608234e+04	9.309240396587884e+03	1.168880725041830e+04	1.600063279814577e-17	-inf	
31	2.000000000000000e-01	1.000000000000000e+00	2.597739688906903e-03	5.936965309650589e-03	0.000000000000000e+00	0.000000000000000e+00	2.957834693272139e+05	3.180791090063675e+04	8.534704998557491e-03	3.998537014608234e+04	9.309240396587884e+03	1.168880725041830e+04	0.000000000000000e+00	-inf	
32	3.999999999999999e-01	1.000000000000000e+00	2.597739688906903e-03	5.936965309650589e-03	0.000000000000000e+00	0.000000000000000e+00	2.957834693272139e+05	3.180791090063675e+04	8.534704998557491e-03	3.998537014608234e+04	9.309240396587884e+03	1.168880725041830e+04	0.000000000000000e+00	-inf	
33	6.000000000000000e-01	1.000000000000000e+00	2.597739688906903e-03	5.936965309650589e-03	1.866737875388935e-16	-8.731149137020095e-17	2.957834693272139e+05	3.180791090063675e+04	8.534704998557491e-03	3.998537014608234e+04	9.309240396587884e+03	1.168880725041830e+04	8.832056573729988e-18	-inf	
34	8.000000000000000e-01	1.000000000000000e+00	2.597739688906903e-03	5.936965309650590e-03	0.000000000000000e+00	3.351487976033244e-16	2.957834693272139e+05	3.180791090063676e+04	8.534704998557492e-03	3.998537014608234e+04	9.309240396587886e+03	1.168880725041830e+04	1.436336956554427e-17	-inf	
35	1.000000000000000e+00	1.000000000000000e+00	2.597739688906903e-03	5.936965309650589e-03	-3.715285856742412e-16	-7.730704965069878e-18	2.957834693272139e+05	3.180791090063675e+04	8.534704998557491e-03	3.998537014608234e+04	9.309240396587884e+03	1.168880725041830e+04	1.592593359600761e-17	-inf	
EXT_ITER= 733
AOA= 0.000000000000000e+00
SIDESLIP_ANGLE= 0.000000000000000e+00
INITIAL_BCTHRUST= 4.000000000000000e+03
DCD_DCL_VALUE= 0.000000000000000e+00
DCMX_DCL_VALUE= 0.000000000000000e+00
DCMY_DCL_VALUE= 0.000000000000000e+00
DCMZ_DCL_VALUE= 0.000000000000000e+00
