"PointID"	"x"	"y"	"Density[0]"	"Density[1]"	"Momentum_x"	"Momentum_y"	"Energy"	"Electronic_Energy"	"Total_Density"	"Pressure"	"Temperature"	"Tve"	"Mach"	"C<sub>p</sub>"
0	0.000000000000000e+00	0.000000000000000e+00	1.912980112110182e-03	6.621724886447329e-03	0.000000000000000e+00	0.000000000000000e+00	2.957834693272139e+05	1.500842713539208e+04	8.534704998557512e-03	3.747926252719857e+04	8.331551951178024e+03	8.475317088347309e+03	0.000000000000000e+00	-inf	
1	2.000000000000000e-01	0.000000000000000e+00	1.912980112110182e-03	6.621724886447329e-03	0.000000000000000e+00	1.315584086114568e-15	2.957834693272139e+05	1.500842713539208e+04	8.534704998557512e-03	3.747926252719857e+04	8.331551951178024e+03	8.475317088347309e+03	5.788323996677604e-17	-inf	
2	4.000000000000000e-01	0.000000000000000e+00	1.912980112110182e-03	6.621724886447329e-03	0.000000000000000e+00	-1.032731233863150e-15	2.957834693272139e+05	1.500842713539208e+04	8.534704998557512e-03	3.747926252719857e+04	8.331551951178024e+03	8.475317088347309e+03	4.543824333375194e-17	-inf	
3	6.000000000000001e-01	0.000000000000000e+00	1.912980112110182e-03	6.621724886447329e-03	0.000000000000000e+00	-9.249561117030433e-16	2.957834693272139e+05	1.500842713539208e+04	8.534704998557512e-03	3.747926252719857e+04	8.331551951178024e+03	8.475317088347309e+03	4.069633947197265e-17	-inf	
4	8.000000000000000e-01	0.000000000000000e+00	1.912980112110182e-03	6.621724886447329e-03	2.846718416549266e-16	0.000000000000000e+00	2.957834693272139e+05	1.500842713539208e+04	8.534704998557512e-03	3.747926252719857e+04	8.331551951178024e+03	8.475317088347309e+03	1.252502876571070e-17	-inf	
5	1.000000000000000e+00	0.000000000000000e+00	1.912980112110183e-03	6.621724886447329e-03	5.120455170981582e-16	-8.549250196665505e-17	2.957834693272139e+05	1.500842713539208e+04	8.534704998557512e-03	3.747926252719857e+04	8.331551951178024e+03	8.475317088347309e+03	2.284090286567012e-17	-inf	
6	0.000000000000000e+00	2.000000000000000e-01	1.912980112110182e-03	6.621724886447329e-03	0.000000000000000e+00	0.000000000000000e+00	2.957834693272139e+05	1.500842713539208e+04	8.534704998557512e-03	3.747926252719857e+04	8.331551951178024e+03	8.475317088347309e+03	0.000000000000000e+00	-inf	
7	2.000000000000000e-01	2.000000000000000e-01	1.912980112110182e-03	6.621724886447329e-03	-6.191385182319294e-16	-1.818989403545857e-18	2.957834693272139e+05	1.500842713539208e+04	8.534704998557512e-03	3.747926252719857e+04	8.331551951178024e+03	8.475317088347309e+03	2.724105472815475e-17	-inf	
8	4.000000000000000e-01	2.000000000000000e-01	1.912980112110182e-03	6.621724886447329e-03	-6.568825483555108e-16	2.864908310584724e-16	2.957834693272139e+05	1.500842713539208e+04	8.534704998557512e-03	3.747926252719857e+04	8.331551951178024e+03	8.475317088347309e+03	3.153078288324019e-17	-inf	
9	5.999999999999999e-01	2.000000000000000e-01	1.912980112110182e-03	6.621724886447329e-03	0.000000000000000e+00	7.589733286295095e-16	2.957834693272139e+05	1.500842713539208e+04	8.534704998557512e-03	3.747926252719857e+04	8.331551951178024e+03	8.475317088347309e+03	3.339340736417121e-17	-inf	
10	7.999999999999999e-01	2.000000000000000e-01	1.912980112110182e-03	6.621724886447329e-03	2.705746737774465e-16	-4.706635081674791e-16	2.957834693272139e+05	1.500842713539208e+04	8.534704998557512e-03	3.747926252719857e+04	8.331551951178024e+03	8.475317088347309e+03	2.388635725918141e-17	-inf	
11	1.000000000000000e+00	2.000000000000000e-01	1.912980112110183e-03	6.621724886447329e-03	5.125002644490459e-16	-2.553406375227500e-16	2.957834693272139e+05	1.500842713539208e+04	8.534704998557512e-03	3.747926252719857e+04	8.331551951178024e+03	8.475317088347309e+03	2.519273779413282e-17	-inf	
12	0.000000000000000e+00	3.999999999999999e-01	1.912980112110182e-03	6.621724886447329e-03	-1.261923898709981e-15	0.000000000000000e+00	2.957834693272139e+05	1.500842713539208e+04	8.534704998557512e-03	3.747926252719857e+04	8.331551951178024e+03	8.475317088347309e+03	5.552229205247346e-17	-inf	
13	2.000000000000000e-01	3.999999999999999e-01	1.912980112110182e-03	6.621724886447329e-03	6.090055873017385e-16	0.000000000000000e+00	2.957834693272139e+05	1.500842713539208e+04	8.534704998557512e-03	3.747926252719857e+04	8.331551951178024e+03	8.475317088347309e+03	2.679510714895045e-17	-inf	
14	3.999999999999999e-01	4.000000000000001e-01	1.912980112110183e-03	6.621724886447329e-03	2.220155916973550e-16	0.000000000000000e+00	2.957834693272139e+05	1.500842713539208e+04	8.534704998557512e-03	3.747926252719857e+04	8.331551951178024e+03	8.475317088347309e+03	9.768270919525733e-18	-inf	
15	6.000000000000001e-01	4.000000000000000e-01	1.912980112110183e-03	6.621724886447329e-03	-7.046310201985773e-16	-9.094947017729280e-19	2.957834693272139e+05	1.500842713539208e+04	8.534704998557512e-03	3.747926252719857e+04	8.331551951178024e+03	8.475317088347309e+03	3.100247322524678e-17	-inf	
16	8.000000000000000e-01	4.000000000000000e-01	1.912980112110182e-03	6.621724886447329e-03	-2.944489096989858e-16	0.000000000000000e+00	2.957834693272139e+05	1.500842713539208e+04	8.534704998557512e-03	3.747926252719857e+04	8.331551951178024e+03	8.475317088347309e+03	1.295520147891004e-17	-inf	
17	1.000000000000000e+00	4.000000000000000e-01	1.912980112110182e-03	6.621724886447329e-03	0.000000000000000e+00	0.000000000000000e+00	2.957834693272139e+05	1.500842713539208e+04	8.534704998557512e-03	3.747926252719857e+04	8.331551951178024e+03	8.475317088347309e+03	0.000000000000000e+00	-inf	
18	0.000000000000000e+00	6.000000000000000e-01	1.912980112110182e-03	6.621724886447329e-03	1.032731233863150e-15	2.846718416549265e-16	2.957834693272139e+05	1.500842713539208e+04	8.534704998557512e-03	3.747926252719857e+04	8.331551951178024e+03	8.475317088347309e+03	4.713290042888442e-17	-inf	
19	2.000000000000000e-01	6.000000000000000e-01	1.912980112110182e-03	6.621724886447329e-03	1.247594740345723e-17	1.818989403545857e-18	2.957834693272139e+05	1.500842713539208e+04	8.534704998557512e-03	3.747926252719857e+04	8.331551951178024e+03	8.475317088347309e+03	5.547220086239133e-19	-inf	
20	4.000000000000001e-01	6.000000000000002e-01	1.912980112110182e-03	6.621724886447329e-03	0.000000000000000e+00	-2.864908310584726e-16	2.957834693272139e+05	1.500842713539208e+04	8.534704998557512e-03	3.747926252719857e+04	8.331551951178024e+03	8.475317088347309e+03	1.260506089839895e-17	-inf	
21	6.000000000000000e-01	6.000000000000001e-01	1.912980112110182e-03	6.621724886447329e-03	-1.247594740345681e-17	-2.983142621815209e-16	2.957834693272139e+05	1.500842713539208e+04	8.534704998557512e-03	3.747926252719857e+04	8.331551951178024e+03	8.475317088347309e+03	1.313674303852614e-17	-inf	
22	8.000000000000000e-01	6.000000000000001e-01	1.912980112110182e-03	6.621724886447329e-03	3.678906068671497e-16	-9.094947017729286e-19	2.957834693272139e+05	1.500842713539208e+04	8.534704998557512e-03	3.747926252719857e+04	8.331551951178024e+03	8.475317088347309e+03	1.618654829973968e-17	-inf	
23	1.000000000000000e+00	6.000000000000001e-01	1.912980112110183e-03	6.621724886447329e-03	1.265107130166145e-15	-9.094947017729280e-19	2.957834693272139e+05	1.500842713539208e+04	8.534704998557512e-03	3.747926252719857e+04	8.331551951178024e+03	8.475317088347309e+03	5.566236266859452e-17	-inf	
24	0.000000000000000e+00	8.000000000000000e-01	1.912980112110183e-03	6.621724886447329e-03	-4.793037078343357e-16	0.000000000000000e+00	2.957834693272139e+05	1.500842713539208e+04	8.534704998557512e-03	3.747926252719857e+04	8.331551951178024e+03	8.475317088347309e+03	2.108846696335327e-17	-inf	
25	2.000000000000000e-01	8.000000000000000e-01	1.912980112110182e-03	6.621724886447329e-03	-2.983142621815209e-16	6.182290235301563e-16	2.957834693272139e+05	1.500842713539208e+04	8.534704998557512e-03	3.747926252719857e+04	8.331551951178024e+03	8.475317088347309e+03	3.020203328989057e-17	-inf	
26	3.999999999999999e-01	8.000000000000000e-01	1.912980112110182e-03	6.621724886447329e-03	-9.094947017729284e-19	0.000000000000000e+00	2.957834693272139e+05	1.500842713539208e+04	8.534704998557512e-03	3.747926252719857e+04	8.331551951178024e+03	8.475317088347309e+03	4.001606634412365e-20	-inf	
27	6.000000000000000e-01	8.000000000000000e-01	1.912980112110182e-03	6.621724886447329e-03	0.000000000000000e+00	-6.400568963727094e-16	2.957834693272139e+05	1.500842713539208e+04	8.534704998557512e-03	3.747926252719857e+04	8.331551951178024e+03	8.475317088347309e+03	2.816130668967751e-17	-inf	
28	8.000000000000000e-01	8.000000000000000e-01	1.912980112110182e-03	6.621724886447329e-03	0.000000000000000e+00	2.808064891723908e-16	2.957834693272139e+05	1.500842713539208e+04	8.534704998557512e-03	3.747926252719857e+04	8.331551951178024e+03	8.475317088347309e+03	1.235496048374814e-17	-inf	
29	1.000000000000000e+00	8.000000000000000e-01	1.912980112110182e-03	6.621724886447329e-03	-9.231371222994972e-16	-2.714841684792206e-16	2.957834693272139e+05	1.500842713539208e+04	8.534704998557512e-03	3.747926252719857e+04	8.331551951178024e+03	8.475317088347309e+03	4.233630320034802e-17	-inf	
30	0.000000000000000e+00	1.000000000000000e+00	1.912980112110182e-03	6.621724886447329e-03	1.818989403545857e-18	-5.711626727133993e-16	2.957834693272139e+05	1.500842713539208e+04	8.534704998557512e-03	3.747926252719857e+04	8.331551951178024e+03	8.475317088347309e+03	2.513021710348826e-17	-inf	
31	2.000000000000000e-01	1.000000000000000e+00	1.912980112110182e-03	6.621724886447329e-03	0.000000000000000e+00	0.000000000000000e+00	2.957834693272139e+05	1.500842713539208e+04	8.534704998557512e-03	3.747926252719857e+04	8.331551951178024e+03	8.475317088347309e+03	0.000000000000000e+00	-inf	
32	3.999999999999999e-01	1.000000000000000e+00	1.912980112110182e-03	6.621724886447329e-03	0.000000000000000e+00	0.000000000000000e+00	2.957834693272139e+05	1.500842713539208e+04	8.534704998557512e-03	3.747926252719857e+04	8.331551951178024e+03	8.475317088347309e+03	0.000000000000000e+00	-inf	
33	6.000000000000000e-01	1.000000000000000e+00	1.912980112110182e-03	6.621724886447329e-03	2.967226464534178e-16	-6.739355740137283e-16	2.957834693272139e+05	1.500842713539208e+04	8.534704998557512e-03	3.747926252719857e+04	8.331551951178024e+03	8.475317088347309e+03	3.239868537579873e-17	-inf	
34	8.000000000000000e-01	1.000000000000000e+00	1.912980112110183e-03	6.621724886447329e-03	0.000000000000000e+00	3.774403012357596e-16	2.957834693272139e+05	1.500842713539208e+04	8.534704998557512e-03	3.747926252719857e+04	8.331551951178024e+03	8.475317088347309e+03	1.660666753281106e-17	-inf	
35	1.000000000000000e+00	1.000000000000000e+00	1.912980112110182e-03	6.621724886447329e-03	-5.916263035032896e-16	5.320544005371623e-17	2.957834693272139e+05	1.500842713539208e+04	8.534704998557512e-03	3.747926252719857e+04	8.331551951178024e+03	8.475317088347309e+03	2.613550051092096e-17	-inf	
EXT_ITER= 7762
AOA= 0.000000000000000e+00
SIDESLIP_ANGLE= 0.000000000000000e+00
INITIAL_BCTHRUST= 4.000000000000000e+03
DCD_DCL_VALUE= 0.000000000000000e+00
DCMX_DCL_VALUE= 0.000000000000000e+00
DCMY_DCL_VALUE= 0.000000000000000e+00
DCMZ_DCL_VALUE= 0.000000000000000e+00
