"PointID"	"x"	"y"	"Density[0]"	"Density[1]"	"Momentum_x"	"Momentum_y"	"Energy"	"Electronic_Energy"	"Total_Density"	"Pressure"	"Temperature"	"Tve"	"Mach"	"C<sub>p</sub>"
0	0.000000000000000e+00	0.000000000000000e+00	2.107326380841672e-03	6.427378617715805e-03	0.000000000000000e+00	0.000000000000000e+00	2.957834693272139e+05	1.837370233137709e+04	8.534704998557477e-03	3.907348374029552e+04	8.798767485689488e+03	9.150818676620898e+03	0.000000000000000e+00	-inf	
1	2.000000000000000e-01	0.000000000000000e+00	2.107326380841672e-03	6.427378617715805e-03	0.000000000000000e+00	7.617018127348085e-16	2.957834693272139e+05	1.837370233137709e+04	8.534704998557477e-03	3.907348374029552e+04	8.798767485689488e+03	9.150818676620898e+03	3.287850605561445e-17	-inf	
2	4.000000000000000e-01	0.000000000000000e+00	2.107326380841672e-03	6.427378617715805e-03	0.000000000000000e+00	-6.252776074688807e-16	2.957834693272139e+05	1.837370233137709e+04	8.534704998557477e-03	3.907348374029552e+04	8.798767485689488e+03	9.150818676620898e+03	2.698981840386296e-17	-inf	
3	6.000000000000001e-01	0.000000000000000e+00	2.107326380841672e-03	6.427378617715805e-03	0.000000000000000e+00	-1.909938873723166e-16	2.957834693272139e+05	1.837370233137709e+04	8.534704998557477e-03	3.907348374029552e+04	8.798767485689488e+03	9.150818676620898e+03	8.244162712452858e-18	-inf	
4	8.000000000000000e-01	0.000000000000000e+00	2.107326380841672e-03	6.427378617715805e-03	1.575699570821590e-16	0.000000000000000e+00	2.957834693272139e+05	1.837370233137709e+04	8.534704998557477e-03	3.907348374029552e+04	8.798767485689488e+03	9.150818676620898e+03	6.801434237773511e-18	-inf	
5	1.000000000000000e+00	0.000000000000000e+00	2.107326380841673e-03	6.427378617715805e-03	2.601154847070552e-16	3.424247552175128e-16	2.957834693272139e+05	1.837370233137709e+04	8.534704998557477e-03	3.907348374029554e+04	8.798767485689494e+03	9.150818676620898e+03	1.856149262805000e-17	-inf	
6	0.000000000000000e+00	2.000000000000000e-01	2.107326380841672e-03	6.427378617715805e-03	0.000000000000000e+00	0.000000000000000e+00	2.957834693272139e+05	1.837370233137709e+04	8.534704998557477e-03	3.907348374029552e+04	8.798767485689488e+03	9.150818676620898e+03	0.000000000000000e+00	-inf	
7	2.000000000000000e-01	2.000000000000000e-01	2.107326380841672e-03	6.427378617715805e-03	-3.276454663136925e-16	-1.818989403545857e-18	2.957834693272139e+05	1.837370233137709e+04	8.534704998557477e-03	3.907348374029552e+04	8.798767485689488e+03	9.150818676620898e+03	1.414288279013455e-17	-inf	
8	4.000000000000000e-01	2.000000000000000e-01	2.107326380841672e-03	6.427378617715805e-03	-3.799414116656314e-16	1.593889464857048e-16	2.957834693272139e+05	1.837370233137709e+04	8.534704998557477e-03	3.907348374029552e+04	8.798767485689488e+03	9.150818676620898e+03	1.778464373050569e-17	-inf	
9	5.999999999999999e-01	2.000000000000000e-01	2.107326380841672e-03	6.427378617715805e-03	0.000000000000000e+00	2.582964953035128e-16	2.957834693272139e+05	1.837370233137709e+04	8.534704998557477e-03	3.907348374029552e+04	8.798767485689488e+03	9.150818676620898e+03	1.114924862065048e-17	-inf	
10	7.999999999999999e-01	2.000000000000000e-01	2.107326380841672e-03	6.427378617715805e-03	1.464286469854414e-16	-1.857642928371236e-16	2.957834693272139e+05	1.837370233137709e+04	8.534704998557477e-03	3.907348374029552e+04	8.798767485689488e+03	9.150818676620898e+03	1.021000723279169e-17	-inf	
11	1.000000000000000e+00	2.000000000000000e-01	2.107326380841673e-03	6.427378617715805e-03	2.669366949703535e-16	-1.286935003008685e-16	2.957834693272139e+05	1.837370233137709e+04	8.534704998557477e-03	3.907348374029554e+04	8.798767485689494e+03	9.150818676620898e+03	1.279136581570333e-17	-inf	
12	0.000000000000000e+00	3.999999999999999e-01	2.107326380841672e-03	6.427378617715805e-03	-8.371898729819552e-16	0.000000000000000e+00	2.957834693272139e+05	1.837370233137709e+04	8.534704998557477e-03	3.907348374029552e+04	8.798767485689488e+03	9.150818676620898e+03	3.613691322291694e-17	-inf	
13	2.000000000000000e-01	3.999999999999999e-01	2.107326380841672e-03	6.427378617715805e-03	3.201217797342165e-16	0.000000000000000e+00	2.957834693272139e+05	1.837370233137709e+04	8.534704998557477e-03	3.907348374029552e+04	8.798767485689488e+03	9.150818676620898e+03	1.381790839611656e-17	-inf	
14	3.999999999999999e-01	4.000000000000001e-01	2.107326380841673e-03	6.427378617715805e-03	1.104832509755553e-16	0.000000000000000e+00	2.957834693272139e+05	1.837370233137709e+04	8.534704998557477e-03	3.907348374029554e+04	8.798767485689494e+03	9.150818676620898e+03	4.768958371257617e-18	-inf	
15	6.000000000000001e-01	4.000000000000000e-01	2.107326380841673e-03	6.427378617715805e-03	-2.060005499515698e-16	-9.094947017729280e-19	2.957834693272139e+05	1.837370233137709e+04	8.534704998557477e-03	3.907348374029554e+04	8.798767485689494e+03	9.150818676620898e+03	8.892005015793189e-18	-inf	
16	8.000000000000000e-01	4.000000000000000e-01	2.107326380841672e-03	6.427378617715805e-03	-1.632542989682402e-16	0.000000000000000e+00	2.957834693272139e+05	1.837370233137709e+04	8.534704998557477e-03	3.907348374029552e+04	8.798767485689488e+03	9.150818676620898e+03	7.046796223263194e-18	-inf	
17	1.000000000000000e+00	4.000000000000000e-01	2.107326380841672e-03	6.427378617715805e-03	0.000000000000000e+00	0.000000000000000e+00	2.957834693272139e+05	1.837370233137709e+04	8.534704998557477e-03	3.907348374029552e+04	8.798767485689488e+03	9.150818676620898e+03	0.000000000000000e+00	-inf	
18	0.000000000000000e+00	6.000000000000000e-01	2.107326380841672e-03	6.427378617715805e-03	6.252776074688807e-16	1.575699570821589e-16	2.957834693272139e+05	1.837370233137709e+04	8.534704998557477e-03	3.907348374029552e+04	8.798767485689488e+03	9.150818676620898e+03	2.783360927303998e-17	-inf	
19	2.000000000000000e-01	6.000000000000000e-01	2.107326380841672e-03	6.427378617715805e-03	-3.164565146631826e-17	1.818989403545857e-18	2.957834693272139e+05	1.837370233137709e+04	8.534704998557477e-03	3.907348374029552e+04	8.798767485689488e+03	9.150818676620898e+03	1.368224573677719e-18	-inf	
20	4.000000000000001e-01	6.000000000000002e-01	2.107326380841672e-03	6.427378617715805e-03	0.000000000000000e+00	-1.593889464857050e-16	2.957834693272139e+05	1.837370233137709e+04	8.534704998557477e-03	3.907348374029552e+04	8.798767485689488e+03	9.150818676620898e+03	6.879950073130209e-18	-inf	
21	6.000000000000000e-01	6.000000000000001e-01	2.107326380841672e-03	6.427378617715805e-03	3.164565146631845e-17	-1.646185410208996e-16	2.957834693272139e+05	1.837370233137709e+04	8.534704998557477e-03	3.907348374029552e+04	8.798767485689488e+03	9.150818676620898e+03	7.235786485387964e-18	-inf	
22	8.000000000000000e-01	6.000000000000001e-01	2.107326380841672e-03	6.427378617715805e-03	1.641637936700129e-16	-9.094947017729286e-19	2.957834693272139e+05	1.837370233137709e+04	8.534704998557477e-03	3.907348374029552e+04	8.798767485689488e+03	9.150818676620898e+03	7.086162887801484e-18	-inf	
23	1.000000000000000e+00	6.000000000000001e-01	2.107326380841673e-03	6.427378617715805e-03	4.129105946049125e-16	-9.094947017729280e-19	2.957834693272139e+05	1.837370233137709e+04	8.534704998557477e-03	3.907348374029554e+04	8.798767485689494e+03	9.150818676620898e+03	1.782313786150919e-17	-inf	
24	0.000000000000000e+00	8.000000000000000e-01	2.107326380841673e-03	6.427378617715805e-03	-2.210072125308228e-16	0.000000000000000e+00	2.957834693272139e+05	1.837370233137709e+04	8.534704998557477e-03	3.907348374029554e+04	8.798767485689494e+03	9.150818676620898e+03	9.539673995838271e-18	-inf	
25	2.000000000000000e-01	8.000000000000000e-01	2.107326380841672e-03	6.427378617715805e-03	-1.646185410208996e-16	3.267359716119196e-16	2.957834693272139e+05	1.837370233137709e+04	8.534704998557477e-03	3.907348374029552e+04	8.798767485689488e+03	9.150818676620898e+03	1.579230253108537e-17	-inf	
26	3.999999999999999e-01	8.000000000000000e-01	2.107326380841672e-03	6.427378617715805e-03	-9.094947017729284e-19	0.000000000000000e+00	2.957834693272139e+05	1.837370233137709e+04	8.534704998557477e-03	3.907348374029552e+04	8.798767485689488e+03	9.150818676620898e+03	3.925791767834660e-20	-inf	
27	6.000000000000000e-01	8.000000000000000e-01	2.107326380841672e-03	6.427378617715805e-03	0.000000000000000e+00	-3.262812242610331e-16	2.957834693272139e+05	1.837370233137709e+04	8.534704998557477e-03	3.907348374029552e+04	8.798767485689488e+03	9.150818676620898e+03	1.408377796710663e-17	-inf	
28	8.000000000000000e-01	8.000000000000000e-01	2.107326380841672e-03	6.427378617715805e-03	0.000000000000000e+00	1.573425834067154e-16	2.957834693272139e+05	1.837370233137709e+04	8.534704998557477e-03	3.907348374029552e+04	8.798767485689488e+03	9.150818676620898e+03	6.791619758353909e-18	-inf	
29	1.000000000000000e+00	8.000000000000000e-01	2.107326380841672e-03	6.427378617715805e-03	-1.891748979687707e-16	-1.468833943363284e-16	2.957834693272139e+05	1.837370233137709e+04	8.534704998557477e-03	3.907348374029552e+04	8.798767485689488e+03	9.150818676620898e+03	1.033805290783170e-17	-inf	
30	0.000000000000000e+00	1.000000000000000e+00	2.107326380841672e-03	6.427378617715805e-03	1.818989403545857e-18	-3.169589035678641e-16	2.957834693272139e+05	1.837370233137709e+04	8.534704998557477e-03	3.907348374029552e+04	8.798767485689488e+03	9.150818676620898e+03	1.368160960556339e-17	-inf	
31	2.000000000000000e-01	1.000000000000000e+00	2.107326380841672e-03	6.427378617715805e-03	0.000000000000000e+00	0.000000000000000e+00	2.957834693272139e+05	1.837370233137709e+04	8.534704998557477e-03	3.907348374029552e+04	8.798767485689488e+03	9.150818676620898e+03	0.000000000000000e+00	-inf	
32	3.999999999999999e-01	1.000000000000000e+00	2.107326380841672e-03	6.427378617715805e-03	0.000000000000000e+00	0.000000000000000e+00	2.957834693272139e+05	1.837370233137709e+04	8.534704998557477e-03	3.907348374029552e+04	8.798767485689488e+03	9.150818676620898e+03	0.000000000000000e+00	-inf	
33	6.000000000000000e-01	1.000000000000000e+00	2.107326380841672e-03	6.427378617715805e-03	1.655280357226720e-16	-1.600710675120363e-16	2.957834693272139e+05	1.837370233137709e+04	8.534704998557477e-03	3.907348374029552e+04	8.798767485689488e+03	9.150818676620898e+03	9.939310883466398e-18	-inf	
34	8.000000000000000e-01	1.000000000000000e+00	2.107326380841673e-03	6.427378617715805e-03	0.000000000000000e+00	5.916263035032925e-16	2.957834693272139e+05	1.837370233137709e+04	8.534704998557477e-03	3.907348374029554e+04	8.798767485689494e+03	9.150818676620898e+03	2.553727544976456e-17	-inf	
35	1.000000000000000e+00	1.000000000000000e+00	2.107326380841672e-03	6.427378617715805e-03	-3.292370820417982e-16	-3.383320290595345e-16	2.957834693272139e+05	1.837370233137709e+04	8.534704998557477e-03	3.907348374029552e+04	8.798767485689488e+03	9.150818676620898e+03	2.037739310641351e-17	-inf	
EXT_ITER= 3476
AOA= 0.000000000000000e+00
SIDESLIP_ANGLE= 0.000000000000000e+00
INITIAL_BCTHRUST= 4.000000000000000e+03
DCD_DCL_VALUE= 0.000000000000000e+00
DCMX_DCL_VALUE= 0.000000000000000e+00
DCMY_DCL_VALUE= 0.000000000000000e+00
DCMZ_DCL_VALUE= 0.000000000000000e+00
