"PointID"	"x"	"y"	"Density[0]"	"Density[1]"	"Momentum_x"	"Momentum_y"	"Energy"	"Electronic_Energy"	"Total_Density"	"Pressure"	"Temperature"	"Tve"	"Mach"	"C<sub>p</sub>"
0	0.000000000000000e+00	0.000000000000000e+00	1.858418563579878e-03	6.676286434977627e-03	0.000000000000000e+00	0.000000000000000e+00	2.957834693272139e+05	1.416482829158178e+04	8.534704998557505e-03	3.696261691726060e+04	8.187229683572115e+03	8.301529027819164e+03	0.000000000000000e+00	-inf	
1	2.000000000000000e-01	0.000000000000000e+00	1.858418563579878e-03	6.676286434977627e-03	0.000000000000000e+00	1.512489689048433e-15	2.957834693272139e+05	1.416482829158178e+04	8.534704998557505e-03	3.696261691726060e+04	8.187229683572115e+03	8.301529027819164e+03	6.697843481053090e-17	-inf	
2	4.000000000000000e-01	0.000000000000000e+00	1.858418563579878e-03	6.676286434977627e-03	0.000000000000000e+00	-1.209173206007121e-15	2.957834693272139e+05	1.416482829158178e+04	8.534704998557505e-03	3.696261691726060e+04	8.187229683572115e+03	8.301529027819164e+03	5.354649974780436e-17	-inf	
3	6.000000000000001e-01	0.000000000000000e+00	1.858418563579878e-03	6.676286434977627e-03	0.000000000000000e+00	-1.253283699043118e-15	2.957834693272139e+05	1.416482829158178e+04	8.534704998557505e-03	3.696261691726060e+04	8.187229683572115e+03	8.301529027819164e+03	5.549986961449789e-17	-inf	
4	8.000000000000000e-01	0.000000000000000e+00	1.858418563579878e-03	6.676286434977627e-03	4.201865522190922e-16	0.000000000000000e+00	2.957834693272139e+05	1.416482829158178e+04	8.534704998557505e-03	3.696261691726060e+04	8.187229683572115e+03	8.301529027819164e+03	1.860735831777759e-17	-inf	
5	1.000000000000000e+00	0.000000000000000e+00	1.858418563579879e-03	6.676286434977627e-03	8.003553375601779e-16	-1.164153218269347e-16	2.957834693272139e+05	1.416482829158178e+04	8.534704998557506e-03	3.696261691726060e+04	8.187229683572115e+03	8.301529027819164e+03	3.581555472565189e-17	-inf	
6	0.000000000000000e+00	2.000000000000000e-01	1.858418563579878e-03	6.676286434977627e-03	0.000000000000000e+00	0.000000000000000e+00	2.957834693272139e+05	1.416482829158178e+04	8.534704998557505e-03	3.696261691726060e+04	8.187229683572115e+03	8.301529027819164e+03	0.000000000000000e+00	-inf	
7	2.000000000000000e-01	2.000000000000000e-01	1.858418563579878e-03	6.676286434977627e-03	-8.060396794462910e-16	-1.818989403545857e-18	2.957834693272139e+05	1.416482829158178e+04	8.534704998557505e-03	3.696261691726060e+04	8.187229683572115e+03	8.301529027819164e+03	3.569440108289022e-17	-inf	
8	4.000000000000000e-01	2.000000000000000e-01	1.858418563579878e-03	6.676286434977627e-03	-7.553353498224434e-16	4.220055416226380e-16	2.957834693272139e+05	1.416482829158178e+04	8.534704998557505e-03	3.696261691726060e+04	8.187229683572115e+03	8.301529027819164e+03	3.831539730402991e-17	-inf	
9	5.999999999999999e-01	2.000000000000000e-01	1.858418563579878e-03	6.676286434977627e-03	0.000000000000000e+00	1.066382537828754e-15	2.957834693272139e+05	1.416482829158178e+04	8.534704998557505e-03	3.696261691726060e+04	8.187229683572115e+03	8.301529027819164e+03	4.722321997314754e-17	-inf	
10	7.999999999999999e-01	2.000000000000000e-01	1.858418563579878e-03	6.676286434977627e-03	4.022240318590766e-16	-6.573372957063974e-16	2.957834693272139e+05	1.416482829158178e+04	8.534704998557505e-03	3.696261691726060e+04	8.187229683572115e+03	8.301529027819164e+03	3.412641274835351e-17	-inf	
11	1.000000000000000e+00	2.000000000000000e-01	1.858418563579879e-03	6.676286434977627e-03	7.948983693495408e-16	-3.963123162975538e-16	2.957834693272139e+05	1.416482829158178e+04	8.534704998557506e-03	3.696261691726060e+04	8.187229683572115e+03	8.301529027819164e+03	3.933335082199830e-17	-inf	
12	0.000000000000000e+00	3.999999999999999e-01	1.858418563579878e-03	6.676286434977627e-03	-1.253283699043162e-15	0.000000000000000e+00	2.957834693272139e+05	1.416482829158178e+04	8.534704998557505e-03	3.696261691726060e+04	8.187229683572115e+03	8.301529027819164e+03	5.549986961449984e-17	-inf	
13	2.000000000000000e-01	3.999999999999999e-01	1.858418563579878e-03	6.676286434977627e-03	8.039462905102783e-16	0.000000000000000e+00	2.957834693272139e+05	1.416482829158178e+04	8.534704998557505e-03	3.696261691726060e+04	8.187229683572115e+03	8.301529027819164e+03	3.560160746880075e-17	-inf	
14	3.999999999999999e-01	4.000000000000001e-01	1.858418563579879e-03	6.676286434977627e-03	3.241878353250540e-16	0.000000000000000e+00	2.957834693272139e+05	1.416482829158178e+04	8.534704998557506e-03	3.696261691726060e+04	8.187229683572115e+03	8.301529027819164e+03	1.435619293930336e-17	-inf	
15	6.000000000000001e-01	4.000000000000000e-01	1.858418563579879e-03	6.676286434977627e-03	-1.040007191477338e-15	-9.094947017729280e-19	2.957834693272139e+05	1.416482829158178e+04	8.534704998557506e-03	3.696261691726060e+04	8.187229683572115e+03	8.301529027819164e+03	4.605524323056220e-17	-inf	
16	8.000000000000000e-01	4.000000000000000e-01	1.858418563579878e-03	6.676286434977627e-03	-4.399680619826547e-16	0.000000000000000e+00	2.957834693272139e+05	1.416482829158178e+04	8.534704998557505e-03	3.696261691726060e+04	8.187229683572115e+03	8.301529027819164e+03	1.948335408273796e-17	-inf	
17	1.000000000000000e+00	4.000000000000000e-01	1.858418563579878e-03	6.676286434977627e-03	0.000000000000000e+00	0.000000000000000e+00	2.957834693272139e+05	1.416482829158178e+04	8.534704998557505e-03	3.696261691726060e+04	8.187229683572115e+03	8.301529027819164e+03	0.000000000000000e+00	-inf	
18	0.000000000000000e+00	6.000000000000000e-01	1.858418563579878e-03	6.676286434977627e-03	1.209173206007121e-15	4.201865522190921e-16	2.957834693272139e+05	1.416482829158178e+04	8.534704998557505e-03	3.696261691726060e+04	8.187229683572115e+03	8.301529027819164e+03	5.668740088245164e-17	-inf	
19	2.000000000000000e-01	6.000000000000000e-01	1.858418563579878e-03	6.676286434977627e-03	5.174714628706937e-17	1.818989403545857e-18	2.957834693272139e+05	1.416482829158178e+04	8.534704998557505e-03	3.696261691726060e+04	8.187229683572115e+03	8.301529027819164e+03	2.292963406794514e-18	-inf	
20	4.000000000000001e-01	6.000000000000002e-01	1.858418563579878e-03	6.676286434977627e-03	0.000000000000000e+00	-4.220055416226384e-16	2.957834693272139e+05	1.416482829158178e+04	8.534704998557505e-03	3.696261691726060e+04	8.187229683572115e+03	8.301529027819164e+03	1.868790965248660e-17	-inf	
21	6.000000000000000e-01	6.000000000000001e-01	1.858418563579878e-03	6.676286434977627e-03	-5.174714628706883e-17	-4.415596777107574e-16	2.957834693272139e+05	1.416482829158178e+04	8.534704998557505e-03	3.696261691726060e+04	8.187229683572115e+03	8.301529027819164e+03	1.968765386123745e-17	-inf	
22	8.000000000000000e-01	6.000000000000001e-01	1.858418563579878e-03	6.676286434977627e-03	8.551523933419922e-16	-9.094947017729286e-19	2.957834693272139e+05	1.416482829158178e+04	8.534704998557505e-03	3.696261691726060e+04	8.187229683572115e+03	8.301529027819164e+03	3.786921764759077e-17	-inf	
23	1.000000000000000e+00	6.000000000000001e-01	1.858418563579879e-03	6.676286434977627e-03	1.252374204341302e-15	-9.094947017729280e-19	2.957834693272139e+05	1.416482829158178e+04	8.534704998557506e-03	3.696261691726060e+04	8.187229683572115e+03	8.301529027819164e+03	5.545960857156489e-17	-inf	
24	0.000000000000000e+00	8.000000000000000e-01	1.858418563579879e-03	6.676286434977627e-03	-7.557900971733051e-16	0.000000000000000e+00	2.957834693272139e+05	1.416482829158178e+04	8.534704998557506e-03	3.696261691726060e+04	8.187229683572115e+03	8.301529027819164e+03	3.346907957158709e-17	-inf	
25	2.000000000000000e-01	8.000000000000000e-01	1.858418563579878e-03	6.676286434977627e-03	-4.415596777107575e-16	8.051301847445178e-16	2.957834693272139e+05	1.416482829158178e+04	8.534704998557505e-03	3.696261691726060e+04	8.187229683572115e+03	8.301529027819164e+03	4.066402217984661e-17	-inf	
26	3.999999999999999e-01	8.000000000000000e-01	1.858418563579878e-03	6.676286434977627e-03	-9.094947017729284e-19	0.000000000000000e+00	2.957834693272139e+05	1.416482829158178e+04	8.534704998557505e-03	3.696261691726060e+04	8.187229683572115e+03	8.301529027819164e+03	4.027566735449703e-20	-inf	
27	6.000000000000000e-01	8.000000000000000e-01	1.858418563579878e-03	6.676286434977627e-03	0.000000000000000e+00	-7.407834345940746e-16	2.957834693272139e+05	1.416482829158178e+04	8.534704998557505e-03	3.696261691726060e+04	8.187229683572115e+03	8.301529027819164e+03	3.280453106023891e-17	-inf	
28	8.000000000000000e-01	8.000000000000000e-01	1.858418563579878e-03	6.676286434977627e-03	0.000000000000000e+00	4.124558472540208e-16	2.957834693272139e+05	1.416482829158178e+04	8.534704998557505e-03	3.696261691726060e+04	8.187229683572115e+03	8.301529027819164e+03	1.826501514526430e-17	-inf	
29	1.000000000000000e+00	8.000000000000000e-01	1.858418563579878e-03	6.676286434977627e-03	-1.321950549026979e-15	-4.165485734120030e-16	2.957834693272139e+05	1.416482829158178e+04	8.534704998557505e-03	3.696261691726060e+04	8.187229683572115e+03	8.301529027819164e+03	6.137813824956455e-17	-inf	
30	0.000000000000000e+00	1.000000000000000e+00	1.858418563579878e-03	6.676286434977627e-03	1.818989403545857e-18	-8.421920938417304e-16	2.957834693272139e+05	1.416482829158178e+04	8.534704998557505e-03	3.696261691726060e+04	8.187229683572115e+03	8.301529027819164e+03	3.729535495864515e-17	-inf	
31	2.000000000000000e-01	1.000000000000000e+00	1.858418563579878e-03	6.676286434977627e-03	0.000000000000000e+00	0.000000000000000e+00	2.957834693272139e+05	1.416482829158178e+04	8.534704998557505e-03	3.696261691726060e+04	8.187229683572115e+03	8.301529027819164e+03	0.000000000000000e+00	-inf	
32	3.999999999999999e-01	1.000000000000000e+00	1.858418563579878e-03	6.676286434977627e-03	0.000000000000000e+00	0.000000000000000e+00	2.957834693272139e+05	1.416482829158178e+04	8.534704998557505e-03	3.696261691726060e+04	8.187229683572115e+03	8.301529027819164e+03	0.000000000000000e+00	-inf	
33	6.000000000000000e-01	1.000000000000000e+00	1.858418563579878e-03	6.676286434977627e-03	4.422417987370867e-16	-1.047737896442405e-15	2.957834693272139e+05	1.416482829158178e+04	8.534704998557505e-03	3.696261691726060e+04	8.187229683572115e+03	8.301529027819164e+03	5.036138540494647e-17	-inf	
34	8.000000000000000e-01	1.000000000000000e+00	1.858418563579879e-03	6.676286434977627e-03	0.000000000000000e+00	4.620233085006377e-16	2.957834693272139e+05	1.416482829158178e+04	8.534704998557506e-03	3.696261691726060e+04	8.187229683572115e+03	8.301529027819164e+03	2.046003901608404e-17	-inf	
35	1.000000000000000e+00	1.000000000000000e+00	1.858418563579878e-03	6.676286434977627e-03	-8.826646080706274e-16	8.594724931754156e-17	2.957834693272139e+05	1.416482829158178e+04	8.534704998557505e-03	3.696261691726060e+04	8.187229683572115e+03	8.301529027819164e+03	3.927240031341303e-17	-inf	
EXT_ITER= 9933
AOA= 0.000000000000000e+00
SIDESLIP_ANGLE= 0.000000000000000e+00
INITIAL_BCTHRUST= 4.000000000000000e+03
DCD_DCL_VALUE= 0.000000000000000e+00
DCMX_DCL_VALUE= 0.000000000000000e+00
DCMY_DCL_VALUE= 0.000000000000000e+00
DCMZ_DCL_VALUE= 0.000000000000000e+00
