"PointID"	"x"	"y"	"Density[0]"	"Density[1]"	"Momentum_x"	"Momentum_y"	"Energy"	"Electronic_Energy"	"Total_Density"	"Pressure"	"Temperature"	"Tve"	"Mach"	"C<sub>p</sub>"
0	0.000000000000000e+00	0.000000000000000e+00	2.347110961653696e-03	6.187594036903786e-03	0.000000000000000e+00	0.000000000000000e+00	2.957834693272139e+05	2.439294976362709e+04	8.534704998557482e-03	3.986335093887587e+04	9.122837790259931e+03	1.031498973305220e+04	0.000000000000000e+00	-inf	
1	2.000000000000000e-01	0.000000000000000e+00	2.347110961653696e-03	6.187594036903786e-03	0.000000000000000e+00	3.651621227618366e-16	2.957834693272139e+05	2.439294976362709e+04	8.534704998557482e-03	3.986335093887587e+04	9.122837790259931e+03	1.031498973305220e+04	1.563830388013044e-17	-inf	
2	4.000000000000000e-01	0.000000000000000e+00	2.347110961653696e-03	6.187594036903786e-03	0.000000000000000e+00	-2.637534635141526e-16	2.957834693272139e+05	2.439294976362709e+04	8.534704998557482e-03	3.986335093887587e+04	9.122837790259931e+03	1.031498973305220e+04	1.129541251615894e-17	-inf	
3	6.000000000000001e-01	0.000000000000000e+00	2.347110961653696e-03	6.187594036903786e-03	0.000000000000000e+00	-9.003997547551973e-17	2.957834693272139e+05	2.439294976362709e+04	8.534704998557482e-03	3.986335093887587e+04	9.122837790259931e+03	1.031498973305220e+04	3.856020134826615e-18	-inf	
4	8.000000000000000e-01	0.000000000000000e+00	2.347110961653696e-03	6.187594036903786e-03	5.047695594839755e-16	0.000000000000000e+00	2.957834693272139e+05	2.439294976362709e+04	8.534704998557482e-03	3.986335093887587e+04	9.122837790259931e+03	1.031498973305220e+04	2.161708257402805e-17	-inf	
5	1.000000000000000e+00	0.000000000000000e+00	2.347110961653697e-03	6.187594036903786e-03	9.790710464585553e-16	9.140421752817908e-17	2.957834693272139e+05	2.439294976362708e+04	8.534704998557482e-03	3.986335093887588e+04	9.122837790259937e+03	1.031498973305220e+04	4.211167640796578e-17	-inf	
6	0.000000000000000e+00	2.000000000000000e-01	2.347110961653696e-03	6.187594036903786e-03	0.000000000000000e+00	0.000000000000000e+00	2.957834693272139e+05	2.439294976362709e+04	8.534704998557482e-03	3.986335093887587e+04	9.122837790259931e+03	1.031498973305220e+04	0.000000000000000e+00	-inf	
7	2.000000000000000e-01	2.000000000000000e-01	2.347110961653696e-03	6.187594036903786e-03	-1.441549102310112e-16	-1.818989403545857e-18	2.957834693272139e+05	2.439294976362709e+04	8.534704998557482e-03	3.986335093887587e+04	9.122837790259931e+03	1.031498973305220e+04	6.174018644837212e-18	-inf	
8	4.000000000000000e-01	2.000000000000000e-01	2.347110961653696e-03	6.187594036903786e-03	-1.816715666791454e-16	5.065885488875212e-16	2.957834693272139e+05	2.439294976362709e+04	8.534704998557482e-03	3.986335093887587e+04	9.122837790259931e+03	1.031498973305220e+04	2.304785867777945e-17	-inf	
9	5.999999999999999e-01	2.000000000000000e-01	2.347110961653696e-03	6.187594036903786e-03	0.000000000000000e+00	5.491074261954043e-16	2.957834693272139e+05	2.439294976362709e+04	8.534704998557482e-03	3.986335093887587e+04	9.122837790259931e+03	1.031498973305220e+04	2.351588036769261e-17	-inf	
10	7.999999999999999e-01	2.000000000000000e-01	2.347110961653696e-03	6.187594036903786e-03	4.965841071680183e-16	-8.571987564209910e-17	2.957834693272139e+05	2.439294976362709e+04	8.534704998557482e-03	3.986335093887587e+04	9.122837790259931e+03	1.031498973305220e+04	2.158105258729654e-17	-inf	
11	1.000000000000000e+00	2.000000000000000e-01	2.347110961653697e-03	6.187594036903786e-03	9.849827620200791e-16	-4.911271389573802e-16	2.957834693272139e+05	2.439294976362708e+04	8.534704998557482e-03	3.986335093887588e+04	9.122837790259937e+03	1.031498973305220e+04	4.713539548798281e-17	-inf	
12	0.000000000000000e+00	3.999999999999999e-01	2.347110961653696e-03	6.187594036903786e-03	-4.024514055345276e-16	0.000000000000000e+00	2.957834693272139e+05	2.439294976362709e+04	8.534704998557482e-03	3.986335093887587e+04	9.122837790259931e+03	1.031498973305220e+04	1.723524151172535e-17	-inf	
13	2.000000000000000e-01	3.999999999999999e-01	2.347110961653696e-03	6.187594036903786e-03	6.011336134782619e-16	0.000000000000000e+00	2.957834693272139e+05	2.439294976362709e+04	8.534704998557482e-03	3.986335093887587e+04	9.122837790259931e+03	1.031498973305220e+04	2.574393545812856e-17	-inf	
14	3.999999999999999e-01	4.000000000000001e-01	2.347110961653697e-03	6.187594036903786e-03	4.633451661596623e-16	0.000000000000000e+00	2.957834693272139e+05	2.439294976362708e+04	8.534704998557482e-03	3.986335093887588e+04	9.122837790259937e+03	1.031498973305220e+04	1.984305616089383e-17	-inf	
15	6.000000000000001e-01	4.000000000000000e-01	2.347110961653697e-03	6.187594036903786e-03	-5.252331902738657e-16	-9.094947017729280e-19	2.957834693272139e+05	2.439294976362708e+04	8.534704998557482e-03	3.986335093887588e+04	9.122837790259937e+03	1.031498973305220e+04	2.249348450914587e-17	-inf	
16	8.000000000000000e-01	4.000000000000000e-01	2.347110961653696e-03	6.187594036903786e-03	-5.059064278611907e-16	0.000000000000000e+00	2.957834693272139e+05	2.439294976362709e+04	8.534704998557482e-03	3.986335093887587e+04	9.122837790259931e+03	1.031498973305220e+04	2.166576969694249e-17	-inf	
17	1.000000000000000e+00	4.000000000000000e-01	2.347110961653696e-03	6.187594036903786e-03	0.000000000000000e+00	0.000000000000000e+00	2.957834693272139e+05	2.439294976362709e+04	8.534704998557482e-03	3.986335093887587e+04	9.122837790259931e+03	1.031498973305220e+04	0.000000000000000e+00	-inf	
18	0.000000000000000e+00	6.000000000000000e-01	2.347110961653696e-03	6.187594036903786e-03	2.637534635141526e-16	5.047695594839754e-16	2.957834693272139e+05	2.439294976362709e+04	8.534704998557482e-03	3.986335093887587e+04	9.122837790259931e+03	1.031498973305220e+04	2.439025631112857e-17	-inf	
19	2.000000000000000e-01	6.000000000000000e-01	2.347110961653696e-03	6.187594036903786e-03	-1.008921050678958e-17	1.818989403545857e-18	2.957834693272139e+05	2.439294976362709e+04	8.534704998557482e-03	3.986335093887587e+04	9.122837790259931e+03	1.031498973305220e+04	4.390430675231807e-19	-inf	
20	4.000000000000001e-01	6.000000000000002e-01	2.347110961653696e-03	6.187594036903786e-03	0.000000000000000e+00	-5.065885488875216e-16	2.957834693272139e+05	2.439294976362709e+04	8.534704998557482e-03	3.986335093887587e+04	9.122837790259931e+03	1.031498973305220e+04	2.169498197069122e-17	-inf	
21	6.000000000000000e-01	6.000000000000001e-01	2.347110961653696e-03	6.187594036903786e-03	1.008921050678942e-17	-5.059064278611903e-16	2.957834693272139e+05	2.439294976362709e+04	8.534704998557482e-03	3.986335093887587e+04	9.122837790259931e+03	1.031498973305220e+04	2.167007768929521e-17	-inf	
22	8.000000000000000e-01	6.000000000000001e-01	2.347110961653696e-03	6.187594036903786e-03	5.068159225629635e-16	-9.094947017729286e-19	2.957834693272139e+05	2.439294976362709e+04	8.534704998557482e-03	3.986335093887587e+04	9.122837790259931e+03	1.031498973305220e+04	2.170475434338261e-17	-inf	
23	1.000000000000000e+00	6.000000000000001e-01	2.347110961653697e-03	6.187594036903786e-03	1.051375875249504e-15	-9.094947017729280e-19	2.957834693272139e+05	2.439294976362708e+04	8.534704998557482e-03	3.986335093887588e+04	9.122837790259937e+03	1.031498973305220e+04	4.502586811806097e-17	-inf	
24	0.000000000000000e+00	8.000000000000000e-01	2.347110961653697e-03	6.187594036903786e-03	-9.631548891775303e-16	0.000000000000000e+00	2.957834693272139e+05	2.439294976362708e+04	8.534704998557482e-03	3.986335093887588e+04	9.122837790259937e+03	1.031498973305220e+04	4.124773053314533e-17	-inf	
25	2.000000000000000e-01	8.000000000000000e-01	2.347110961653696e-03	6.187594036903786e-03	-5.059064278611903e-16	1.432454155292382e-16	2.957834693272139e+05	2.439294976362709e+04	8.534704998557482e-03	3.986335093887587e+04	9.122837790259931e+03	1.031498973305220e+04	2.251751801393105e-17	-inf	
26	3.999999999999999e-01	8.000000000000000e-01	2.347110961653696e-03	6.187594036903786e-03	-9.094947017729284e-19	0.000000000000000e+00	2.957834693272139e+05	2.439294976362709e+04	8.534704998557482e-03	3.986335093887587e+04	9.122837790259931e+03	1.031498973305220e+04	3.894969833158205e-20	-inf	
27	6.000000000000000e-01	8.000000000000000e-01	2.347110961653696e-03	6.187594036903786e-03	0.000000000000000e+00	-1.314219844061898e-16	2.957834693272139e+05	2.439294976362709e+04	8.534704998557482e-03	3.986335093887587e+04	9.122837790259931e+03	1.031498973305220e+04	5.628231408913679e-18	-inf	
28	8.000000000000000e-01	8.000000000000000e-01	2.347110961653696e-03	6.187594036903786e-03	0.000000000000000e+00	5.047695594839747e-16	2.957834693272139e+05	2.439294976362709e+04	8.534704998557482e-03	3.986335093887587e+04	9.122837790259931e+03	1.031498973305220e+04	2.161708257402801e-17	-inf	
29	1.000000000000000e+00	8.000000000000000e-01	2.347110961653696e-03	6.187594036903786e-03	-8.822098607197387e-17	-4.979483492206775e-16	2.957834693272139e+05	2.439294976362709e+04	8.534704998557482e-03	3.986335093887587e+04	9.122837790259931e+03	1.031498973305220e+04	2.165705677930945e-17	-inf	
30	0.000000000000000e+00	1.000000000000000e+00	2.347110961653696e-03	6.187594036903786e-03	1.818989403545857e-18	-1.011358108371497e-15	2.957834693272139e+05	2.439294976362709e+04	8.534704998557482e-03	3.986335093887587e+04	9.122837790259931e+03	1.031498973305220e+04	4.331213459807687e-17	-inf	
31	2.000000000000000e-01	1.000000000000000e+00	2.347110961653696e-03	6.187594036903786e-03	0.000000000000000e+00	0.000000000000000e+00	2.957834693272139e+05	2.439294976362709e+04	8.534704998557482e-03	3.986335093887587e+04	9.122837790259931e+03	1.031498973305220e+04	0.000000000000000e+00	-inf	
32	3.999999999999999e-01	1.000000000000000e+00	2.347110961653696e-03	6.187594036903786e-03	0.000000000000000e+00	0.000000000000000e+00	2.957834693272139e+05	2.439294976362709e+04	8.534704998557482e-03	3.986335093887587e+04	9.122837790259931e+03	1.031498973305220e+04	0.000000000000000e+00	-inf	
33	6.000000000000000e-01	1.000000000000000e+00	2.347110961653696e-03	6.187594036903786e-03	5.081801646156226e-16	-8.731149137020095e-17	2.957834693272139e+05	2.439294976362709e+04	8.534704998557482e-03	3.986335093887587e+04	9.122837790259931e+03	1.031498973305220e+04	2.208202514125246e-17	-inf	
34	8.000000000000000e-01	1.000000000000000e+00	2.347110961653697e-03	6.187594036903786e-03	0.000000000000000e+00	1.020453055389227e-15	2.957834693272139e+05	2.439294976362708e+04	8.534704998557482e-03	3.986335093887588e+04	9.122837790259937e+03	1.031498973305220e+04	4.370156152803510e-17	-inf	
35	1.000000000000000e+00	1.000000000000000e+00	2.347110961653696e-03	6.187594036903786e-03	-1.014541339827699e-15	-8.276401786133628e-17	2.957834693272139e+05	2.439294976362709e+04	8.534704998557482e-03	3.986335093887587e+04	9.122837790259931e+03	1.031498973305220e+04	4.359272179482047e-17	-inf	
EXT_ITER= 1503
AOA= 0.000000000000000e+00
SIDESLIP_ANGLE= 0.000000000000000e+00
INITIAL_BCTHRUST= 4.000000000000000e+03
DCD_DCL_VALUE= 0.000000000000000e+00
DCMX_DCL_VALUE= 0.000000000000000e+00
DCMY_DCL_VALUE= 0.000000000000000e+00
DCMZ_DCL_VALUE= 0.000000000000000e+00
