"PointID"	"x"	"y"	"Density[0]"	"Density[1]"	"Momentum_x"	"Momentum_y"	"Energy"	"Electronic_Energy"	"Total_Density"	"Pressure"	"Temperature"	"Tve"	"Mach"	"C<sub>p</sub>"
0	0.000000000000000e+00	0.000000000000000e+00	1.889824894244656e-03	6.644880104312857e-03	0.000000000000000e+00	0.000000000000000e+00	2.957834693272139e+05	1.464721278570405e+04	8.534704998557512e-03	3.726237098428197e+04	8.270701915980948e+03	8.401019223339083e+03	0.000000000000000e+00	-inf	
1	2.000000000000000e-01	0.000000000000000e+00	1.889824894244656e-03	6.644880104312857e-03	0.000000000000000e+00	1.385615178151093e-15	2.957834693272139e+05	1.464721278570405e+04	8.534704998557512e-03	3.726237098428197e+04	8.270701915980948e+03	8.401019223339083e+03	6.112933978553955e-17	-inf	
2	4.000000000000000e-01	0.000000000000000e+00	1.889824894244656e-03	6.644880104312857e-03	0.000000000000000e+00	-1.101852831197901e-15	2.957834693272139e+05	1.464721278570405e+04	8.534704998557512e-03	3.726237098428197e+04	8.270701915980948e+03	8.401019223339083e+03	4.861056458823703e-17	-inf	
3	6.000000000000001e-01	0.000000000000000e+00	1.889824894244656e-03	6.644880104312857e-03	0.000000000000000e+00	-1.083662937162440e-15	2.957834693272139e+05	1.464721278570405e+04	8.534704998557512e-03	3.726237098428197e+04	8.270701915980948e+03	8.401019223339083e+03	4.780807899866636e-17	-inf	
4	8.000000000000000e-01	0.000000000000000e+00	1.889824894244656e-03	6.644880104312857e-03	3.383320290595289e-16	0.000000000000000e+00	2.957834693272139e+05	1.464721278570405e+04	8.534704998557512e-03	3.726237098428197e+04	8.270701915980948e+03	8.401019223339083e+03	1.492623196601253e-17	-inf	
5	1.000000000000000e+00	0.000000000000000e+00	1.889824894244656e-03	6.644880104312857e-03	6.530171958729641e-16	-1.164153218269347e-16	2.957834693272139e+05	1.464721278570406e+04	8.534704998557513e-03	3.726237098428195e+04	8.270701915980944e+03	8.401019223339083e+03	2.926344879598209e-17	-inf	
6	0.000000000000000e+00	2.000000000000000e-01	1.889824894244656e-03	6.644880104312857e-03	0.000000000000000e+00	0.000000000000000e+00	2.957834693272139e+05	1.464721278570405e+04	8.534704998557512e-03	3.726237098428197e+04	8.270701915980948e+03	8.401019223339083e+03	0.000000000000000e+00	-inf	
7	2.000000000000000e-01	2.000000000000000e-01	1.889824894244656e-03	6.644880104312857e-03	-6.934897101018762e-16	-1.818989403545857e-18	2.957834693272139e+05	1.464721278570405e+04	8.534704998557512e-03	3.726237098428197e+04	8.270701915980948e+03	8.401019223339083e+03	3.059486834620941e-17	-inf	
8	4.000000000000000e-01	2.000000000000000e-01	1.889824894244656e-03	6.644880104312857e-03	-6.918980943737732e-16	3.401510184630747e-16	2.957834693272139e+05	1.464721278570405e+04	8.534704998557512e-03	3.726237098428197e+04	8.270701915980948e+03	8.401019223339083e+03	3.401385515704135e-17	-inf	
9	5.999999999999999e-01	2.000000000000000e-01	1.889824894244656e-03	6.644880104312857e-03	0.000000000000000e+00	8.983533916762074e-16	2.957834693272139e+05	1.464721278570405e+04	8.534704998557512e-03	3.726237098428197e+04	8.270701915980948e+03	8.401019223339083e+03	3.963275705491627e-17	-inf	
10	7.999999999999999e-01	2.000000000000000e-01	1.889824894244656e-03	6.644880104312857e-03	3.235527401557192e-16	-5.402398528531173e-16	2.957834693272139e+05	1.464721278570405e+04	8.534704998557512e-03	3.726237098428197e+04	8.270701915980948e+03	8.401019223339083e+03	2.778136447252795e-17	-inf	
11	1.000000000000000e+00	2.000000000000000e-01	1.889824894244656e-03	6.644880104312857e-03	6.411937647499156e-16	-3.215063770767308e-16	2.957834693272139e+05	1.464721278570406e+04	8.534704998557513e-03	3.726237098428195e+04	8.270701915980944e+03	8.401019223339083e+03	3.164448177678694e-17	-inf	
12	0.000000000000000e+00	3.999999999999999e-01	1.889824894244656e-03	6.644880104312857e-03	-1.257831172552013e-15	0.000000000000000e+00	2.957834693272139e+05	1.464721278570405e+04	8.534704998557512e-03	3.726237098428197e+04	8.270701915980948e+03	8.401019223339083e+03	5.549187851880703e-17	-inf	
13	2.000000000000000e-01	3.999999999999999e-01	1.889824894244656e-03	6.644880104312857e-03	6.898182714871920e-16	0.000000000000000e+00	2.957834693272139e+05	1.464721278570405e+04	8.534704998557512e-03	3.726237098428197e+04	8.270701915980948e+03	8.401019223339083e+03	3.043278983439076e-17	-inf	
14	3.999999999999999e-01	4.000000000000001e-01	1.889824894244656e-03	6.644880104312857e-03	2.669032351627778e-16	0.000000000000000e+00	2.957834693272139e+05	1.464721278570406e+04	8.534704998557513e-03	3.726237098428195e+04	8.270701915980944e+03	8.401019223339083e+03	1.177499987687497e-17	-inf	
15	6.000000000000001e-01	4.000000000000000e-01	1.889824894244656e-03	6.644880104312857e-03	-8.476490620523655e-16	-9.094947017729280e-19	2.957834693272139e+05	1.464721278570406e+04	8.534704998557513e-03	3.726237098428195e+04	8.270701915980944e+03	8.401019223339083e+03	3.739584999988308e-17	-inf	
16	8.000000000000000e-01	4.000000000000000e-01	1.889824894244656e-03	6.644880104312857e-03	-3.526565706124533e-16	0.000000000000000e+00	2.957834693272139e+05	1.464721278570405e+04	8.534704998557512e-03	3.726237098428197e+04	8.270701915980948e+03	8.401019223339083e+03	1.555818936779938e-17	-inf	
17	1.000000000000000e+00	4.000000000000000e-01	1.889824894244656e-03	6.644880104312857e-03	0.000000000000000e+00	0.000000000000000e+00	2.957834693272139e+05	1.464721278570405e+04	8.534704998557512e-03	3.726237098428197e+04	8.270701915980948e+03	8.401019223339083e+03	0.000000000000000e+00	-inf	
18	0.000000000000000e+00	6.000000000000000e-01	1.889824894244656e-03	6.644880104312857e-03	1.101852831197901e-15	3.383320290595288e-16	2.957834693272139e+05	1.464721278570405e+04	8.534704998557512e-03	3.726237098428197e+04	8.270701915980948e+03	8.401019223339083e+03	5.085055939014220e-17	-inf	
19	2.000000000000000e-01	6.000000000000000e-01	1.889824894244656e-03	6.644880104312857e-03	2.721792143803568e-17	1.818989403545857e-18	2.957834693272139e+05	1.464721278570405e+04	8.534704998557512e-03	3.726237098428197e+04	8.270701915980948e+03	8.401019223339083e+03	1.203454625494738e-18	-inf	
20	4.000000000000001e-01	6.000000000000002e-01	1.889824894244656e-03	6.644880104312857e-03	0.000000000000000e+00	-3.401510184630749e-16	2.957834693272139e+05	1.464721278570405e+04	8.534704998557512e-03	3.726237098428197e+04	8.270701915980948e+03	8.401019223339083e+03	1.500648052496959e-17	-inf	
21	6.000000000000000e-01	6.000000000000001e-01	1.889824894244656e-03	6.644880104312857e-03	-2.721792143803525e-17	-3.583409124985344e-16	2.957834693272139e+05	1.464721278570405e+04	8.534704998557512e-03	3.726237098428197e+04	8.270701915980948e+03	8.401019223339083e+03	1.585450323457314e-17	-inf	
22	8.000000000000000e-01	6.000000000000001e-01	1.889824894244656e-03	6.644880104312857e-03	5.736637831432744e-16	-9.094947017729286e-19	2.957834693272139e+05	1.464721278570405e+04	8.534704998557512e-03	3.726237098428197e+04	8.270701915980948e+03	8.401019223339083e+03	2.530842108786278e-17	-inf	
23	1.000000000000000e+00	6.000000000000001e-01	1.889824894244656e-03	6.644880104312857e-03	1.256012183148408e-15	-9.094947017729280e-19	2.957834693272139e+05	1.464721278570406e+04	8.534704998557513e-03	3.726237098428195e+04	8.270701915980944e+03	8.401019223339083e+03	5.541164448710090e-17	-inf	
24	0.000000000000000e+00	8.000000000000000e-01	1.889824894244656e-03	6.644880104312857e-03	-6.029949872754533e-16	0.000000000000000e+00	2.957834693272139e+05	1.464721278570406e+04	8.534704998557513e-03	3.726237098428195e+04	8.270701915980944e+03	8.401019223339083e+03	2.660239729426438e-17	-inf	
25	2.000000000000000e-01	8.000000000000000e-01	1.889824894244656e-03	6.644880104312857e-03	-3.583409124985345e-16	6.925802154001030e-16	2.957834693272139e+05	1.464721278570405e+04	8.534704998557512e-03	3.726237098428197e+04	8.270701915980948e+03	8.401019223339083e+03	3.440217090836793e-17	-inf	
26	3.999999999999999e-01	8.000000000000000e-01	1.889824894244656e-03	6.644880104312857e-03	-9.094947017729284e-19	0.000000000000000e+00	2.957834693272139e+05	1.464721278570405e+04	8.534704998557512e-03	3.726237098428197e+04	8.270701915980948e+03	8.401019223339083e+03	4.012427947852835e-20	-inf	
27	6.000000000000000e-01	8.000000000000000e-01	1.889824894244656e-03	6.644880104312857e-03	0.000000000000000e+00	-6.796199158998371e-16	2.957834693272139e+05	1.464721278570405e+04	8.534704998557512e-03	3.726237098428197e+04	8.270701915980948e+03	8.401019223339083e+03	2.998286784033103e-17	-inf	
28	8.000000000000000e-01	8.000000000000000e-01	1.889824894244656e-03	6.644880104312857e-03	0.000000000000000e+00	3.337845555506635e-16	2.957834693272139e+05	1.464721278570405e+04	8.534704998557512e-03	3.726237098428197e+04	8.270701915980948e+03	8.401019223339083e+03	1.472561056861985e-17	-inf	
29	1.000000000000000e+00	8.000000000000000e-01	1.889824894244656e-03	6.644880104312857e-03	-1.081843947758894e-15	-3.292370820418017e-16	2.957834693272139e+05	1.464721278570405e+04	8.534704998557512e-03	3.726237098428197e+04	8.270701915980948e+03	8.401019223339083e+03	4.988908807450695e-17	-inf	
30	0.000000000000000e+00	1.000000000000000e+00	1.889824894244656e-03	6.644880104312857e-03	1.818989403545857e-18	-6.784830475226039e-16	2.957834693272139e+05	1.464721278570405e+04	8.534704998557512e-03	3.726237098428197e+04	8.270701915980948e+03	8.401019223339083e+03	2.993282006258368e-17	-inf	
31	2.000000000000000e-01	1.000000000000000e+00	1.889824894244656e-03	6.644880104312857e-03	0.000000000000000e+00	0.000000000000000e+00	2.957834693272139e+05	1.464721278570405e+04	8.534704998557512e-03	3.726237098428197e+04	8.270701915980948e+03	8.401019223339083e+03	0.000000000000000e+00	-inf	
32	3.999999999999999e-01	1.000000000000000e+00	1.889824894244656e-03	6.644880104312857e-03	0.000000000000000e+00	0.000000000000000e+00	2.957834693272139e+05	1.464721278570405e+04	8.534704998557512e-03	3.726237098428197e+04	8.270701915980948e+03	8.401019223339083e+03	0.000000000000000e+00	-inf	
33	6.000000000000000e-01	1.000000000000000e+00	1.889824894244656e-03	6.644880104312857e-03	3.549303073668854e-16	-8.226379577535896e-16	2.957834693272139e+05	1.464721278570405e+04	8.534704998557512e-03	3.726237098428197e+04	8.270701915980948e+03	8.401019223339083e+03	3.952629131554313e-17	-inf	
34	8.000000000000000e-01	1.000000000000000e+00	1.889824894244656e-03	6.644880104312857e-03	0.000000000000000e+00	4.283720045350421e-16	2.957834693272139e+05	1.464721278570406e+04	8.534704998557513e-03	3.726237098428195e+04	8.270701915980944e+03	8.401019223339083e+03	1.889853563438654e-17	-inf	
35	1.000000000000000e+00	1.000000000000000e+00	1.889824894244656e-03	6.644880104312857e-03	-7.080416253302246e-16	8.594724931754156e-17	2.957834693272139e+05	1.464721278570405e+04	8.534704998557512e-03	3.726237098428197e+04	8.270701915980948e+03	8.401019223339083e+03	3.146604478758283e-17	-inf	
EXT_ITER= 8608
AOA= 0.000000000000000e+00
SIDESLIP_ANGLE= 0.000000000000000e+00
INITIAL_BCTHRUST= 4.000000000000000e+03
DCD_DCL_VALUE= 0.000000000000000e+00
DCMX_DCL_VALUE= 0.000000000000000e+00
DCMY_DCL_VALUE= 0.000000000000000e+00
DCMZ_DCL_VALUE= 0.000000000000000e+00
