"PointID"	"x"	"y"	"Density[0]"	"Density[1]"	"Momentum_x"	"Momentum_y"	"Energy"	"Electronic_Energy"	"Total_Density"	"Pressure"	"Temperature"	"Tve"	"Mach"	"C<sub>p</sub>"
0	0.000000000000000e+00	0.000000000000000e+00	1.903612830368070e-03	6.631092168189443e-03	0.000000000000000e+00	0.000000000000000e+00	2.957834693272139e+05	1.486157000593324e+04	8.534704998557513e-03	3.739203964298526e+04	8.307028432218905e+03	8.445199715637475e+03	0.000000000000000e+00	-inf	
1	2.000000000000000e-01	0.000000000000000e+00	1.903612830368070e-03	6.631092168189443e-03	0.000000000000000e+00	1.339230948360667e-15	2.957834693272139e+05	1.486157000593324e+04	8.534704998557513e-03	3.739203964298526e+04	8.307028432218905e+03	8.445199715637475e+03	5.898753633591507e-17	-inf	
2	4.000000000000000e-01	0.000000000000000e+00	1.903612830368070e-03	6.631092168189443e-03	0.000000000000000e+00	-1.061380316969001e-15	2.957834693272139e+05	1.486157000593324e+04	8.534704998557513e-03	3.739203964298526e+04	8.307028432218905e+03	8.445199715637475e+03	4.674937514703627e-17	-inf	
3	6.000000000000001e-01	0.000000000000000e+00	1.903612830368070e-03	6.631092168189443e-03	0.000000000000000e+00	-9.904397302307028e-16	2.957834693272139e+05	1.486157000593324e+04	8.534704998557513e-03	3.739203964298526e+04	8.307028432218905e+03	8.445199715637475e+03	4.362473824774807e-17	-inf	
4	8.000000000000000e-01	0.000000000000000e+00	1.903612830368070e-03	6.631092168189443e-03	3.178683982696386e-16	0.000000000000000e+00	2.957834693272139e+05	1.486157000593324e+04	8.534704998557513e-03	3.739203964298526e+04	8.307028432218905e+03	8.445199715637475e+03	1.400077687565492e-17	-inf	
5	1.000000000000000e+00	0.000000000000000e+00	1.903612830368071e-03	6.631092168189443e-03	5.966285243630413e-16	-1.132320903707293e-16	2.957834693272139e+05	1.486157000593324e+04	8.534704998557513e-03	3.739203964298528e+04	8.307028432218909e+03	8.445199715637475e+03	2.674808181925406e-17	-inf	
6	0.000000000000000e+00	2.000000000000000e-01	1.903612830368070e-03	6.631092168189443e-03	0.000000000000000e+00	0.000000000000000e+00	2.957834693272139e+05	1.486157000593324e+04	8.534704998557513e-03	3.739203964298526e+04	8.307028432218905e+03	8.445199715637475e+03	0.000000000000000e+00	-inf	
7	2.000000000000000e-01	2.000000000000000e-01	1.903612830368070e-03	6.631092168189443e-03	-6.518803274957592e-16	-1.818989403545857e-18	2.957834693272139e+05	1.486157000593324e+04	8.534704998557513e-03	3.739203964298526e+04	8.307028432218905e+03	8.445199715637475e+03	2.871272072372691e-17	-inf	
8	4.000000000000000e-01	2.000000000000000e-01	1.903612830368070e-03	6.631092168189443e-03	-6.687059794785605e-16	3.196873876731844e-16	2.957834693272139e+05	1.486157000593324e+04	8.534704998557513e-03	3.739203964298526e+04	8.307028432218905e+03	8.445199715637475e+03	3.264647887741942e-17	-inf	
9	5.999999999999999e-01	2.000000000000000e-01	1.903612830368070e-03	6.631092168189443e-03	0.000000000000000e+00	8.242295734817158e-16	2.957834693272139e+05	1.486157000593324e+04	8.534704998557513e-03	3.739203964298526e+04	8.307028432218905e+03	8.445199715637475e+03	3.630387423050716e-17	-inf	
10	7.999999999999999e-01	2.000000000000000e-01	1.903612830368070e-03	6.631092168189443e-03	3.017248673131693e-16	-4.968114808434542e-16	2.957834693272139e+05	1.486157000593324e+04	8.534704998557513e-03	3.739203964298526e+04	8.307028432218905e+03	8.445199715637475e+03	2.560194004162245e-17	-inf	
11	1.000000000000000e+00	2.000000000000000e-01	1.903612830368071e-03	6.631092168189443e-03	5.902620614506313e-16	-2.976321411551915e-16	2.957834693272139e+05	1.486157000593324e+04	8.534704998557513e-03	3.739203964298528e+04	8.307028432218909e+03	8.445199715637475e+03	2.911673097064754e-17	-inf	
12	0.000000000000000e+00	3.999999999999999e-01	1.903612830368070e-03	6.631092168189443e-03	-1.260104909306439e-15	0.000000000000000e+00	2.957834693272139e+05	1.486157000593324e+04	8.534704998557513e-03	3.739203964298526e+04	8.307028432218905e+03	8.445199715637475e+03	5.550236440978712e-17	-inf	
13	2.000000000000000e-01	3.999999999999999e-01	1.903612830368070e-03	6.631092168189443e-03	6.533410256044296e-16	0.000000000000000e+00	2.957834693272139e+05	1.486157000593324e+04	8.534704998557513e-03	3.739203964298526e+04	8.307028432218905e+03	8.445199715637475e+03	2.877694660115218e-17	-inf	
14	3.999999999999999e-01	4.000000000000001e-01	1.903612830368071e-03	6.631092168189443e-03	2.536181041752244e-16	0.000000000000000e+00	2.957834693272139e+05	1.486157000593324e+04	8.534704998557513e-03	3.739203964298528e+04	8.307028432218909e+03	8.445199715637475e+03	1.117081945708814e-17	-inf	
15	6.000000000000001e-01	4.000000000000000e-01	1.903612830368071e-03	6.631092168189443e-03	-7.769358489895229e-16	-9.094947017729280e-19	2.957834693272139e+05	1.486157000593324e+04	8.534704998557513e-03	3.739203964298528e+04	8.307028432218909e+03	8.445199715637475e+03	3.422080641145235e-17	-inf	
16	8.000000000000000e-01	4.000000000000000e-01	1.903612830368070e-03	6.631092168189443e-03	-3.274180926382544e-16	0.000000000000000e+00	2.957834693272139e+05	1.486157000593324e+04	8.534704998557513e-03	3.739203964298526e+04	8.307028432218905e+03	8.445199715637475e+03	1.442140107363597e-17	-inf	
17	1.000000000000000e+00	4.000000000000000e-01	1.903612830368070e-03	6.631092168189443e-03	0.000000000000000e+00	0.000000000000000e+00	2.957834693272139e+05	1.486157000593324e+04	8.534704998557513e-03	3.739203964298526e+04	8.307028432218905e+03	8.445199715637475e+03	0.000000000000000e+00	-inf	
18	0.000000000000000e+00	6.000000000000000e-01	1.903612830368070e-03	6.631092168189443e-03	1.061380316969001e-15	3.178683982696385e-16	2.957834693272139e+05	1.486157000593324e+04	8.534704998557513e-03	3.739203964298526e+04	8.307028432218905e+03	8.445199715637475e+03	4.880087939535727e-17	-inf	
19	2.000000000000000e-01	6.000000000000000e-01	1.903612830368070e-03	6.631092168189443e-03	1.861017982294479e-17	1.818989403545857e-18	2.957834693272139e+05	1.486157000593324e+04	8.534704998557513e-03	3.739203964298526e+04	8.307028432218905e+03	8.445199715637475e+03	8.236069528860031e-19	-inf	
20	4.000000000000001e-01	6.000000000000002e-01	1.903612830368070e-03	6.631092168189443e-03	0.000000000000000e+00	-3.196873876731845e-16	2.957834693272139e+05	1.486157000593324e+04	8.534704998557513e-03	3.739203964298526e+04	8.307028432218905e+03	8.445199715637475e+03	1.408089577050845e-17	-inf	
21	6.000000000000000e-01	6.000000000000001e-01	1.903612830368070e-03	6.631092168189443e-03	-1.861017982294438e-17	-3.308286977699031e-16	2.957834693272139e+05	1.486157000593324e+04	8.534704998557513e-03	3.739203964298526e+04	8.307028432218905e+03	8.445199715637475e+03	1.459466119566408e-17	-inf	
22	8.000000000000000e-01	6.000000000000001e-01	1.903612830368070e-03	6.631092168189443e-03	4.754383553517987e-16	-9.094947017729286e-19	2.957834693272139e+05	1.486157000593324e+04	8.534704998557513e-03	3.739203964298526e+04	8.307028432218905e+03	8.445199715637475e+03	2.094111445837359e-17	-inf	
23	1.000000000000000e+00	6.000000000000001e-01	1.903612830368071e-03	6.631092168189443e-03	1.260559656657277e-15	-9.094947017729280e-19	2.957834693272139e+05	1.486157000593324e+04	8.534704998557513e-03	3.739203964298528e+04	8.307028432218909e+03	8.445199715637475e+03	5.552240858495659e-17	-inf	
24	0.000000000000000e+00	8.000000000000000e-01	1.903612830368071e-03	6.631092168189443e-03	-5.593392415903533e-16	0.000000000000000e+00	2.957834693272139e+05	1.486157000593324e+04	8.534704998557513e-03	3.739203964298528e+04	8.307028432218909e+03	8.445199715637475e+03	2.463656016746153e-17	-inf	
25	2.000000000000000e-01	8.000000000000000e-01	1.903612830368070e-03	6.631092168189443e-03	-3.308286977699032e-16	6.509708327939860e-16	2.957834693272139e+05	1.486157000593324e+04	8.534704998557513e-03	3.739203964298526e+04	8.307028432218905e+03	8.445199715637475e+03	3.216282513437772e-17	-inf	
26	3.999999999999999e-01	8.000000000000000e-01	1.903612830368070e-03	6.631092168189443e-03	-9.094947017729284e-19	0.000000000000000e+00	2.957834693272139e+05	1.486157000593324e+04	8.534704998557513e-03	3.739203964298526e+04	8.307028432218905e+03	8.445199715637475e+03	4.005944742676655e-20	-inf	
27	6.000000000000000e-01	8.000000000000000e-01	1.903612830368070e-03	6.631092168189443e-03	0.000000000000000e+00	-6.543814379256350e-16	2.957834693272139e+05	1.486157000593324e+04	8.534704998557513e-03	3.739203964298526e+04	8.307028432218905e+03	8.445199715637475e+03	2.882277242355911e-17	-inf	
28	8.000000000000000e-01	8.000000000000000e-01	1.903612830368070e-03	6.631092168189443e-03	0.000000000000000e+00	3.119566827081136e-16	2.957834693272139e+05	1.486157000593324e+04	8.534704998557513e-03	3.739203964298526e+04	8.307028432218905e+03	8.445199715637475e+03	1.374039046738089e-17	-inf	
29	1.000000000000000e+00	8.000000000000000e-01	1.903612830368070e-03	6.631092168189443e-03	-9.886207408271567e-16	-3.046807250939325e-16	2.957834693272139e+05	1.486157000593324e+04	8.534704998557513e-03	3.739203964298526e+04	8.307028432218905e+03	8.445199715637475e+03	4.556564484552754e-17	-inf	
30	0.000000000000000e+00	1.000000000000000e+00	1.903612830368070e-03	6.631092168189443e-03	1.818989403545857e-18	-6.375557859428232e-16	2.957834693272139e+05	1.486157000593324e+04	8.534704998557513e-03	3.739203964298526e+04	8.307028432218905e+03	8.445199715637475e+03	2.808178693822017e-17	-inf	
31	2.000000000000000e-01	1.000000000000000e+00	1.903612830368070e-03	6.631092168189443e-03	0.000000000000000e+00	0.000000000000000e+00	2.957834693272139e+05	1.486157000593324e+04	8.534704998557513e-03	3.739203964298526e+04	8.307028432218905e+03	8.445199715637475e+03	0.000000000000000e+00	-inf	
32	3.999999999999999e-01	1.000000000000000e+00	1.903612830368070e-03	6.631092168189443e-03	0.000000000000000e+00	0.000000000000000e+00	2.957834693272139e+05	1.486157000593324e+04	8.534704998557513e-03	3.739203964298526e+04	8.307028432218905e+03	8.445199715637475e+03	0.000000000000000e+00	-inf	
33	6.000000000000000e-01	1.000000000000000e+00	1.903612830368070e-03	6.631092168189443e-03	3.296918293926865e-16	-7.394191925413736e-16	2.957834693272139e+05	1.486157000593324e+04	8.534704998557513e-03	3.739203964298526e+04	8.307028432218905e+03	8.445199715637475e+03	3.565910225767091e-17	-inf	
34	8.000000000000000e-01	1.000000000000000e+00	1.903612830368071e-03	6.631092168189443e-03	0.000000000000000e+00	4.279172571841566e-16	2.957834693272139e+05	1.486157000593324e+04	8.534704998557513e-03	3.739203964298528e+04	8.307028432218909e+03	8.445199715637475e+03	1.884797001429339e-17	-inf	
35	1.000000000000000e+00	1.000000000000000e+00	1.903612830368070e-03	6.631092168189443e-03	-6.575646693818268e-16	8.185452315956340e-17	2.957834693272139e+05	1.486157000593324e+04	8.534704998557513e-03	3.739203964298526e+04	8.307028432218905e+03	8.445199715637475e+03	2.918651725362411e-17	-inf	
EXT_ITER= 8092
AOA= 0.000000000000000e+00
SIDESLIP_ANGLE= 0.000000000000000e+00
INITIAL_BCTHRUST= 4.000000000000000e+03
DCD_DCL_VALUE= 0.000000000000000e+00
DCMX_DCL_VALUE= 0.000000000000000e+00
DCMY_DCL_VALUE= 0.000000000000000e+00
DCMZ_DCL_VALUE= 0.000000000000000e+00
