"PointID"	"x"	"y"	"Density[0]"	"Density[1]"	"Momentum_x"	"Momentum_y"	"Energy"	"Electronic_Energy"	"Total_Density"	"Pressure"	"Temperature"	"Tve"	"Mach"	"C<sub>p</sub>"
0	0.000000000000000e+00	0.000000000000000e+00	2.213364498064533e-03	6.321340500492945e-03	0.000000000000000e+00	0.000000000000000e+00	2.957834693272139e+05	2.072488909674993e+04	8.534704998557479e-03	3.961513843999951e+04	8.984413708451519e+03	9.611228955210503e+03	0.000000000000000e+00	-inf	
1	2.000000000000000e-01	0.000000000000000e+00	2.213364498064533e-03	6.321340500492945e-03	0.000000000000000e+00	5.497895472217340e-16	2.957834693272139e+05	2.072488909674993e+04	8.534704998557479e-03	3.961513843999951e+04	8.984413708451519e+03	9.611228955210503e+03	2.359068072155634e-17	-inf	
2	4.000000000000000e-01	0.000000000000000e+00	2.213364498064533e-03	6.321340500492945e-03	0.000000000000000e+00	-4.206412995699866e-16	2.957834693272139e+05	2.072488909674993e+04	8.534704998557479e-03	3.961513843999951e+04	8.984413708451519e+03	9.611228955210503e+03	1.804911469598018e-17	-inf	
3	6.000000000000001e-01	0.000000000000000e+00	2.213364498064533e-03	6.321340500492945e-03	0.000000000000000e+00	-9.003997547551973e-17	2.957834693272139e+05	2.072488909674993e+04	8.534704998557479e-03	3.961513843999951e+04	8.984413708451519e+03	9.611228955210503e+03	3.863486172761088e-18	-inf	
4	8.000000000000000e-01	0.000000000000000e+00	2.213364498064533e-03	6.321340500492945e-03	4.397406883072102e-16	0.000000000000000e+00	2.957834693272139e+05	2.072488909674993e+04	8.534704998557479e-03	3.961513843999951e+04	8.984413708451519e+03	9.611228955210503e+03	1.886864206595946e-17	-inf	
5	1.000000000000000e+00	0.000000000000000e+00	2.213364498064534e-03	6.321340500492944e-03	8.240021998062706e-16	1.718944986350847e-16	2.957834693272139e+05	2.072488909674992e+04	8.534704998557477e-03	3.961513843999957e+04	8.984413708451533e+03	9.611228955210501e+03	3.611788426010721e-17	-inf	
6	0.000000000000000e+00	2.000000000000000e-01	2.213364498064533e-03	6.321340500492945e-03	0.000000000000000e+00	0.000000000000000e+00	2.957834693272139e+05	2.072488909674993e+04	8.534704998557479e-03	3.961513843999951e+04	8.984413708451519e+03	9.611228955210503e+03	0.000000000000000e+00	-inf	
7	2.000000000000000e-01	2.000000000000000e-01	2.213364498064533e-03	6.321340500492945e-03	-2.253273123642466e-16	-1.818989403545857e-18	2.957834693272139e+05	2.072488909674993e+04	8.534704998557479e-03	3.961513843999951e+04	8.984413708451519e+03	9.611228955210503e+03	9.668786741213464e-18	-inf	
8	4.000000000000000e-01	2.000000000000000e-01	2.213364498064533e-03	6.321340500492945e-03	-2.739852789090942e-16	4.415596777107560e-16	2.957834693272139e+05	2.072488909674993e+04	8.534704998557479e-03	3.961513843999951e+04	8.984413708451519e+03	9.611228955210503e+03	2.229771506239639e-17	-inf	
9	5.999999999999999e-01	2.000000000000000e-01	2.213364498064533e-03	6.321340500492945e-03	0.000000000000000e+00	4.843059286940835e-16	2.957834693272139e+05	2.072488909674993e+04	8.534704998557479e-03	3.961513843999951e+04	8.984413708451519e+03	9.611228955210503e+03	2.078087259591192e-17	-inf	
10	7.999999999999999e-01	2.000000000000000e-01	2.213364498064533e-03	6.321340500492945e-03	4.274625098332761e-16	-1.232365320902333e-16	2.957834693272139e+05	2.072488909674993e+04	8.534704998557479e-03	3.961513843999951e+04	8.984413708451519e+03	9.611228955210503e+03	1.908883586770023e-17	-inf	
11	1.000000000000000e+00	2.000000000000000e-01	2.213364498064534e-03	6.321340500492944e-03	8.321876521222281e-16	-4.133653419557952e-16	2.957834693272139e+05	2.072488909674992e+04	8.534704998557477e-03	3.961513843999957e+04	8.984413708451533e+03	9.611228955210501e+03	3.987051319664997e-17	-inf	
12	0.000000000000000e+00	3.999999999999999e-01	2.213364498064533e-03	6.321340500492945e-03	-6.307345756795178e-16	0.000000000000000e+00	2.957834693272139e+05	2.072488909674993e+04	8.534704998557479e-03	3.961513843999951e+04	8.984413708451519e+03	9.611228955210503e+03	2.706391576575541e-17	-inf	
13	2.000000000000000e-01	3.999999999999999e-01	2.213364498064533e-03	6.321340500492945e-03	5.680335044778288e-16	0.000000000000000e+00	2.957834693272139e+05	2.072488909674993e+04	8.534704998557479e-03	3.961513843999951e+04	8.984413708451519e+03	9.611228955210503e+03	2.437350275391607e-17	-inf	
14	3.999999999999999e-01	4.000000000000001e-01	2.213364498064534e-03	6.321340500492944e-03	3.777217381318425e-16	0.000000000000000e+00	2.957834693272139e+05	2.072488909674992e+04	8.534704998557477e-03	3.961513843999957e+04	8.984413708451533e+03	9.611228955210501e+03	1.620749788876187e-17	-inf	
15	6.000000000000001e-01	4.000000000000000e-01	2.213364498064534e-03	6.321340500492944e-03	-4.431512934388594e-16	-9.094947017729280e-19	2.957834693272139e+05	2.072488909674992e+04	8.534704998557477e-03	3.961513843999957e+04	8.984413708451533e+03	9.611228955210501e+03	1.901502628542129e-17	-inf	
16	8.000000000000000e-01	4.000000000000000e-01	2.213364498064533e-03	6.321340500492945e-03	-4.411049303598697e-16	0.000000000000000e+00	2.957834693272139e+05	2.072488909674993e+04	8.534704998557479e-03	3.961513843999951e+04	8.984413708451519e+03	9.611228955210503e+03	1.892717973524373e-17	-inf	
17	1.000000000000000e+00	4.000000000000000e-01	2.213364498064533e-03	6.321340500492945e-03	0.000000000000000e+00	0.000000000000000e+00	2.957834693272139e+05	2.072488909674993e+04	8.534704998557479e-03	3.961513843999951e+04	8.984413708451519e+03	9.611228955210503e+03	0.000000000000000e+00	-inf	
18	0.000000000000000e+00	6.000000000000000e-01	2.213364498064533e-03	6.321340500492945e-03	4.206412995699866e-16	4.397406883072101e-16	2.957834693272139e+05	2.072488909674993e+04	8.534704998557479e-03	3.961513843999951e+04	8.984413708451519e+03	9.611228955210503e+03	2.611122736912117e-17	-inf	
19	2.000000000000000e-01	6.000000000000000e-01	2.213364498064533e-03	6.321340500492945e-03	-1.944600964684705e-17	1.818989403545857e-18	2.957834693272139e+05	2.072488909674993e+04	8.534704998557479e-03	3.961513843999951e+04	8.984413708451519e+03	9.611228955210503e+03	8.380428539726333e-19	-inf	
20	4.000000000000001e-01	6.000000000000002e-01	2.213364498064533e-03	6.321340500492945e-03	0.000000000000000e+00	-4.415596777107563e-16	2.957834693272139e+05	2.072488909674993e+04	8.534704998557479e-03	3.961513843999951e+04	8.984413708451519e+03	9.611228955210503e+03	1.894669229167182e-17	-inf	
21	6.000000000000000e-01	6.000000000000001e-01	2.213364498064533e-03	6.321340500492945e-03	1.944600964684701e-17	-4.411049303598693e-16	2.957834693272139e+05	2.072488909674993e+04	8.534704998557479e-03	3.961513843999951e+04	8.984413708451519e+03	9.611228955210503e+03	1.894556298233391e-17	-inf	
22	8.000000000000000e-01	6.000000000000001e-01	2.213364498064533e-03	6.321340500492945e-03	4.420144250616425e-16	-9.094947017729286e-19	2.957834693272139e+05	2.072488909674993e+04	8.534704998557479e-03	3.961513843999951e+04	8.984413708451519e+03	9.611228955210503e+03	1.896624499735046e-17	-inf	
23	1.000000000000000e+00	6.000000000000001e-01	2.213364498064534e-03	6.321340500492944e-03	8.872120815794917e-16	-9.094947017729280e-19	2.957834693272139e+05	2.072488909674992e+04	8.534704998557477e-03	3.961513843999957e+04	8.984413708451533e+03	9.611228955210501e+03	3.806901759381181e-17	-inf	
24	0.000000000000000e+00	8.000000000000000e-01	2.213364498064534e-03	6.321340500492944e-03	-7.989910955075187e-16	0.000000000000000e+00	2.957834693272139e+05	2.072488909674992e+04	8.534704998557477e-03	3.961513843999957e+04	8.984413708451533e+03	9.611228955210501e+03	3.428356164414773e-17	-inf	
25	2.000000000000000e-01	8.000000000000000e-01	2.213364498064533e-03	6.321340500492945e-03	-4.411049303598693e-16	2.244178176624737e-16	2.957834693272139e+05	2.072488909674993e+04	8.534704998557479e-03	3.961513843999951e+04	8.984413708451519e+03	9.611228955210503e+03	2.123592179538523e-17	-inf	
26	3.999999999999999e-01	8.000000000000000e-01	2.213364498064533e-03	6.321340500492945e-03	-9.094947017729284e-19	0.000000000000000e+00	2.957834693272139e+05	2.072488909674993e+04	8.534704998557479e-03	3.961513843999951e+04	8.984413708451519e+03	9.611228955210503e+03	3.902511285617269e-20	-inf	
27	6.000000000000000e-01	8.000000000000000e-01	2.213364498064533e-03	6.321340500492945e-03	0.000000000000000e+00	-2.098659024341068e-16	2.957834693272139e+05	2.072488909674993e+04	8.534704998557479e-03	3.961513843999951e+04	8.984413708451519e+03	9.611228955210503e+03	9.005044791562000e-18	-inf	
28	8.000000000000000e-01	8.000000000000000e-01	2.213364498064533e-03	6.321340500492945e-03	0.000000000000000e+00	4.392859409563238e-16	2.957834693272139e+05	2.072488909674993e+04	8.534704998557479e-03	3.961513843999951e+04	8.984413708451519e+03	9.611228955210503e+03	1.884912950953138e-17	-inf	
29	1.000000000000000e+00	8.000000000000000e-01	2.213364498064533e-03	6.321340500492945e-03	-8.822098607197387e-17	-4.254161467542874e-16	2.957834693272139e+05	2.072488909674993e+04	8.534704998557479e-03	3.961513843999951e+04	8.984413708451519e+03	9.611228955210503e+03	1.864236881235478e-17	-inf	
30	0.000000000000000e+00	1.000000000000000e+00	2.213364498064533e-03	6.321340500492945e-03	1.818989403545857e-18	-8.813003660179664e-16	2.957834693272139e+05	2.072488909674993e+04	8.534704998557479e-03	3.961513843999951e+04	8.984413708451519e+03	9.611228955210503e+03	3.781541490473405e-17	-inf	
31	2.000000000000000e-01	1.000000000000000e+00	2.213364498064533e-03	6.321340500492945e-03	0.000000000000000e+00	0.000000000000000e+00	2.957834693272139e+05	2.072488909674993e+04	8.534704998557479e-03	3.961513843999951e+04	8.984413708451519e+03	9.611228955210503e+03	0.000000000000000e+00	-inf	
32	3.999999999999999e-01	1.000000000000000e+00	2.213364498064533e-03	6.321340500492945e-03	0.000000000000000e+00	0.000000000000000e+00	2.957834693272139e+05	2.072488909674993e+04	8.534704998557479e-03	3.961513843999951e+04	8.984413708451519e+03	9.611228955210503e+03	0.000000000000000e+00	-inf	
33	6.000000000000000e-01	1.000000000000000e+00	2.213364498064533e-03	6.321340500492945e-03	4.433786671143016e-16	-8.731149137020095e-17	2.957834693272139e+05	2.072488909674993e+04	8.534704998557479e-03	3.961513843999951e+04	8.984413708451519e+03	9.611228955210503e+03	1.939011144865649e-17	-inf	
34	8.000000000000000e-01	1.000000000000000e+00	2.213364498064534e-03	6.321340500492944e-03	0.000000000000000e+00	9.326868166681357e-16	2.957834693272139e+05	2.072488909674992e+04	8.534704998557477e-03	3.961513843999957e+04	8.984413708451533e+03	9.611228955210501e+03	4.002025323400495e-17	-inf	
35	1.000000000000000e+00	1.000000000000000e+00	2.213364498064533e-03	6.321340500492945e-03	-8.849383448250573e-16	-1.700755092315387e-16	2.957834693272139e+05	2.072488909674993e+04	8.534704998557479e-03	3.961513843999951e+04	8.984413708451519e+03	9.611228955210503e+03	3.866634492535135e-17	-inf	
EXT_ITER= 2350
AOA= 0.000000000000000e+00
SIDESLIP_ANGLE= 0.000000000000000e+00
INITIAL_BCTHRUST= 4.000000000000000e+03
DCD_DCL_VALUE= 0.000000000000000e+00
DCMX_DCL_VALUE= 0.000000000000000e+00
DCMY_DCL_VALUE= 0.000000000000000e+00
DCMZ_DCL_VALUE= 0.000000000000000e+00
