"PointID"	"x"	"y"	"Density[0]"	"Density[1]"	"Momentum_x"	"Momentum_y"	"Energy"	"Electronic_Energy"	"Total_Density"	"Pressure"	"Temperature"	"Tve"	"Mach"	"C<sub>p</sub>"
0	0.000000000000000e+00	0.000000000000000e+00	1.962063104846644e-03	6.572641893710847e-03	0.000000000000000e+00	0.000000000000000e+00	2.957834693272139e+05	1.579283458497002e+04	8.534704998557491e-03	3.792560835128246e+04	8.458164728143131e+03	8.634776043038706e+03	0.000000000000000e+00	-inf	
1	2.000000000000000e-01	0.000000000000000e+00	1.962063104846644e-03	6.572641893710847e-03	0.000000000000000e+00	1.180069375550383e-15	2.957834693272139e+05	1.579283458497002e+04	8.534704998557491e-03	3.792560835128246e+04	8.458164728143131e+03	8.634776043038706e+03	5.163648895938253e-17	-inf	
2	4.000000000000000e-01	0.000000000000000e+00	1.962063104846644e-03	6.572641893710847e-03	0.000000000000000e+00	-8.963070285971922e-16	2.957834693272139e+05	1.579283458497002e+04	8.534704998557491e-03	3.792560835128246e+04	8.458164728143131e+03	8.634776043038706e+03	3.921985346394565e-17	-inf	
3	6.000000000000001e-01	0.000000000000000e+00	1.962063104846644e-03	6.572641893710847e-03	0.000000000000000e+00	-6.693881005048640e-16	2.957834693272139e+05	1.579283458497002e+04	8.534704998557491e-03	3.792560835128246e+04	8.458164728143131e+03	8.634776043038706e+03	2.929052475846213e-17	-inf	
4	8.000000000000000e-01	0.000000000000000e+00	1.962063104846644e-03	6.572641893710847e-03	1.364242052659390e-16	0.000000000000000e+00	2.957834693272139e+05	1.579283458497002e+04	8.534704998557491e-03	3.792560835128246e+04	8.458164728143131e+03	8.634776043038706e+03	5.969536295882318e-18	-inf	
5	1.000000000000000e+00	0.000000000000000e+00	1.962063104846645e-03	6.572641893710847e-03	2.073647920042250e-16	5.729816621169438e-17	2.957834693272139e+05	1.579283458497002e+04	8.534704998557492e-03	3.792560835128252e+04	8.458164728143143e+03	8.634776043038706e+03	9.413714578755791e-18	-inf	
6	0.000000000000000e+00	2.000000000000000e-01	1.962063104846644e-03	6.572641893710847e-03	0.000000000000000e+00	0.000000000000000e+00	2.957834693272139e+05	1.579283458497002e+04	8.534704998557491e-03	3.792560835128246e+04	8.458164728143131e+03	8.634776043038706e+03	0.000000000000000e+00	-inf	
7	2.000000000000000e-01	2.000000000000000e-01	1.962063104846644e-03	6.572641893710847e-03	-4.890807758783834e-16	-1.818989403545857e-18	2.957834693272139e+05	1.579283458497002e+04	8.534704998557491e-03	3.792560835128246e+04	8.458164728143131e+03	8.634776043038706e+03	2.140093563290333e-17	-inf	
8	4.000000000000000e-01	2.000000000000000e-01	1.962063104846644e-03	6.572641893710847e-03	-5.891251930734187e-16	1.382431946694849e-16	2.957834693272139e+05	1.579283458497002e+04	8.534704998557491e-03	3.792560835128246e+04	8.458164728143131e+03	8.634776043038706e+03	2.647867697411310e-17	-inf	
9	5.999999999999999e-01	2.000000000000000e-01	1.962063104846644e-03	6.572641893710847e-03	0.000000000000000e+00	4.733919922728192e-16	2.957834693272139e+05	1.579283458497002e+04	8.534704998557491e-03	3.792560835128246e+04	8.458164728143131e+03	8.634776043038706e+03	2.071429094671212e-17	-inf	
10	7.999999999999999e-01	2.000000000000000e-01	1.962063104846644e-03	6.572641893710847e-03	1.241460267920052e-16	-3.346940502524320e-16	2.957834693272139e+05	1.579283458497002e+04	8.534704998557491e-03	3.792560835128246e+04	8.458164728143131e+03	8.634776043038706e+03	1.562028664089187e-17	-inf	
11	1.000000000000000e+00	2.000000000000000e-01	1.962063104846645e-03	6.572641893710847e-03	2.155502443201834e-16	-1.030002749757833e-16	2.957834693272139e+05	1.579283458497002e+04	8.534704998557492e-03	3.792560835128252e+04	8.458164728143143e+03	8.634776043038706e+03	1.045338078278467e-17	-inf	
12	0.000000000000000e+00	3.999999999999999e-01	1.962063104846644e-03	6.572641893710847e-03	-1.268290361622375e-15	0.000000000000000e+00	2.957834693272139e+05	1.579283458497002e+04	8.534704998557491e-03	3.792560835128246e+04	8.458164728143131e+03	8.634776043038706e+03	5.549678909738720e-17	-inf	
13	2.000000000000000e-01	3.999999999999999e-01	1.962063104846644e-03	6.572641893710847e-03	4.232353302770763e-16	0.000000000000000e+00	2.957834693272139e+05	1.579283458497002e+04	8.534704998557491e-03	3.792560835128246e+04	8.458164728143131e+03	8.634776043038706e+03	1.851957767218559e-17	-inf	
14	3.999999999999999e-01	4.000000000000001e-01	1.962063104846645e-03	6.572641893710847e-03	1.192367262094743e-16	0.000000000000000e+00	2.957834693272139e+05	1.579283458497002e+04	8.534704998557492e-03	3.792560835128252e+04	8.458164728143143e+03	8.634776043038706e+03	5.217460959527765e-18	-inf	
15	6.000000000000001e-01	4.000000000000000e-01	1.962063104846645e-03	6.572641893710847e-03	-4.274625098332872e-16	-9.094947017729280e-19	2.957834693272139e+05	1.579283458497002e+04	8.534704998557492e-03	3.792560835128252e+04	8.458164728143143e+03	8.634776043038706e+03	1.870458939752069e-17	-inf	
16	8.000000000000000e-01	4.000000000000000e-01	1.962063104846644e-03	6.572641893710847e-03	-1.439275365555659e-16	0.000000000000000e+00	2.957834693272139e+05	1.579283458497002e+04	8.534704998557491e-03	3.792560835128246e+04	8.458164728143131e+03	8.634776043038706e+03	6.297860792155858e-18	-inf	
17	1.000000000000000e+00	4.000000000000000e-01	1.962063104846644e-03	6.572641893710847e-03	0.000000000000000e+00	0.000000000000000e+00	2.957834693272139e+05	1.579283458497002e+04	8.534704998557491e-03	3.792560835128246e+04	8.458164728143131e+03	8.634776043038706e+03	0.000000000000000e+00	-inf	
18	0.000000000000000e+00	6.000000000000000e-01	1.962063104846644e-03	6.572641893710847e-03	8.963070285971922e-16	1.364242052659389e-16	2.957834693272139e+05	1.579283458497002e+04	8.534704998557491e-03	3.792560835128246e+04	8.458164728143131e+03	8.634776043038706e+03	3.967155491433662e-17	-inf	
19	2.000000000000000e-01	6.000000000000000e-01	1.962063104846644e-03	6.572641893710847e-03	1.314614005470739e-17	1.818989403545857e-18	2.957834693272139e+05	1.579283458497002e+04	8.534704998557491e-03	3.792560835128246e+04	8.458164728143131e+03	8.634776043038706e+03	5.807182677882711e-19	-inf	
20	4.000000000000001e-01	6.000000000000002e-01	1.962063104846644e-03	6.572641893710847e-03	0.000000000000000e+00	-1.382431946694850e-16	2.957834693272139e+05	1.579283458497002e+04	8.534704998557491e-03	3.792560835128246e+04	8.458164728143131e+03	8.634776043038706e+03	6.049130113160755e-18	-inf	
21	6.000000000000000e-01	6.000000000000001e-01	1.962063104846644e-03	6.572641893710847e-03	-1.314614005470701e-17	-1.405169314239176e-16	2.957834693272139e+05	1.579283458497002e+04	8.534704998557491e-03	3.792560835128246e+04	8.458164728143131e+03	8.634776043038706e+03	6.175472108361524e-18	-inf	
22	8.000000000000000e-01	6.000000000000001e-01	1.962063104846644e-03	6.572641893710847e-03	1.448370312573387e-16	-9.094947017729286e-19	2.957834693272139e+05	1.579283458497002e+04	8.534704998557491e-03	3.792560835128246e+04	8.458164728143131e+03	8.634776043038706e+03	6.337782650610876e-18	-inf	
23	1.000000000000000e+00	6.000000000000001e-01	1.962063104846645e-03	6.572641893710847e-03	8.558345143683473e-16	-9.094947017729280e-19	2.957834693272139e+05	1.579283458497002e+04	8.534704998557492e-03	3.792560835128252e+04	8.458164728143143e+03	8.634776043038706e+03	3.744891217556936e-17	-inf	
24	0.000000000000000e+00	8.000000000000000e-01	1.962063104846645e-03	6.572641893710847e-03	-1.950866135302943e-16	0.000000000000000e+00	2.957834693272139e+05	1.579283458497002e+04	8.534704998557492e-03	3.792560835128252e+04	8.458164728143143e+03	8.634776043038706e+03	8.536436903111778e-18	-inf	
25	2.000000000000000e-01	8.000000000000000e-01	1.962063104846644e-03	6.572641893710847e-03	-1.405169314239177e-16	4.881712811766103e-16	2.957834693272139e+05	1.579283458497002e+04	8.534704998557491e-03	3.792560835128246e+04	8.458164728143131e+03	8.634776043038706e+03	2.222830361122317e-17	-inf	
26	3.999999999999999e-01	8.000000000000000e-01	1.962063104846644e-03	6.572641893710847e-03	-9.094947017729284e-19	0.000000000000000e+00	2.957834693272139e+05	1.579283458497002e+04	8.534704998557491e-03	3.792560835128246e+04	8.458164728143131e+03	8.634776043038706e+03	3.979690863921553e-20	-inf	
27	6.000000000000000e-01	8.000000000000000e-01	1.962063104846644e-03	6.572641893710847e-03	0.000000000000000e+00	-5.741185304941634e-16	2.957834693272139e+05	1.579283458497002e+04	8.534704998557491e-03	3.792560835128246e+04	8.458164728143131e+03	8.634776043038706e+03	2.512179857850490e-17	-inf	
28	8.000000000000000e-01	8.000000000000000e-01	1.962063104846644e-03	6.572641893710847e-03	0.000000000000000e+00	1.343778421869495e-16	2.957834693272139e+05	1.579283458497002e+04	8.534704998557491e-03	3.792560835128246e+04	8.458164728143131e+03	8.634776043038706e+03	5.879993251444065e-18	-inf	
29	1.000000000000000e+00	8.000000000000000e-01	1.962063104846644e-03	6.572641893710847e-03	-6.675691111013183e-16	-1.232365320902330e-16	2.957834693272139e+05	1.579283458497002e+04	8.534704998557491e-03	3.792560835128246e+04	8.458164728143131e+03	8.634776043038706e+03	2.970450031706946e-17	-inf	
30	0.000000000000000e+00	1.000000000000000e+00	1.962063104846644e-03	6.572641893710847e-03	1.818989403545857e-18	-2.746673999354242e-16	2.957834693272139e+05	1.579283458497002e+04	8.534704998557491e-03	3.792560835128246e+04	8.458164728143131e+03	8.634776043038706e+03	1.201892996183976e-17	-inf	
31	2.000000000000000e-01	1.000000000000000e+00	1.962063104846644e-03	6.572641893710847e-03	0.000000000000000e+00	0.000000000000000e+00	2.957834693272139e+05	1.579283458497002e+04	8.534704998557491e-03	3.792560835128246e+04	8.458164728143131e+03	8.634776043038706e+03	0.000000000000000e+00	-inf	
32	3.999999999999999e-01	1.000000000000000e+00	1.962063104846644e-03	6.572641893710847e-03	0.000000000000000e+00	0.000000000000000e+00	2.957834693272139e+05	1.579283458497002e+04	8.534704998557491e-03	3.792560835128246e+04	8.458164728143131e+03	8.634776043038706e+03	0.000000000000000e+00	-inf	
33	6.000000000000000e-01	1.000000000000000e+00	1.962063104846644e-03	6.572641893710847e-03	1.462012733099979e-16	-4.138200893066894e-16	2.957834693272139e+05	1.579283458497002e+04	8.534704998557491e-03	3.792560835128246e+04	8.458164728143131e+03	8.634776043038706e+03	1.920445432911447e-17	-inf	
34	8.000000000000000e-01	1.000000000000000e+00	1.962063104846645e-03	6.572641893710847e-03	0.000000000000000e+00	2.219167072325894e-16	2.957834693272139e+05	1.579283458497002e+04	8.534704998557492e-03	3.792560835128252e+04	8.458164728143143e+03	8.634776043038706e+03	9.710445707968356e-18	-inf	
35	1.000000000000000e+00	1.000000000000000e+00	1.962063104846644e-03	6.572641893710847e-03	-2.905835572164498e-16	-8.321876521222271e-17	2.957834693272139e+05	1.579283458497002e+04	8.534704998557491e-03	3.792560835128246e+04	8.458164728143131e+03	8.634776043038706e+03	1.322626174898965e-17	-inf	
EXT_ITER= 6269
AOA= 0.000000000000000e+00
SIDESLIP_ANGLE= 0.000000000000000e+00
INITIAL_BCTHRUST= 4.000000000000000e+03
DCD_DCL_VALUE= 0.000000000000000e+00
DCMX_DCL_VALUE= 0.000000000000000e+00
DCMY_DCL_VALUE= 0.000000000000000e+00
DCMZ_DCL_VALUE= 0.000000000000000e+00
