"PointID"	"x"	"y"	"Density[0]"	"Density[1]"	"Momentum_x"	"Momentum_y"	"Energy"	"Electronic_Energy"	"Total_Density"	"Pressure"	"Temperature"	"Tve"	"Mach"	"C<sub>p</sub>"
0	0.000000000000000e+00	0.000000000000000e+00	1.982173623227352e-03	6.552531375330128e-03	0.000000000000000e+00	0.000000000000000e+00	2.957834693272139e+05	1.612310113761895e+04	8.534704998557480e-03	3.810230804076310e+04	8.508899103619564e+03	8.701777277367431e+03	0.000000000000000e+00	-inf	
1	2.000000000000000e-01	0.000000000000000e+00	1.982173623227352e-03	6.552531375330128e-03	0.000000000000000e+00	1.135958882514391e-15	2.957834693272139e+05	1.612310113761895e+04	8.534704998557480e-03	3.810230804076310e+04	8.508899103619564e+03	8.701777277367431e+03	4.959965465132013e-17	-inf	
2	4.000000000000000e-01	0.000000000000000e+00	1.982173623227352e-03	6.552531375330128e-03	0.000000000000000e+00	-8.462848199996837e-16	2.957834693272139e+05	1.612310113761895e+04	8.534704998557480e-03	3.810230804076310e+04	8.508899103619564e+03	8.701777277367431e+03	3.695154415776767e-17	-inf	
3	6.000000000000001e-01	0.000000000000000e+00	1.982173623227352e-03	6.552531375330128e-03	0.000000000000000e+00	-5.784386303275789e-16	2.957834693272139e+05	1.612310113761895e+04	8.534704998557480e-03	3.810230804076310e+04	8.508899103619564e+03	8.701777277367431e+03	2.525650949418680e-17	-inf	
4	8.000000000000000e-01	0.000000000000000e+00	1.982173623227352e-03	6.552531375330128e-03	1.039097696775566e-16	0.000000000000000e+00	2.957834693272139e+05	1.612310113761895e+04	8.534704998557480e-03	3.810230804076310e+04	8.508899103619564e+03	8.701777277367431e+03	4.537038065583092e-18	-inf	
5	1.000000000000000e+00	0.000000000000000e+00	1.982173623227353e-03	6.552531375330128e-03	1.505213731434168e-16	1.073203748092053e-16	2.957834693272139e+05	1.612310113761895e+04	8.534704998557480e-03	3.810230804076310e+04	8.508899103619564e+03	8.701777277367431e+03	8.071721163496458e-18	-inf	
6	0.000000000000000e+00	2.000000000000000e-01	1.982173623227352e-03	6.552531375330128e-03	0.000000000000000e+00	0.000000000000000e+00	2.957834693272139e+05	1.612310113761895e+04	8.534704998557480e-03	3.810230804076310e+04	8.508899103619564e+03	8.701777277367431e+03	0.000000000000000e+00	-inf	
7	2.000000000000000e-01	2.000000000000000e-01	1.982173623227352e-03	6.552531375330128e-03	-4.431512934388446e-16	-1.818989403545857e-18	2.957834693272139e+05	1.612310113761895e+04	8.534704998557480e-03	3.810230804076310e+04	8.508899103619564e+03	8.701777277367431e+03	1.934958792487207e-17	-inf	
8	4.000000000000000e-01	2.000000000000000e-01	1.982173623227352e-03	6.552531375330128e-03	-5.670699465554223e-16	1.057287590811024e-16	2.957834693272139e+05	1.612310113761895e+04	8.534704998557480e-03	3.810230804076310e+04	8.508899103619564e+03	8.701777277367431e+03	2.518680306609305e-17	-inf	
9	5.999999999999999e-01	2.000000000000000e-01	1.982173623227352e-03	6.552531375330128e-03	0.000000000000000e+00	3.967670636484500e-16	2.957834693272139e+05	1.612310113761895e+04	8.534704998557480e-03	3.810230804076310e+04	8.508899103619564e+03	8.701777277367431e+03	1.732413878433858e-17	-inf	
10	7.999999999999999e-01	2.000000000000000e-01	1.982173623227352e-03	6.552531375330128e-03	9.254108590539586e-17	-2.962678991025290e-16	2.957834693272139e+05	1.612310113761895e+04	8.534704998557480e-03	3.810230804076310e+04	8.508899103619564e+03	8.701777277367431e+03	1.355239425486680e-17	-inf	
11	1.000000000000000e+00	2.000000000000000e-01	1.982173623227353e-03	6.552531375330128e-03	1.650732883717857e-16	-7.457856554537923e-17	2.957834693272139e+05	1.612310113761895e+04	8.534704998557480e-03	3.810230804076310e+04	8.508899103619564e+03	8.701777277367431e+03	7.909094900289667e-18	-inf	
12	0.000000000000000e+00	3.999999999999999e-01	1.982173623227352e-03	6.552531375330128e-03	-1.265561877517050e-15	0.000000000000000e+00	2.957834693272139e+05	1.612310113761895e+04	8.534704998557480e-03	3.810230804076310e+04	8.508899103619564e+03	8.701777277367431e+03	5.525854239176371e-17	-inf	
13	2.000000000000000e-01	3.999999999999999e-01	1.982173623227352e-03	6.552531375330128e-03	3.973663015476987e-16	0.000000000000000e+00	2.957834693272139e+05	1.612310113761895e+04	8.534704998557480e-03	3.810230804076310e+04	8.508899103619564e+03	8.701777277367431e+03	1.735030345747440e-17	-inf	
14	3.999999999999999e-01	4.000000000000001e-01	1.982173623227353e-03	6.552531375330128e-03	8.904759764667468e-17	0.000000000000000e+00	2.957834693272139e+05	1.612310113761895e+04	8.534704998557480e-03	3.810230804076310e+04	8.508899103619564e+03	8.701777277367431e+03	3.888107359157710e-18	-inf	
15	6.000000000000001e-01	4.000000000000000e-01	1.982173623227353e-03	6.552531375330128e-03	-3.519744495861323e-16	-9.094947017729280e-19	2.957834693272139e+05	1.612310113761895e+04	8.534704998557480e-03	3.810230804076310e+04	8.508899103619564e+03	8.701777277367431e+03	1.536839906500841e-17	-inf	
16	8.000000000000000e-01	4.000000000000000e-01	1.982173623227352e-03	6.552531375330128e-03	-1.150510797742753e-16	0.000000000000000e+00	2.957834693272139e+05	1.612310113761895e+04	8.534704998557480e-03	3.810230804076310e+04	8.508899103619564e+03	8.701777277367431e+03	5.023503853796616e-18	-inf	
17	1.000000000000000e+00	4.000000000000000e-01	1.982173623227352e-03	6.552531375330128e-03	0.000000000000000e+00	0.000000000000000e+00	2.957834693272139e+05	1.612310113761895e+04	8.534704998557480e-03	3.810230804076310e+04	8.508899103619564e+03	8.701777277367431e+03	0.000000000000000e+00	-inf	
18	0.000000000000000e+00	6.000000000000000e-01	1.982173623227352e-03	6.552531375330128e-03	8.462848199996837e-16	1.039097696775565e-16	2.957834693272139e+05	1.612310113761895e+04	8.534704998557480e-03	3.810230804076310e+04	8.508899103619564e+03	8.701777277367431e+03	3.722903880107575e-17	-inf	
19	2.000000000000000e-01	6.000000000000000e-01	1.982173623227352e-03	6.552531375330128e-03	9.611301789916659e-18	1.818989403545857e-18	2.957834693272139e+05	1.612310113761895e+04	8.534704998557480e-03	3.810230804076310e+04	8.508899103619564e+03	8.701777277367431e+03	4.271101458104986e-19	-inf	
20	4.000000000000001e-01	6.000000000000002e-01	1.982173623227352e-03	6.552531375330128e-03	0.000000000000000e+00	-1.057287590811025e-16	2.957834693272139e+05	1.612310113761895e+04	8.534704998557480e-03	3.810230804076310e+04	8.508899103619564e+03	8.701777277367431e+03	4.616461051413873e-18	-inf	
21	6.000000000000000e-01	6.000000000000001e-01	1.982173623227352e-03	6.552531375330128e-03	-9.611301789916303e-18	-1.093667378881946e-16	2.957834693272139e+05	1.612310113761895e+04	8.534704998557480e-03	3.810230804076310e+04	8.508899103619564e+03	8.701777277367431e+03	4.793711738372430e-18	-inf	
22	8.000000000000000e-01	6.000000000000001e-01	1.982173623227352e-03	6.552531375330128e-03	1.159605744760481e-16	-9.094947017729286e-19	2.957834693272139e+05	1.612310113761895e+04	8.534704998557480e-03	3.810230804076310e+04	8.508899103619564e+03	8.701777277367431e+03	5.063371075661890e-18	-inf	
23	1.000000000000000e+00	6.000000000000001e-01	1.982173623227353e-03	6.552531375330128e-03	7.048583938740375e-16	-9.094947017729280e-19	2.957834693272139e+05	1.612310113761895e+04	8.534704998557480e-03	3.810230804076310e+04	8.508899103619564e+03	8.701777277367431e+03	3.077643262973407e-17	-inf	
24	0.000000000000000e+00	8.000000000000000e-01	1.982173623227353e-03	6.552531375330128e-03	-1.396074367221455e-16	0.000000000000000e+00	2.957834693272139e+05	1.612310113761895e+04	8.534704998557480e-03	3.810230804076310e+04	8.508899103619564e+03	8.701777277367431e+03	6.095714162512148e-18	-inf	
25	2.000000000000000e-01	8.000000000000000e-01	1.982173623227352e-03	6.552531375330128e-03	-1.093667378881947e-16	4.422417987370717e-16	2.957834693272139e+05	1.612310113761895e+04	8.534704998557480e-03	3.810230804076310e+04	8.508899103619564e+03	8.701777277367431e+03	1.989142000756822e-17	-inf	
26	3.999999999999999e-01	8.000000000000000e-01	1.982173623227352e-03	6.552531375330128e-03	-9.094947017729284e-19	0.000000000000000e+00	2.957834693272139e+05	1.612310113761895e+04	8.534704998557480e-03	3.810230804076310e+04	8.508899103619564e+03	8.701777277367431e+03	3.971149291538830e-20	-inf	
27	6.000000000000000e-01	8.000000000000000e-01	1.982173623227352e-03	6.552531375330128e-03	0.000000000000000e+00	-5.354650056688088e-16	2.957834693272139e+05	1.612310113761895e+04	8.534704998557480e-03	3.810230804076310e+04	8.508899103619564e+03	8.701777277367431e+03	2.338014145393474e-17	-inf	
28	8.000000000000000e-01	8.000000000000000e-01	1.982173623227352e-03	6.552531375330128e-03	0.000000000000000e+00	1.036823960021130e-16	2.957834693272139e+05	1.612310113761895e+04	8.534704998557480e-03	3.810230804076310e+04	8.508899103619564e+03	8.701777277367431e+03	4.527110192354231e-18	-inf	
29	1.000000000000000e+00	8.000000000000000e-01	1.982173623227352e-03	6.552531375330128e-03	-5.766196409240332e-16	-9.072209650185063e-17	2.957834693272139e+05	1.612310113761895e+04	8.534704998557480e-03	3.810230804076310e+04	8.508899103619564e+03	8.701777277367431e+03	2.548679972405562e-17	-inf	
30	0.000000000000000e+00	1.000000000000000e+00	1.982173623227352e-03	6.552531375330128e-03	1.818989403545857e-18	-2.096385287586593e-16	2.957834693272139e+05	1.612310113761895e+04	8.534704998557480e-03	3.810230804076310e+04	8.508899103619564e+03	8.701777277367431e+03	9.153843678780112e-18	-inf	
31	2.000000000000000e-01	1.000000000000000e+00	1.982173623227352e-03	6.552531375330128e-03	0.000000000000000e+00	0.000000000000000e+00	2.957834693272139e+05	1.612310113761895e+04	8.534704998557480e-03	3.810230804076310e+04	8.508899103619564e+03	8.701777277367431e+03	0.000000000000000e+00	-inf	
32	3.999999999999999e-01	1.000000000000000e+00	1.982173623227352e-03	6.552531375330128e-03	0.000000000000000e+00	0.000000000000000e+00	2.957834693272139e+05	1.612310113761895e+04	8.534704998557480e-03	3.810230804076310e+04	8.508899103619564e+03	8.701777277367431e+03	0.000000000000000e+00	-inf	
33	6.000000000000000e-01	1.000000000000000e+00	1.982173623227352e-03	6.552531375330128e-03	1.173248165287073e-16	-3.501554601825829e-16	2.957834693272139e+05	1.612310113761895e+04	8.534704998557480e-03	3.810230804076310e+04	8.508899103619564e+03	8.701777277367431e+03	1.612433323028147e-17	-inf	
34	8.000000000000000e-01	1.000000000000000e+00	1.982173623227353e-03	6.552531375330128e-03	0.000000000000000e+00	2.310116542503188e-16	2.957834693272139e+05	1.612310113761895e+04	8.534704998557480e-03	3.810230804076310e+04	8.508899103619564e+03	8.701777277367431e+03	1.008671920050841e-17	-inf	
35	1.000000000000000e+00	1.000000000000000e+00	1.982173623227352e-03	6.552531375330128e-03	-2.328306436538686e-16	-1.332409738097342e-16	2.957834693272139e+05	1.612310113761895e+04	8.534704998557480e-03	3.810230804076310e+04	8.508899103619564e+03	8.701777277367431e+03	1.171308979295492e-17	-inf	
EXT_ITER= 5756
AOA= 0.000000000000000e+00
SIDESLIP_ANGLE= 0.000000000000000e+00
INITIAL_BCTHRUST= 4.000000000000000e+03
DCD_DCL_VALUE= 0.000000000000000e+00
DCMX_DCL_VALUE= 0.000000000000000e+00
DCMY_DCL_VALUE= 0.000000000000000e+00
DCMZ_DCL_VALUE= 0.000000000000000e+00
