"PointID"	"x"	"y"	"Density[0]"	"Density[1]"	"Momentum_x"	"Momentum_y"	"Energy"	"Electronic_Energy"	"Total_Density"	"Pressure"	"Temperature"	"Tve"	"Mach"	"C<sub>p</sub>"
0	0.000000000000000e+00	0.000000000000000e+00	1.929733527020551e-03	6.604971471536956e-03	0.000000000000000e+00	0.000000000000000e+00	2.957834693272139e+05	1.527303634371470e+04	8.534704998557508e-03	3.763382428652798e+04	8.375168300188087e+03	8.529137709611328e+03	0.000000000000000e+00	-inf	
1	2.000000000000000e-01	0.000000000000000e+00	1.929733527020551e-03	6.604971471536956e-03	0.000000000000000e+00	1.274656824534781e-15	2.957834693272139e+05	1.527303634371470e+04	8.534704998557508e-03	3.763382428652798e+04	8.375168300188087e+03	8.529137709611328e+03	5.597539472611966e-17	-inf	
2	4.000000000000000e-01	0.000000000000000e+00	1.929733527020551e-03	6.604971471536956e-03	0.000000000000000e+00	-9.795257938094262e-16	2.957834693272139e+05	1.527303634371470e+04	8.534704998557508e-03	3.763382428652798e+04	8.375168300188087e+03	8.529137709611328e+03	4.301498403141546e-17	-inf	
3	6.000000000000001e-01	0.000000000000000e+00	1.929733527020551e-03	6.604971471536956e-03	0.000000000000000e+00	-8.235474524553624e-16	2.957834693272139e+05	1.527303634371470e+04	8.534704998557508e-03	3.763382428652798e+04	8.375168300188087e+03	8.529137709611328e+03	3.616533708490832e-17	-inf	
4	8.000000000000000e-01	0.000000000000000e+00	1.929733527020551e-03	6.604971471536956e-03	1.973603502847254e-16	0.000000000000000e+00	2.957834693272139e+05	1.527303634371470e+04	8.534704998557508e-03	3.763382428652798e+04	8.375168300188087e+03	8.529137709611328e+03	8.666900218029082e-18	-inf	
5	1.000000000000000e+00	0.000000000000000e+00	1.929733527020552e-03	6.604971471536956e-03	3.433342499192793e-16	-3.092281986027950e-17	2.957834693272139e+05	1.527303634371470e+04	8.534704998557508e-03	3.763382428652795e+04	8.375168300188079e+03	8.529137709611328e+03	1.513824029555374e-17	-inf	
6	0.000000000000000e+00	2.000000000000000e-01	1.929733527020551e-03	6.604971471536956e-03	0.000000000000000e+00	0.000000000000000e+00	2.957834693272139e+05	1.527303634371470e+04	8.534704998557508e-03	3.763382428652798e+04	8.375168300188087e+03	8.529137709611328e+03	0.000000000000000e+00	-inf	
7	2.000000000000000e-01	2.000000000000000e-01	1.929733527020551e-03	6.604971471536956e-03	-5.684341886080819e-16	-1.818989403545857e-18	2.957834693272139e+05	1.527303634371470e+04	8.534704998557508e-03	3.763382428652798e+04	8.375168300188087e+03	8.529137709611328e+03	2.496239801971379e-17	-inf	
8	4.000000000000000e-01	2.000000000000000e-01	1.929733527020551e-03	6.604971471536956e-03	-6.364189175656172e-16	1.991793396882712e-16	2.957834693272139e+05	1.527303634371470e+04	8.534704998557508e-03	3.763382428652798e+04	8.375168300188087e+03	8.529137709611328e+03	2.928452344659422e-17	-inf	
9	5.999999999999999e-01	2.000000000000000e-01	1.929733527020551e-03	6.604971471536956e-03	0.000000000000000e+00	6.209575076354704e-16	2.957834693272139e+05	1.527303634371470e+04	8.534704998557508e-03	3.763382428652798e+04	8.375168300188087e+03	8.529137709611328e+03	2.726878398091885e-17	-inf	
10	7.999999999999999e-01	2.000000000000000e-01	1.929733527020551e-03	6.604971471536956e-03	1.866737875388941e-16	-4.235971573507283e-16	2.957834693272139e+05	1.527303634371470e+04	8.534704998557508e-03	3.763382428652798e+04	8.375168300188087e+03	8.529137709611328e+03	2.032808111125793e-17	-inf	
11	1.000000000000000e+00	2.000000000000000e-01	1.929733527020552e-03	6.604971471536956e-03	3.492459654808053e-16	-1.709850039333105e-16	2.957834693272139e+05	1.527303634371470e+04	8.534704998557508e-03	3.763382428652795e+04	8.375168300188079e+03	8.529137709611328e+03	1.707623639818276e-17	-inf	
12	0.000000000000000e+00	3.999999999999999e-01	1.929733527020551e-03	6.604971471536956e-03	-1.263288140762635e-15	0.000000000000000e+00	2.957834693272139e+05	1.527303634371470e+04	8.534704998557508e-03	3.763382428652798e+04	8.375168300188087e+03	8.529137709611328e+03	5.547614932185601e-17	-inf	
13	2.000000000000000e-01	3.999999999999999e-01	1.929733527020551e-03	6.604971471536956e-03	5.072116549683746e-16	0.000000000000000e+00	2.957834693272139e+05	1.527303634371470e+04	8.534704998557508e-03	3.763382428652798e+04	8.375168300188087e+03	8.529137709611328e+03	2.227373835063830e-17	-inf	
14	3.999999999999999e-01	4.000000000000001e-01	1.929733527020552e-03	6.604971471536956e-03	1.497802371716111e-16	0.000000000000000e+00	2.957834693272139e+05	1.527303634371470e+04	8.534704998557508e-03	3.763382428652795e+04	8.375168300188079e+03	8.529137709611328e+03	6.577462840567081e-18	-inf	
15	6.000000000000001e-01	4.000000000000000e-01	1.929733527020552e-03	6.604971471536956e-03	-5.691163096344144e-16	-9.094947017729280e-19	2.957834693272139e+05	1.527303634371470e+04	8.534704998557508e-03	3.763382428652795e+04	8.375168300188079e+03	8.529137709611328e+03	2.499225685086288e-17	-inf	
16	8.000000000000000e-01	4.000000000000000e-01	1.929733527020551e-03	6.604971471536956e-03	-2.085016603814442e-16	0.000000000000000e+00	2.957834693272139e+05	1.527303634371470e+04	8.534704998557508e-03	3.763382428652798e+04	8.375168300188087e+03	8.529137709611328e+03	9.156160714208160e-18	-inf	
17	1.000000000000000e+00	4.000000000000000e-01	1.929733527020551e-03	6.604971471536956e-03	0.000000000000000e+00	0.000000000000000e+00	2.957834693272139e+05	1.527303634371470e+04	8.534704998557508e-03	3.763382428652798e+04	8.375168300188087e+03	8.529137709611328e+03	0.000000000000000e+00	-inf	
18	0.000000000000000e+00	6.000000000000000e-01	1.929733527020551e-03	6.604971471536956e-03	9.795257938094262e-16	1.973603502847253e-16	2.957834693272139e+05	1.527303634371470e+04	8.534704998557508e-03	3.763382428652798e+04	8.375168300188087e+03	8.529137709611328e+03	4.387942582363857e-17	-inf	
19	2.000000000000000e-01	6.000000000000000e-01	1.929733527020551e-03	6.604971471536956e-03	7.385301398670925e-18	1.818989403545857e-18	2.957834693272139e+05	1.527303634371470e+04	8.534704998557508e-03	3.763382428652798e+04	8.375168300188087e+03	8.529137709611328e+03	3.340110409439683e-19	-inf	
20	4.000000000000001e-01	6.000000000000002e-01	1.929733527020551e-03	6.604971471536956e-03	0.000000000000000e+00	-1.991793396882714e-16	2.957834693272139e+05	1.527303634371470e+04	8.534704998557508e-03	3.763382428652798e+04	8.375168300188087e+03	8.529137709611328e+03	8.746779482711385e-18	-inf	
21	6.000000000000000e-01	6.000000000000001e-01	1.929733527020551e-03	6.604971471536956e-03	-7.385301398670498e-18	-2.110027708113198e-16	2.957834693272139e+05	1.527303634371470e+04	8.534704998557508e-03	3.763382428652798e+04	8.375168300188087e+03	8.529137709611328e+03	9.271668701872494e-18	-inf	
22	8.000000000000000e-01	6.000000000000001e-01	1.929733527020551e-03	6.604971471536956e-03	2.094111550832169e-16	-9.094947017729286e-19	2.957834693272139e+05	1.527303634371470e+04	8.534704998557508e-03	3.763382428652798e+04	8.375168300188087e+03	8.529137709611328e+03	9.196187077155169e-18	-inf	
23	1.000000000000000e+00	6.000000000000001e-01	1.929733527020552e-03	6.604971471536956e-03	1.139142113970602e-15	-9.094947017729280e-19	2.957834693272139e+05	1.527303634371470e+04	8.534704998557508e-03	3.763382428652795e+04	8.375168300188079e+03	8.529137709611328e+03	5.002440545125056e-17	-inf	
24	0.000000000000000e+00	8.000000000000000e-01	1.929733527020552e-03	6.604971471536956e-03	-3.124114300590028e-16	0.000000000000000e+00	2.957834693272139e+05	1.527303634371470e+04	8.534704998557508e-03	3.763382428652795e+04	8.375168300188079e+03	8.529137709611328e+03	1.371926370918438e-17	-inf	
25	2.000000000000000e-01	8.000000000000000e-01	1.929733527020551e-03	6.604971471536956e-03	-2.110027708113199e-16	5.675246939063088e-16	2.957834693272139e+05	1.527303634371470e+04	8.534704998557508e-03	3.763382428652798e+04	8.375168300188087e+03	8.529137709611328e+03	2.658911844009160e-17	-inf	
26	3.999999999999999e-01	8.000000000000000e-01	1.929733527020551e-03	6.604971471536956e-03	-9.094947017729284e-19	0.000000000000000e+00	2.957834693272139e+05	1.527303634371470e+04	8.534704998557508e-03	3.763382428652798e+04	8.375168300188087e+03	8.529137709611328e+03	3.993963234114786e-20	-inf	
27	6.000000000000000e-01	8.000000000000000e-01	1.929733527020551e-03	6.604971471536956e-03	0.000000000000000e+00	-6.134541763458478e-16	2.957834693272139e+05	1.527303634371470e+04	8.534704998557508e-03	3.763382428652798e+04	8.375168300188087e+03	8.529137709611328e+03	2.693928201410456e-17	-inf	
28	8.000000000000000e-01	8.000000000000000e-01	1.929733527020551e-03	6.604971471536956e-03	0.000000000000000e+00	1.969056029338384e-16	2.957834693272139e+05	1.527303634371470e+04	8.534704998557508e-03	3.763382428652798e+04	8.375168300188087e+03	8.529137709611328e+03	8.646930401858486e-18	-inf	
29	1.000000000000000e+00	8.000000000000000e-01	1.929733527020551e-03	6.604971471536956e-03	-8.217284630518167e-16	-1.841726771090193e-16	2.957834693272139e+05	1.527303634371470e+04	8.534704998557508e-03	3.763382428652798e+04	8.375168300188087e+03	8.529137709611328e+03	3.698070279791406e-17	-inf	
30	0.000000000000000e+00	1.000000000000000e+00	1.929733527020551e-03	6.604971471536956e-03	1.818989403545857e-18	-3.965396899729969e-16	2.957834693272139e+05	1.527303634371470e+04	8.534704998557508e-03	3.763382428652798e+04	8.375168300188087e+03	8.529137709611328e+03	1.741386290909938e-17	-inf	
31	2.000000000000000e-01	1.000000000000000e+00	1.929733527020551e-03	6.604971471536956e-03	0.000000000000000e+00	0.000000000000000e+00	2.957834693272139e+05	1.527303634371470e+04	8.534704998557508e-03	3.763382428652798e+04	8.375168300188087e+03	8.529137709611328e+03	0.000000000000000e+00	-inf	
32	3.999999999999999e-01	1.000000000000000e+00	1.929733527020551e-03	6.604971471536956e-03	0.000000000000000e+00	0.000000000000000e+00	2.957834693272139e+05	1.527303634371470e+04	8.534704998557508e-03	3.763382428652798e+04	8.375168300188087e+03	8.529137709611328e+03	0.000000000000000e+00	-inf	
33	6.000000000000000e-01	1.000000000000000e+00	1.929733527020551e-03	6.604971471536956e-03	2.107753971358762e-16	-5.725269147660553e-16	2.957834693272139e+05	1.527303634371470e+04	8.534704998557508e-03	3.763382428652798e+04	8.375168300188087e+03	8.529137709611328e+03	2.679167424508172e-17	-inf	
34	8.000000000000000e-01	1.000000000000000e+00	1.929733527020552e-03	6.604971471536956e-03	0.000000000000000e+00	2.592059900052795e-16	2.957834693272139e+05	1.527303634371470e+04	8.534704998557508e-03	3.763382428652795e+04	8.375168300188079e+03	8.529137709611328e+03	1.138279521722692e-17	-inf	
35	1.000000000000000e+00	1.000000000000000e+00	1.929733527020551e-03	6.604971471536956e-03	-4.197318048682064e-16	3.235562306570556e-32	2.957834693272139e+05	1.527303634371470e+04	8.534704998557508e-03	3.763382428652798e+04	8.375168300188087e+03	8.529137709611328e+03	1.843214032543973e-17	-inf	
EXT_ITER= 7210
AOA= 0.000000000000000e+00
SIDESLIP_ANGLE= 0.000000000000000e+00
INITIAL_BCTHRUST= 4.000000000000000e+03
DCD_DCL_VALUE= 0.000000000000000e+00
DCMX_DCL_VALUE= 0.000000000000000e+00
DCMY_DCL_VALUE= 0.000000000000000e+00
DCMZ_DCL_VALUE= 0.000000000000000e+00
