"PointID"	"x"	"y"	"Density[0]"	"Density[1]"	"Momentum_x"	"Momentum_y"	"Energy"	"Electronic_Energy"	"Total_Density"	"Pressure"	"Temperature"	"Tve"	"Mach"	"C<sub>p</sub>"
0	0.000000000000000e+00	0.000000000000000e+00	2.029548840332865e-03	6.505156158224614e-03	0.000000000000000e+00	0.000000000000000e+00	2.957834693272139e+05	1.692885230232164e+04	8.534704998557479e-03	3.849994576439927e+04	8.624780982067092e+03	8.863547212333902e+03	0.000000000000000e+00	-inf	
1	2.000000000000000e-01	0.000000000000000e+00	2.029548840332865e-03	6.505156158224614e-03	0.000000000000000e+00	9.786162991076532e-16	2.957834693272139e+05	1.692885230232164e+04	8.534704998557479e-03	3.849994576439927e+04	8.624780982067092e+03	8.863547212333902e+03	4.252594991644992e-17	-inf	
2	4.000000000000000e-01	0.000000000000000e+00	2.029548840332865e-03	6.505156158224614e-03	0.000000000000000e+00	-7.626113074365813e-16	2.957834693272139e+05	1.692885230232164e+04	8.534704998557479e-03	3.849994576439927e+04	8.624780982067092e+03	8.863547212333902e+03	3.313941357336712e-17	-inf	
3	6.000000000000001e-01	0.000000000000000e+00	2.029548840332865e-03	6.505156158224614e-03	0.000000000000000e+00	-3.992681740783222e-16	2.957834693272139e+05	1.692885230232164e+04	8.534704998557479e-03	3.849994576439927e+04	8.624780982067092e+03	8.863547212333902e+03	1.735027138784589e-17	-inf	
4	8.000000000000000e-01	0.000000000000000e+00	2.029548840332865e-03	6.505156158224614e-03	1.350599632132794e-16	0.000000000000000e+00	2.957834693272139e+05	1.692885230232164e+04	8.534704998557479e-03	3.849994576439927e+04	8.624780982067092e+03	8.863547212333902e+03	5.869055355569615e-18	-inf	
5	1.000000000000000e+00	0.000000000000000e+00	2.029548840332866e-03	6.505156158224614e-03	2.019078237935876e-16	2.314664016012129e-16	2.957834693272139e+05	1.692885230232164e+04	8.534704998557480e-03	3.849994576439926e+04	8.624780982067090e+03	8.863547212333902e+03	1.334742497981160e-17	-inf	
6	0.000000000000000e+00	2.000000000000000e-01	2.029548840332865e-03	6.505156158224614e-03	0.000000000000000e+00	0.000000000000000e+00	2.957834693272139e+05	1.692885230232164e+04	8.534704998557479e-03	3.849994576439927e+04	8.624780982067092e+03	8.863547212333902e+03	0.000000000000000e+00	-inf	
7	2.000000000000000e-01	2.000000000000000e-01	2.029548840332865e-03	6.505156158224614e-03	-3.858531272271550e-16	-1.818989403545857e-18	2.957834693272139e+05	1.692885230232164e+04	8.534704998557479e-03	3.849994576439927e+04	8.624780982067092e+03	8.863547212333902e+03	1.676750439297229e-17	-inf	
8	4.000000000000000e-01	2.000000000000000e-01	2.029548840332865e-03	6.505156158224614e-03	-4.883986548520535e-16	1.368789526168251e-16	2.957834693272139e+05	1.692885230232164e+04	8.534704998557479e-03	3.849994576439927e+04	8.624780982067092e+03	8.863547212333902e+03	2.204120769367017e-17	-inf	
9	5.999999999999999e-01	2.000000000000000e-01	2.029548840332865e-03	6.505156158224614e-03	0.000000000000000e+00	3.349214239278862e-16	2.957834693272139e+05	1.692885230232164e+04	8.534704998557479e-03	3.849994576439927e+04	8.624780982067092e+03	8.863547212333902e+03	1.455407161406433e-17	-inf	
10	7.999999999999999e-01	2.000000000000000e-01	2.029548840332865e-03	6.505156158224614e-03	1.191438059322538e-16	-2.544311428209779e-16	2.957834693272139e+05	1.692885230232164e+04	8.534704998557479e-03	3.849994576439927e+04	8.624780982067092e+03	8.863547212333902e+03	1.220854409337498e-17	-inf	
11	1.000000000000000e+00	2.000000000000000e-01	2.029548840332866e-03	6.505156158224614e-03	2.150954969692968e-16	-1.027729013003401e-16	2.957834693272139e+05	1.692885230232164e+04	8.534704998557480e-03	3.849994576439926e+04	8.624780982067090e+03	8.863547212333902e+03	1.035914880414742e-17	-inf	
12	0.000000000000000e+00	3.999999999999999e-01	2.029548840332865e-03	6.505156158224614e-03	-1.061835064319887e-15	0.000000000000000e+00	2.957834693272139e+05	1.692885230232164e+04	8.534704998557479e-03	3.849994576439927e+04	8.624780982067092e+03	8.863547212333902e+03	4.614223654968018e-17	-inf	
13	2.000000000000000e-01	3.999999999999999e-01	2.029548840332865e-03	6.505156158224614e-03	3.587535680420951e-16	0.000000000000000e+00	2.957834693272139e+05	1.692885230232164e+04	8.534704998557479e-03	3.849994576439927e+04	8.624780982067092e+03	8.863547212333902e+03	1.558970178691819e-17	-inf	
14	3.999999999999999e-01	4.000000000000001e-01	2.029548840332866e-03	6.505156158224614e-03	9.568222555427411e-17	0.000000000000000e+00	2.957834693272139e+05	1.692885230232164e+04	8.534704998557480e-03	3.849994576439926e+04	8.624780982067090e+03	8.863547212333902e+03	4.157888577500502e-18	-inf	
15	6.000000000000001e-01	4.000000000000000e-01	2.029548840332866e-03	6.505156158224614e-03	-2.798969944706226e-16	-9.094947017729280e-19	2.957834693272139e+05	1.692885230232164e+04	8.534704998557480e-03	3.849994576439926e+04	8.624780982067090e+03	8.863547212333902e+03	1.216303919918162e-17	-inf	
16	8.000000000000000e-01	4.000000000000000e-01	2.029548840332865e-03	6.505156158224614e-03	-1.414264261256903e-16	0.000000000000000e+00	2.957834693272139e+05	1.692885230232164e+04	8.534704998557479e-03	3.849994576439927e+04	8.624780982067092e+03	8.863547212333902e+03	6.145711163576282e-18	-inf	
17	1.000000000000000e+00	4.000000000000000e-01	2.029548840332865e-03	6.505156158224614e-03	0.000000000000000e+00	0.000000000000000e+00	2.957834693272139e+05	1.692885230232164e+04	8.534704998557479e-03	3.849994576439927e+04	8.624780982067092e+03	8.863547212333902e+03	0.000000000000000e+00	-inf	
18	0.000000000000000e+00	6.000000000000000e-01	2.029548840332865e-03	6.505156158224614e-03	7.626113074365813e-16	1.350599632132793e-16	2.957834693272139e+05	1.692885230232164e+04	8.534704998557479e-03	3.849994576439927e+04	8.624780982067092e+03	8.863547212333902e+03	3.365511168832172e-17	-inf	
19	2.000000000000000e-01	6.000000000000000e-01	2.029548840332865e-03	6.505156158224614e-03	-2.441316688707702e-17	1.818989403545857e-18	2.957834693272139e+05	1.692885230232164e+04	8.534704998557479e-03	3.849994576439927e+04	8.624780982067092e+03	8.863547212333902e+03	1.063819293593028e-18	-inf	
20	4.000000000000001e-01	6.000000000000002e-01	2.029548840332865e-03	6.505156158224614e-03	0.000000000000000e+00	-1.368789526168253e-16	2.957834693272139e+05	1.692885230232164e+04	8.534704998557479e-03	3.849994576439927e+04	8.624780982067092e+03	8.863547212333902e+03	5.948099872142948e-18	-inf	
21	6.000000000000000e-01	6.000000000000001e-01	2.029548840332865e-03	6.505156158224614e-03	2.441316688707732e-17	-1.371063262922688e-16	2.957834693272139e+05	1.692885230232164e+04	8.534704998557479e-03	3.849994576439927e+04	8.624780982067092e+03	8.863547212333902e+03	6.051693509927175e-18	-inf	
22	8.000000000000000e-01	6.000000000000001e-01	2.029548840332865e-03	6.505156158224614e-03	1.423359208274630e-16	-9.094947017729286e-19	2.957834693272139e+05	1.692885230232164e+04	8.534704998557479e-03	3.849994576439927e+04	8.624780982067092e+03	8.863547212333902e+03	6.185359689769898e-18	-inf	
23	1.000000000000000e+00	6.000000000000001e-01	2.029548840332866e-03	6.505156158224614e-03	5.607034836430182e-16	-9.094947017729280e-19	2.957834693272139e+05	1.692885230232164e+04	8.534704998557480e-03	3.849994576439926e+04	8.624780982067090e+03	8.863547212333902e+03	2.436550428744521e-17	-inf	
24	0.000000000000000e+00	8.000000000000000e-01	2.029548840332866e-03	6.505156158224614e-03	-1.718944986350846e-16	0.000000000000000e+00	2.957834693272139e+05	1.692885230232164e+04	8.534704998557480e-03	3.849994576439926e+04	8.624780982067090e+03	8.863547212333902e+03	7.469706816179586e-18	-inf	
25	2.000000000000000e-01	8.000000000000000e-01	2.029548840332865e-03	6.505156158224614e-03	-1.371063262922689e-16	3.849436325253821e-16	2.957834693272139e+05	1.692885230232164e+04	8.534704998557479e-03	3.849994576439927e+04	8.624780982067092e+03	8.863547212333902e+03	1.775715866556931e-17	-inf	
26	3.999999999999999e-01	8.000000000000000e-01	2.029548840332865e-03	6.505156158224614e-03	-9.094947017729284e-19	0.000000000000000e+00	2.957834693272139e+05	1.692885230232164e+04	8.534704998557479e-03	3.849994576439927e+04	8.624780982067092e+03	8.863547212333902e+03	3.952225828666423e-20	-inf	
27	6.000000000000000e-01	8.000000000000000e-01	2.029548840332865e-03	6.505156158224614e-03	0.000000000000000e+00	-4.458797775441635e-16	2.957834693272139e+05	1.692885230232164e+04	8.534704998557479e-03	3.849994576439927e+04	8.624780982067092e+03	8.863547212333902e+03	1.937578712503650e-17	-inf	
28	8.000000000000000e-01	8.000000000000000e-01	2.029548840332865e-03	6.505156158224614e-03	0.000000000000000e+00	1.348325895378358e-16	2.957834693272139e+05	1.692885230232164e+04	8.534704998557479e-03	3.849994576439927e+04	8.624780982067092e+03	8.863547212333902e+03	5.859174790997936e-18	-inf	
29	1.000000000000000e+00	8.000000000000000e-01	2.029548840332865e-03	6.505156158224614e-03	-3.974491846747763e-16	-1.195985532831409e-16	2.957834693272139e+05	1.692885230232164e+04	8.534704998557479e-03	3.849994576439927e+04	8.624780982067092e+03	8.863547212333902e+03	1.803623924329398e-17	-inf	
30	0.000000000000000e+00	1.000000000000000e+00	2.029548840332865e-03	6.505156158224614e-03	1.818989403545857e-18	-2.719389158301049e-16	2.957834693272139e+05	1.692885230232164e+04	8.534704998557479e-03	3.849994576439927e+04	8.624780982067092e+03	8.863547212333902e+03	1.181741958768727e-17	-inf	
31	2.000000000000000e-01	1.000000000000000e+00	2.029548840332865e-03	6.505156158224614e-03	0.000000000000000e+00	0.000000000000000e+00	2.957834693272139e+05	1.692885230232164e+04	8.534704998557479e-03	3.849994576439927e+04	8.624780982067092e+03	8.863547212333902e+03	0.000000000000000e+00	-inf	
32	3.999999999999999e-01	1.000000000000000e+00	2.029548840332865e-03	6.505156158224614e-03	0.000000000000000e+00	0.000000000000000e+00	2.957834693272139e+05	1.692885230232164e+04	8.534704998557479e-03	3.849994576439927e+04	8.624780982067092e+03	8.863547212333902e+03	0.000000000000000e+00	-inf	
33	6.000000000000000e-01	1.000000000000000e+00	2.029548840332865e-03	6.505156158224614e-03	1.437001628801221e-16	-2.664819476194715e-16	2.957834693272139e+05	1.692885230232164e+04	8.534704998557479e-03	3.849994576439927e+04	8.624780982067092e+03	8.863547212333902e+03	1.315640118893933e-17	-inf	
34	8.000000000000000e-01	1.000000000000000e+00	2.029548840332866e-03	6.505156158224614e-03	0.000000000000000e+00	4.602043190970982e-16	2.957834693272139e+05	1.692885230232164e+04	8.534704998557480e-03	3.849994576439926e+04	8.624780982067090e+03	8.863547212333902e+03	1.999826269305194e-17	-inf	
35	1.000000000000000e+00	1.000000000000000e+00	2.029548840332865e-03	6.505156158224614e-03	-2.855813363566983e-16	-2.428350853733747e-16	2.957834693272139e+05	1.692885230232164e+04	8.534704998557479e-03	3.849994576439927e+04	8.624780982067092e+03	8.863547212333902e+03	1.628993192096634e-17	-inf	
EXT_ITER= 4730
AOA= 0.000000000000000e+00
SIDESLIP_ANGLE= 0.000000000000000e+00
INITIAL_BCTHRUST= 4.000000000000000e+03
DCD_DCL_VALUE= 0.000000000000000e+00
DCMX_DCL_VALUE= 0.000000000000000e+00
DCMY_DCL_VALUE= 0.000000000000000e+00
DCMZ_DCL_VALUE= 0.000000000000000e+00
