"PointID"	"x"	"y"	"Density[0]"	"Density[1]"	"Momentum_x"	"Momentum_y"	"Energy"	"Electronic_Energy"	"Total_Density"	"Pressure"	"Temperature"	"Tve"	"Mach"	"C<sub>p</sub>"
0	0.000000000000000e+00	0.000000000000000e+00	1.939278346703013e-03	6.595426651854489e-03	0.000000000000000e+00	0.000000000000000e+00	2.957834693272139e+05	1.542510567407223e+04	8.534704998557503e-03	3.772093965839408e+04	8.399850964223871e+03	8.560216527723147e+03	0.000000000000000e+00	-inf	
1	2.000000000000000e-01	0.000000000000000e+00	1.939278346703013e-03	6.595426651854489e-03	0.000000000000000e+00	1.246007741428930e-15	2.957834693272139e+05	1.542510567407223e+04	8.534704998557503e-03	3.772093965839408e+04	8.399850964223871e+03	8.560216527723147e+03	5.465861979042203e-17	-inf	
2	4.000000000000000e-01	0.000000000000000e+00	1.939278346703013e-03	6.595426651854489e-03	0.000000000000000e+00	-9.540599421597808e-16	2.957834693272139e+05	1.542510567407223e+04	8.534704998557503e-03	3.772093965839408e+04	8.399850964223871e+03	8.560216527723147e+03	4.185174610229973e-17	-inf	
3	6.000000000000001e-01	0.000000000000000e+00	1.939278346703013e-03	6.595426651854489e-03	0.000000000000000e+00	-7.680682756472185e-16	2.957834693272139e+05	1.542510567407223e+04	8.534704998557503e-03	3.772093965839408e+04	8.399850964223871e+03	8.560216527723147e+03	3.369284993650334e-17	-inf	
4	8.000000000000000e-01	0.000000000000000e+00	1.939278346703013e-03	6.595426651854489e-03	1.880380295915528e-16	0.000000000000000e+00	2.957834693272139e+05	1.542510567407223e+04	8.534704998557503e-03	3.772093965839408e+04	8.399850964223871e+03	8.560216527723147e+03	8.248663972021596e-18	-inf	
5	1.000000000000000e+00	0.000000000000000e+00	1.939278346703014e-03	6.595426651854489e-03	3.137756721116586e-16	-5.456968210637553e-18	2.957834693272139e+05	1.542510567407223e+04	8.534704998557503e-03	3.772093965839408e+04	8.399850964223870e+03	8.560216527723147e+03	1.376647836946736e-17	-inf	
6	0.000000000000000e+00	2.000000000000000e-01	1.939278346703013e-03	6.595426651854489e-03	0.000000000000000e+00	0.000000000000000e+00	2.957834693272139e+05	1.542510567407223e+04	8.534704998557503e-03	3.772093965839408e+04	8.399850964223871e+03	8.560216527723147e+03	0.000000000000000e+00	-inf	
7	2.000000000000000e-01	2.000000000000000e-01	1.939278346703013e-03	6.595426651854489e-03	-5.427409632829933e-16	-1.818989403545857e-18	2.957834693272139e+05	1.542510567407223e+04	8.534704998557503e-03	3.772093965839408e+04	8.399850964223871e+03	8.560216527723147e+03	2.380855076429577e-17	-inf	
8	4.000000000000000e-01	2.000000000000000e-01	1.939278346703013e-03	6.595426651854489e-03	-6.220943760126917e-16	1.898570189950987e-16	2.957834693272139e+05	1.542510567407223e+04	8.534704998557503e-03	3.772093965839408e+04	8.399850964223871e+03	8.560216527723147e+03	2.853200435565653e-17	-inf	
9	5.999999999999999e-01	2.000000000000000e-01	1.939278346703013e-03	6.595426651854489e-03	0.000000000000000e+00	5.838955985382261e-16	2.957834693272139e+05	1.542510567407223e+04	8.534704998557503e-03	3.772093965839408e+04	8.399850964223871e+03	8.560216527723147e+03	2.561374737624147e-17	-inf	
10	7.999999999999999e-01	2.000000000000000e-01	1.939278346703013e-03	6.595426651854489e-03	1.796252036001539e-16	-3.965396899729859e-16	2.957834693272139e+05	1.542510567407223e+04	8.534704998557503e-03	3.772093965839408e+04	8.399850964223871e+03	8.560216527723147e+03	1.909645575483168e-17	-inf	
11	1.000000000000000e+00	2.000000000000000e-01	1.939278346703014e-03	6.595426651854489e-03	3.155946615152064e-16	-1.562057150295002e-16	2.957834693272139e+05	1.542510567407223e+04	8.534704998557503e-03	3.772093965839408e+04	8.399850964223870e+03	8.560216527723147e+03	1.544717763647422e-17	-inf	
12	0.000000000000000e+00	3.999999999999999e-01	1.939278346703013e-03	6.595426651854489e-03	-1.265561877517064e-15	0.000000000000000e+00	2.957834693272139e+05	1.542510567407223e+04	8.534704998557503e-03	3.772093965839408e+04	8.399850964223871e+03	8.560216527723147e+03	5.551640104990750e-17	-inf	
13	2.000000000000000e-01	3.999999999999999e-01	1.939278346703013e-03	6.595426651854489e-03	4.892703001354898e-16	0.000000000000000e+00	2.957834693272139e+05	1.542510567407223e+04	8.534704998557503e-03	3.772093965839408e+04	8.399850964223871e+03	8.560216527723147e+03	2.146281954812139e-17	-inf	
14	3.999999999999999e-01	4.000000000000001e-01	1.939278346703014e-03	6.595426651854489e-03	1.475276659443100e-16	0.000000000000000e+00	2.957834693272139e+05	1.542510567407223e+04	8.534704998557503e-03	3.772093965839408e+04	8.399850964223870e+03	8.560216527723147e+03	6.471595908522190e-18	-inf	
15	6.000000000000001e-01	4.000000000000000e-01	1.939278346703014e-03	6.595426651854489e-03	-5.322817742126126e-16	-9.094947017729280e-19	2.957834693272139e+05	1.542510567407223e+04	8.534704998557503e-03	3.772093965839408e+04	8.399850964223870e+03	8.560216527723147e+03	2.334963790446969e-17	-inf	
16	8.000000000000000e-01	4.000000000000000e-01	1.939278346703013e-03	6.595426651854489e-03	-1.966782292583959e-16	0.000000000000000e+00	2.957834693272139e+05	1.542510567407223e+04	8.534704998557503e-03	3.772093965839408e+04	8.399850964223871e+03	8.560216527723147e+03	8.627683598305551e-18	-inf	
17	1.000000000000000e+00	4.000000000000000e-01	1.939278346703013e-03	6.595426651854489e-03	0.000000000000000e+00	0.000000000000000e+00	2.957834693272139e+05	1.542510567407223e+04	8.534704998557503e-03	3.772093965839408e+04	8.399850964223871e+03	8.560216527723147e+03	0.000000000000000e+00	-inf	
18	0.000000000000000e+00	6.000000000000000e-01	1.939278346703013e-03	6.595426651854489e-03	9.540599421597808e-16	1.880380295915527e-16	2.957834693272139e+05	1.542510567407223e+04	8.534704998557503e-03	3.772093965839408e+04	8.399850964223871e+03	8.560216527723147e+03	4.265687645778448e-17	-inf	
19	2.000000000000000e-01	6.000000000000000e-01	1.939278346703013e-03	6.595426651854489e-03	7.655006128376495e-18	1.818989403545857e-18	2.957834693272139e+05	1.542510567407223e+04	8.534704998557503e-03	3.772093965839408e+04	8.399850964223871e+03	8.560216527723147e+03	3.451522831513151e-19	-inf	
20	4.000000000000001e-01	6.000000000000002e-01	1.939278346703013e-03	6.595426651854489e-03	0.000000000000000e+00	-1.898570189950988e-16	2.957834693272139e+05	1.542510567407223e+04	8.534704998557503e-03	3.772093965839408e+04	8.399850964223871e+03	8.560216527723147e+03	8.328457577555063e-18	-inf	
21	6.000000000000000e-01	6.000000000000001e-01	1.939278346703013e-03	6.595426651854489e-03	-7.655006128376104e-18	-2.016804501181474e-16	2.957834693272139e+05	1.542510567407223e+04	8.534704998557503e-03	3.772093965839408e+04	8.399850964223871e+03	8.560216527723147e+03	8.853486592061247e-18	-inf	
22	8.000000000000000e-01	6.000000000000001e-01	1.939278346703013e-03	6.595426651854489e-03	1.975877239601686e-16	-9.094947017729286e-19	2.957834693272139e+05	1.542510567407223e+04	8.534704998557503e-03	3.772093965839408e+04	8.399850964223871e+03	8.560216527723147e+03	8.667672222916785e-18	-inf	
23	1.000000000000000e+00	6.000000000000001e-01	1.939278346703014e-03	6.595426651854489e-03	1.065473043126998e-15	-9.094947017729280e-19	2.957834693272139e+05	1.542510567407223e+04	8.534704998557503e-03	3.772093965839408e+04	8.399850964223870e+03	8.560216527723147e+03	4.673912146930746e-17	-inf	
24	0.000000000000000e+00	8.000000000000000e-01	1.939278346703014e-03	6.595426651854489e-03	-2.892193151637928e-16	0.000000000000000e+00	2.957834693272139e+05	1.542510567407223e+04	8.534704998557503e-03	3.772093965839408e+04	8.399850964223870e+03	8.560216527723147e+03	1.268718327982048e-17	-inf	
25	2.000000000000000e-01	8.000000000000000e-01	1.939278346703013e-03	6.595426651854489e-03	-2.016804501181474e-16	5.418314685812202e-16	2.957834693272139e+05	1.542510567407223e+04	8.534704998557503e-03	3.772093965839408e+04	8.399850964223871e+03	8.560216527723147e+03	2.536166430953646e-17	-inf	
26	3.999999999999999e-01	8.000000000000000e-01	1.939278346703013e-03	6.595426651854489e-03	-9.094947017729284e-19	0.000000000000000e+00	2.957834693272139e+05	1.542510567407223e+04	8.534704998557503e-03	3.772093965839408e+04	8.399850964223871e+03	8.560216527723147e+03	3.989680276673085e-20	-inf	
27	6.000000000000000e-01	8.000000000000000e-01	1.939278346703013e-03	6.595426651854489e-03	0.000000000000000e+00	-5.986748874420357e-16	2.957834693272139e+05	1.542510567407223e+04	8.534704998557503e-03	3.772093965839408e+04	8.399850964223871e+03	8.560216527723147e+03	2.626207042120082e-17	-inf	
28	8.000000000000000e-01	8.000000000000000e-01	1.939278346703013e-03	6.595426651854489e-03	0.000000000000000e+00	1.898570189950982e-16	2.957834693272139e+05	1.542510567407223e+04	8.534704998557503e-03	3.772093965839408e+04	8.399850964223871e+03	8.560216527723147e+03	8.328457577555039e-18	-inf	
29	1.000000000000000e+00	8.000000000000000e-01	1.939278346703013e-03	6.595426651854489e-03	-7.662492862436728e-16	-1.748503564158468e-16	2.957834693272139e+05	1.542510567407223e+04	8.534704998557503e-03	3.772093965839408e+04	8.399850964223871e+03	8.560216527723147e+03	3.447707811613492e-17	-inf	
30	0.000000000000000e+00	1.000000000000000e+00	1.939278346703013e-03	6.595426651854489e-03	1.818989403545857e-18	-3.778950485866517e-16	2.957834693272139e+05	1.542510567407223e+04	8.534704998557503e-03	3.772093965839408e+04	8.399850964223871e+03	8.560216527723147e+03	1.657731359083622e-17	-inf	
31	2.000000000000000e-01	1.000000000000000e+00	1.939278346703013e-03	6.595426651854489e-03	0.000000000000000e+00	0.000000000000000e+00	2.957834693272139e+05	1.542510567407223e+04	8.534704998557503e-03	3.772093965839408e+04	8.399850964223871e+03	8.560216527723147e+03	0.000000000000000e+00	-inf	
32	3.999999999999999e-01	1.000000000000000e+00	1.939278346703013e-03	6.595426651854489e-03	0.000000000000000e+00	0.000000000000000e+00	2.957834693272139e+05	1.542510567407223e+04	8.534704998557503e-03	3.772093965839408e+04	8.399850964223871e+03	8.560216527723147e+03	0.000000000000000e+00	-inf	
33	6.000000000000000e-01	1.000000000000000e+00	1.939278346703013e-03	6.595426651854489e-03	1.989519660128279e-16	-5.211404641158892e-16	2.957834693272139e+05	1.542510567407223e+04	8.534704998557503e-03	3.772093965839408e+04	8.399850964223871e+03	8.560216527723147e+03	2.447012960197983e-17	-inf	
34	8.000000000000000e-01	1.000000000000000e+00	1.939278346703014e-03	6.595426651854489e-03	0.000000000000000e+00	2.555680111981877e-16	2.957834693272139e+05	1.542510567407223e+04	8.534704998557503e-03	3.772093965839408e+04	8.399850964223870e+03	8.560216527723147e+03	1.121100157745114e-17	-inf	
35	1.000000000000000e+00	1.000000000000000e+00	1.939278346703013e-03	6.595426651854489e-03	-3.960849426221097e-16	-2.546585164964193e-17	2.957834693272139e+05	1.542510567407223e+04	8.534704998557503e-03	3.772093965839408e+04	8.399850964223871e+03	8.560216527723147e+03	1.741093227236423e-17	-inf	
EXT_ITER= 6916
AOA= 0.000000000000000e+00
SIDESLIP_ANGLE= 0.000000000000000e+00
INITIAL_BCTHRUST= 4.000000000000000e+03
DCD_DCL_VALUE= 0.000000000000000e+00
DCMX_DCL_VALUE= 0.000000000000000e+00
DCMY_DCL_VALUE= 0.000000000000000e+00
DCMZ_DCL_VALUE= 0.000000000000000e+00
