"PointID"	"x"	"y"	"Density[0]"	"Density[1]"	"Momentum_x"	"Momentum_y"	"Energy"	"Electronic_Energy"	"Total_Density"	"Pressure"	"Temperature"	"Tve"	"Mach"	"C<sub>p</sub>"
0	0.000000000000000e+00	0.000000000000000e+00	1.907814372172319e-03	6.626890626385195e-03	0.000000000000000e+00	0.000000000000000e+00	2.957834693272139e+05	1.492731670610646e+04	8.534704998557515e-03	3.743124979568504e+04	8.318043809264391e+03	8.458794637477651e+03	0.000000000000000e+00	-inf	
1	2.000000000000000e-01	0.000000000000000e+00	1.907814372172319e-03	6.626890626385195e-03	0.000000000000000e+00	1.329226506641164e-15	2.957834693272139e+05	1.492731670610646e+04	8.534704998557515e-03	3.743124979568504e+04	8.318043809264391e+03	8.458794637477651e+03	5.851834767209857e-17	-inf	
2	4.000000000000000e-01	0.000000000000000e+00	1.907814372172319e-03	6.626890626385195e-03	0.000000000000000e+00	-1.049102138495064e-15	2.957834693272139e+05	1.492731670610646e+04	8.534704998557515e-03	3.743124979568504e+04	8.318043809264391e+03	8.458794637477651e+03	4.618605134434739e-17	-inf	
3	6.000000000000001e-01	0.000000000000000e+00	1.907814372172319e-03	6.626890626385195e-03	0.000000000000000e+00	-9.590621630195326e-16	2.957834693272139e+05	1.492731670610646e+04	8.534704998557515e-03	3.743124979568504e+04	8.318043809264391e+03	8.458794637477651e+03	4.222209895328451e-17	-inf	
4	8.000000000000000e-01	0.000000000000000e+00	1.907814372172319e-03	6.626890626385195e-03	3.005879989359530e-16	0.000000000000000e+00	2.957834693272139e+05	1.492731670610646e+04	8.534704998557515e-03	3.743124979568504e+04	8.318043809264391e+03	8.458794637477651e+03	1.323319459844555e-17	-inf	
5	1.000000000000000e+00	0.000000000000000e+00	1.907814372172320e-03	6.626890626385195e-03	5.552465154323729e-16	-1.004991645459083e-16	2.957834693272139e+05	1.492731670610646e+04	8.534704998557515e-03	3.743124979568498e+04	8.318043809264376e+03	8.458794637477651e+03	2.484155374311580e-17	-inf	
6	0.000000000000000e+00	2.000000000000000e-01	1.907814372172319e-03	6.626890626385195e-03	0.000000000000000e+00	0.000000000000000e+00	2.957834693272139e+05	1.492731670610646e+04	8.534704998557515e-03	3.743124979568504e+04	8.318043809264391e+03	8.458794637477651e+03	0.000000000000000e+00	-inf	
7	2.000000000000000e-01	2.000000000000000e-01	1.907814372172319e-03	6.626890626385195e-03	-6.368736649165039e-16	-1.818989403545857e-18	2.957834693272139e+05	1.492731670610646e+04	8.534704998557515e-03	3.743124979568504e+04	8.318043809264391e+03	8.458794637477651e+03	2.803807053892150e-17	-inf	
8	4.000000000000000e-01	2.000000000000000e-01	1.907814372172319e-03	6.626890626385195e-03	-6.637037586188087e-16	3.024069883394988e-16	2.957834693272139e+05	1.492731670610646e+04	8.534704998557515e-03	3.743124979568504e+04	8.318043809264391e+03	8.458794637477651e+03	3.210920526984587e-17	-inf	
9	5.999999999999999e-01	2.000000000000000e-01	1.907814372172319e-03	6.626890626385195e-03	0.000000000000000e+00	7.917151378933341e-16	2.957834693272139e+05	1.492731670610646e+04	8.534704998557515e-03	3.743124979568504e+04	8.318043809264391e+03	8.458794637477651e+03	3.485475309514931e-17	-inf	
10	7.999999999999999e-01	2.000000000000000e-01	1.907814372172319e-03	6.626890626385195e-03	2.858087100321432e-16	-4.856701707467344e-16	2.957834693272139e+05	1.492731670610646e+04	8.534704998557515e-03	3.743124979568504e+04	8.318043809264391e+03	8.458794637477651e+03	2.480889478350390e-17	-inf	
11	1.000000000000000e+00	2.000000000000000e-01	1.907814372172320e-03	6.626890626385195e-03	5.497895472217358e-16	-2.769411366898573e-16	2.957834693272139e+05	1.492731670610646e+04	8.534704998557515e-03	3.743124979568498e+04	8.318043809264376e+03	8.458794637477651e+03	2.710145315054488e-17	-inf	
12	0.000000000000000e+00	3.999999999999999e-01	1.907814372172319e-03	6.626890626385195e-03	-1.260104909306437e-15	0.000000000000000e+00	2.957834693272139e+05	1.492731670610646e+04	8.534704998557515e-03	3.743124979568504e+04	8.318043809264391e+03	8.458794637477651e+03	5.547531351330397e-17	-inf	
13	2.000000000000000e-01	3.999999999999999e-01	1.907814372172319e-03	6.626890626385195e-03	6.293563998671167e-16	0.000000000000000e+00	2.957834693272139e+05	1.492731670610646e+04	8.534704998557515e-03	3.743124979568504e+04	8.318043809264391e+03	8.458794637477651e+03	2.770701338942417e-17	-inf	
14	3.999999999999999e-01	4.000000000000001e-01	1.907814372172320e-03	6.626890626385195e-03	2.387284254556413e-16	0.000000000000000e+00	2.957834693272139e+05	1.492731670610646e+04	8.534704998557515e-03	3.743124979568498e+04	8.318043809264376e+03	8.458794637477651e+03	1.050986639991616e-17	-inf	
15	6.000000000000001e-01	4.000000000000000e-01	1.907814372172320e-03	6.626890626385195e-03	-7.435119186993685e-16	-9.094947017729280e-19	2.957834693272139e+05	1.492731670610646e+04	8.534704998557515e-03	3.743124979568498e+04	8.318043809264376e+03	8.458794637477651e+03	3.273266165786145e-17	-inf	
16	8.000000000000000e-01	4.000000000000000e-01	1.907814372172319e-03	6.626890626385195e-03	-3.087734512519093e-16	0.000000000000000e+00	2.957834693272139e+05	1.492731670610646e+04	8.534704998557515e-03	3.743124979568504e+04	8.318043809264391e+03	8.458794637477651e+03	1.359355390672395e-17	-inf	
17	1.000000000000000e+00	4.000000000000000e-01	1.907814372172319e-03	6.626890626385195e-03	0.000000000000000e+00	0.000000000000000e+00	2.957834693272139e+05	1.492731670610646e+04	8.534704998557515e-03	3.743124979568504e+04	8.318043809264391e+03	8.458794637477651e+03	0.000000000000000e+00	-inf	
18	0.000000000000000e+00	6.000000000000000e-01	1.907814372172319e-03	6.626890626385195e-03	1.049102138495064e-15	3.005879989359529e-16	2.957834693272139e+05	1.492731670610646e+04	8.534704998557515e-03	3.743124979568504e+04	8.318043809264391e+03	8.458794637477651e+03	4.804444586071341e-17	-inf	
19	2.000000000000000e-01	6.000000000000000e-01	1.907814372172319e-03	6.626890626385195e-03	1.497879505975024e-17	1.818989403545857e-18	2.957834693272139e+05	1.492731670610646e+04	8.534704998557515e-03	3.743124979568504e+04	8.318043809264391e+03	8.458794637477651e+03	6.642764401322594e-19	-inf	
20	4.000000000000001e-01	6.000000000000002e-01	1.907814372172319e-03	6.626890626385195e-03	0.000000000000000e+00	-3.024069883394989e-16	2.957834693272139e+05	1.492731670610646e+04	8.534704998557515e-03	3.743124979568504e+04	8.318043809264391e+03	8.458794637477651e+03	1.331327444472964e-17	-inf	
21	6.000000000000000e-01	6.000000000000001e-01	1.907814372172319e-03	6.626890626385195e-03	-1.497879505974984e-17	-3.140030457871040e-16	2.957834693272139e+05	1.492731670610646e+04	8.534704998557515e-03	3.743124979568504e+04	8.318043809264391e+03	8.458794637477651e+03	1.383950286999338e-17	-inf	
22	8.000000000000000e-01	6.000000000000001e-01	1.907814372172319e-03	6.626890626385195e-03	4.279172571841632e-16	-9.094947017729286e-19	2.957834693272139e+05	1.492731670610646e+04	8.534704998557515e-03	3.743124979568504e+04	8.318043809264391e+03	8.458794637477651e+03	1.883882638868020e-17	-inf	
23	1.000000000000000e+00	6.000000000000001e-01	1.907814372172320e-03	6.626890626385195e-03	1.251464709639549e-15	-9.094947017729280e-19	2.957834693272139e+05	1.492731670610646e+04	8.534704998557515e-03	3.743124979568498e+04	8.318043809264376e+03	8.458794637477651e+03	5.509494879284135e-17	-inf	
24	0.000000000000000e+00	8.000000000000000e-01	1.907814372172320e-03	6.626890626385195e-03	-5.202309694141173e-16	0.000000000000000e+00	2.957834693272139e+05	1.492731670610646e+04	8.534704998557515e-03	3.743124979568498e+04	8.318043809264376e+03	8.458794637477651e+03	2.290283603724929e-17	-inf	
25	2.000000000000000e-01	8.000000000000000e-01	1.907814372172319e-03	6.626890626385195e-03	-3.140030457871041e-16	6.359641702147307e-16	2.957834693272139e+05	1.492731670610646e+04	8.534704998557515e-03	3.743124979568504e+04	8.318043809264391e+03	8.458794637477651e+03	3.122467460230116e-17	-inf	
26	3.999999999999999e-01	8.000000000000000e-01	1.907814372172319e-03	6.626890626385195e-03	-9.094947017729284e-19	0.000000000000000e+00	2.957834693272139e+05	1.492731670610646e+04	8.534704998557515e-03	3.743124979568504e+04	8.318043809264391e+03	8.458794637477651e+03	4.003992314204401e-20	-inf	
27	6.000000000000000e-01	8.000000000000000e-01	1.907814372172319e-03	6.626890626385195e-03	0.000000000000000e+00	-6.475602276623371e-16	2.957834693272139e+05	1.492731670610646e+04	8.534704998557515e-03	3.743124979568504e+04	8.318043809264391e+03	8.458794637477651e+03	2.850842527713586e-17	-inf	
28	8.000000000000000e-01	8.000000000000000e-01	1.907814372172319e-03	6.626890626385195e-03	0.000000000000000e+00	2.960405254270874e-16	2.957834693272139e+05	1.492731670610646e+04	8.534704998557515e-03	3.743124979568504e+04	8.318043809264391e+03	8.458794637477651e+03	1.303299498273529e-17	-inf	
29	1.000000000000000e+00	8.000000000000000e-01	1.907814372172319e-03	6.626890626385195e-03	-9.572431736159865e-16	-2.874003257602469e-16	2.957834693272139e+05	1.492731670610646e+04	8.534704998557515e-03	3.743124979568504e+04	8.318043809264391e+03	8.458794637477651e+03	4.400043702956548e-17	-inf	
30	0.000000000000000e+00	1.000000000000000e+00	1.907814372172319e-03	6.626890626385195e-03	1.818989403545857e-18	-6.029949872754521e-16	2.957834693272139e+05	1.492731670610646e+04	8.534704998557515e-03	3.743124979568504e+04	8.318043809264391e+03	8.458794637477651e+03	2.654658982698230e-17	-inf	
31	2.000000000000000e-01	1.000000000000000e+00	1.907814372172319e-03	6.626890626385195e-03	0.000000000000000e+00	0.000000000000000e+00	2.957834693272139e+05	1.492731670610646e+04	8.534704998557515e-03	3.743124979568504e+04	8.318043809264391e+03	8.458794637477651e+03	0.000000000000000e+00	-inf	
32	3.999999999999999e-01	1.000000000000000e+00	1.907814372172319e-03	6.626890626385195e-03	0.000000000000000e+00	0.000000000000000e+00	2.957834693272139e+05	1.492731670610646e+04	8.534704998557515e-03	3.743124979568504e+04	8.318043809264391e+03	8.458794637477651e+03	0.000000000000000e+00	-inf	
33	6.000000000000000e-01	1.000000000000000e+00	1.907814372172319e-03	6.626890626385195e-03	3.110471880063414e-16	-7.094058673828695e-16	2.957834693272139e+05	1.492731670610646e+04	8.534704998557515e-03	3.743124979568504e+04	8.318043809264391e+03	8.458794637477651e+03	3.410132344832226e-17	-inf	
34	8.000000000000000e-01	1.000000000000000e+00	1.907814372172320e-03	6.626890626385195e-03	0.000000000000000e+00	4.015419108327420e-16	2.957834693272139e+05	1.492731670610646e+04	8.534704998557515e-03	3.743124979568498e+04	8.318043809264376e+03	8.458794637477651e+03	1.767762606721219e-17	-inf	
35	1.000000000000000e+00	1.000000000000000e+00	1.907814372172319e-03	6.626890626385195e-03	-6.202753866091367e-16	6.957634468562890e-17	2.957834693272139e+05	1.492731670610646e+04	8.534704998557515e-03	3.743124979568504e+04	8.318043809264391e+03	8.458794637477651e+03	2.747848210522494e-17	-inf	
EXT_ITER= 7942
AOA= 0.000000000000000e+00
SIDESLIP_ANGLE= 0.000000000000000e+00
INITIAL_BCTHRUST= 4.000000000000000e+03
DCD_DCL_VALUE= 0.000000000000000e+00
DCMX_DCL_VALUE= 0.000000000000000e+00
DCMY_DCL_VALUE= 0.000000000000000e+00
DCMZ_DCL_VALUE= 0.000000000000000e+00
