"PointID"	"x"	"y"	"Density[0]"	"Density[1]"	"Momentum_x"	"Momentum_y"	"Energy"	"Electronic_Energy"	"Total_Density"	"Pressure"	"Temperature"	"Tve"	"Mach"	"C<sub>p</sub>"
0	0.000000000000000e+00	0.000000000000000e+00	1.941082996251765e-03	6.593622002305738e-03	0.000000000000000e+00	0.000000000000000e+00	2.957834693272139e+05	1.545398770464277e+04	8.534704998557503e-03	3.773731985631757e+04	8.404501021334743e+03	8.566131569876934e+03	0.000000000000000e+00	-inf	
1	2.000000000000000e-01	0.000000000000000e+00	1.941082996251765e-03	6.593622002305738e-03	0.000000000000000e+00	1.238277036463859e-15	2.957834693272139e+05	1.545398770464277e+04	8.534704998557503e-03	3.773731985631757e+04	8.404501021334743e+03	8.566131569876934e+03	5.430856071482046e-17	-inf	
2	4.000000000000000e-01	0.000000000000000e+00	1.941082996251765e-03	6.593622002305738e-03	0.000000000000000e+00	-9.499672160018021e-16	2.957834693272139e+05	1.545398770464277e+04	8.534704998557503e-03	3.773731985631757e+04	8.404501021334743e+03	8.566131569876934e+03	4.166382054104144e-17	-inf	
3	6.000000000000001e-01	0.000000000000000e+00	1.941082996251765e-03	6.593622002305738e-03	0.000000000000000e+00	-7.580638339277171e-16	2.957834693272139e+05	1.545398770464277e+04	8.534704998557503e-03	3.773731985631757e+04	8.404501021334743e+03	8.566131569876934e+03	3.324729001527810e-17	-inf	
4	8.000000000000000e-01	0.000000000000000e+00	1.941082996251765e-03	6.593622002305738e-03	1.737134880386292e-16	0.000000000000000e+00	2.957834693272139e+05	1.545398770464277e+04	8.534704998557503e-03	3.773731985631757e+04	8.404501021334743e+03	8.566131569876934e+03	7.618755120477827e-18	-inf	
5	1.000000000000000e+00	0.000000000000000e+00	1.941082996251766e-03	6.593622002305738e-03	2.810338628478333e-16	1.694818351060768e-32	2.957834693272139e+05	1.545398770464277e+04	8.534704998557503e-03	3.773731985631758e+04	8.404501021334745e+03	8.566131569876934e+03	1.232563001166302e-17	-inf	
6	0.000000000000000e+00	2.000000000000000e-01	1.941082996251765e-03	6.593622002305738e-03	0.000000000000000e+00	0.000000000000000e+00	2.957834693272139e+05	1.545398770464277e+04	8.534704998557503e-03	3.773731985631757e+04	8.404501021334743e+03	8.566131569876934e+03	0.000000000000000e+00	-inf	
7	2.000000000000000e-01	2.000000000000000e-01	1.941082996251765e-03	6.593622002305738e-03	-5.386482371250146e-16	-1.818989403545857e-18	2.957834693272139e+05	1.545398770464277e+04	8.534704998557503e-03	3.773731985631757e+04	8.404501021334743e+03	8.566131569876934e+03	2.362425889111131e-17	-inf	
8	4.000000000000000e-01	2.000000000000000e-01	1.941082996251765e-03	6.593622002305738e-03	-6.182290235301563e-16	1.755324774421751e-16	2.957834693272139e+05	1.545398770464277e+04	8.534704998557503e-03	3.773731985631757e+04	8.404501021334743e+03	8.566131569876934e+03	2.818612488927261e-17	-inf	
9	5.999999999999999e-01	2.000000000000000e-01	1.941082996251765e-03	6.593622002305738e-03	0.000000000000000e+00	5.625224730465621e-16	2.957834693272139e+05	1.545398770464277e+04	8.534704998557503e-03	3.773731985631757e+04	8.404501021334743e+03	8.566131569876934e+03	2.467120440845858e-17	-inf	
10	7.999999999999999e-01	2.000000000000000e-01	1.941082996251765e-03	6.593622002305738e-03	1.627995516173547e-16	-3.906279744114624e-16	2.957834693272139e+05	1.545398770464277e+04	8.534704998557503e-03	3.773731985631757e+04	8.404501021334743e+03	8.566131569876934e+03	1.856055170407076e-17	-inf	
11	1.000000000000000e+00	2.000000000000000e-01	1.941082996251766e-03	6.593622002305738e-03	2.828528522513810e-16	-1.398348103975875e-16	2.957834693272139e+05	1.545398770464277e+04	8.534704998557503e-03	3.773731985631758e+04	8.404501021334745e+03	8.566131569876934e+03	1.383859023404386e-17	-inf	
12	0.000000000000000e+00	3.999999999999999e-01	1.941082996251765e-03	6.593622002305738e-03	-1.266016624867950e-15	0.000000000000000e+00	2.957834693272139e+05	1.545398770464277e+04	8.534704998557503e-03	3.773731985631757e+04	8.404501021334743e+03	8.566131569876934e+03	5.552516820788181e-17	-inf	
13	2.000000000000000e-01	3.999999999999999e-01	1.941082996251765e-03	6.593622002305738e-03	4.727520225533823e-16	0.000000000000000e+00	2.957834693272139e+05	1.545398770464277e+04	8.534704998557503e-03	3.773731985631757e+04	8.404501021334743e+03	8.566131569876934e+03	2.073403702390623e-17	-inf	
14	3.999999999999999e-01	4.000000000000001e-01	1.941082996251766e-03	6.593622002305738e-03	1.339652461429645e-16	0.000000000000000e+00	2.957834693272139e+05	1.545398770464277e+04	8.534704998557503e-03	3.773731985631758e+04	8.404501021334745e+03	8.566131569876934e+03	5.875470100461161e-18	-inf	
15	6.000000000000001e-01	4.000000000000000e-01	1.941082996251766e-03	6.593622002305738e-03	-5.127276381244952e-16	-9.094947017729280e-19	2.957834693272139e+05	1.545398770464277e+04	8.534704998557503e-03	3.773731985631758e+04	8.404501021334745e+03	8.566131569876934e+03	2.248732961452811e-17	-inf	
16	8.000000000000000e-01	4.000000000000000e-01	1.941082996251765e-03	6.593622002305738e-03	-1.805346983019265e-16	0.000000000000000e+00	2.957834693272139e+05	1.545398770464277e+04	8.534704998557503e-03	3.773731985631757e+04	8.404501021334743e+03	8.566131569876934e+03	7.917920897459954e-18	-inf	
17	1.000000000000000e+00	4.000000000000000e-01	1.941082996251765e-03	6.593622002305738e-03	0.000000000000000e+00	0.000000000000000e+00	2.957834693272139e+05	1.545398770464277e+04	8.534704998557503e-03	3.773731985631757e+04	8.404501021334743e+03	8.566131569876934e+03	0.000000000000000e+00	-inf	
18	0.000000000000000e+00	6.000000000000000e-01	1.941082996251765e-03	6.593622002305738e-03	9.499672160018021e-16	1.737134880386291e-16	2.957834693272139e+05	1.545398770464277e+04	8.534704998557503e-03	3.773731985631757e+04	8.404501021334743e+03	8.566131569876934e+03	4.235468535666289e-17	-inf	
19	2.000000000000000e-01	6.000000000000000e-01	1.941082996251765e-03	6.593622002305738e-03	8.724502280646287e-18	1.818989403545857e-18	2.957834693272139e+05	1.545398770464277e+04	8.534704998557503e-03	3.773731985631757e+04	8.404501021334743e+03	8.566131569876934e+03	3.908687025050745e-19	-inf	
20	4.000000000000001e-01	6.000000000000002e-01	1.941082996251765e-03	6.593622002305738e-03	0.000000000000000e+00	-1.755324774421752e-16	2.957834693272139e+05	1.545398770464277e+04	8.534704998557503e-03	3.773731985631757e+04	8.404501021334743e+03	8.566131569876934e+03	7.698532661006397e-18	-inf	
21	6.000000000000000e-01	6.000000000000001e-01	1.941082996251765e-03	6.593622002305738e-03	-8.724502280645891e-18	-1.853095454862347e-16	2.957834693272139e+05	1.545398770464277e+04	8.534704998557503e-03	3.773731985631757e+04	8.404501021334743e+03	8.566131569876934e+03	8.136339449950209e-18	-inf	
22	8.000000000000000e-01	6.000000000000001e-01	1.941082996251765e-03	6.593622002305738e-03	1.814441930036992e-16	-9.094947017729286e-19	2.957834693272139e+05	1.545398770464277e+04	8.534704998557503e-03	3.773731985631757e+04	8.404501021334743e+03	8.566131569876934e+03	7.957909638951575e-18	-inf	
23	1.000000000000000e+00	6.000000000000001e-01	1.941082996251766e-03	6.593622002305738e-03	1.026364770950763e-15	-9.094947017729280e-19	2.957834693272139e+05	1.545398770464277e+04	8.534704998557503e-03	3.773731985631758e+04	8.404501021334745e+03	8.566131569876934e+03	4.501449491659775e-17	-inf	
24	0.000000000000000e+00	8.000000000000000e-01	1.941082996251766e-03	6.593622002305738e-03	-2.605702320579455e-16	0.000000000000000e+00	2.957834693272139e+05	1.545398770464277e+04	8.534704998557503e-03	3.773731985631758e+04	8.404501021334745e+03	8.566131569876934e+03	1.142813268071682e-17	-inf	
25	2.000000000000000e-01	8.000000000000000e-01	1.941082996251765e-03	6.593622002305738e-03	-1.853095454862347e-16	5.377387424232414e-16	2.957834693272139e+05	1.545398770464277e+04	8.534704998557503e-03	3.773731985631757e+04	8.404501021334743e+03	8.566131569876934e+03	2.494533555688359e-17	-inf	
26	3.999999999999999e-01	8.000000000000000e-01	1.941082996251765e-03	6.593622002305738e-03	-9.094947017729284e-19	0.000000000000000e+00	2.957834693272139e+05	1.545398770464277e+04	8.534704998557503e-03	3.773731985631757e+04	8.404501021334743e+03	8.566131569876934e+03	3.988877026428184e-20	-inf	
27	6.000000000000000e-01	8.000000000000000e-01	1.941082996251765e-03	6.593622002305738e-03	0.000000000000000e+00	-5.957190296612733e-16	2.957834693272139e+05	1.545398770464277e+04	8.534704998557503e-03	3.773731985631757e+04	8.404501021334743e+03	8.566131569876934e+03	2.612714452310484e-17	-inf	
28	8.000000000000000e-01	8.000000000000000e-01	1.941082996251765e-03	6.593622002305738e-03	0.000000000000000e+00	1.730313670122991e-16	2.957834693272139e+05	1.545398770464277e+04	8.534704998557503e-03	3.773731985631757e+04	8.404501021334743e+03	8.566131569876934e+03	7.588838542779597e-18	-inf	
29	1.000000000000000e+00	8.000000000000000e-01	1.941082996251765e-03	6.593622002305738e-03	-7.562448445241714e-16	-1.605258148629232e-16	2.957834693272139e+05	1.545398770464277e+04	8.534704998557503e-03	3.773731985631757e+04	8.404501021334743e+03	8.566131569876934e+03	3.390649885578320e-17	-inf	
30	0.000000000000000e+00	1.000000000000000e+00	1.941082996251765e-03	6.593622002305738e-03	1.818989403545857e-18	-3.492459654808046e-16	2.957834693272139e+05	1.545398770464277e+04	8.534704998557503e-03	3.773731985631757e+04	8.404501021334743e+03	8.566131569876934e+03	1.531749553408712e-17	-inf	
31	2.000000000000000e-01	1.000000000000000e+00	1.941082996251765e-03	6.593622002305738e-03	0.000000000000000e+00	0.000000000000000e+00	2.957834693272139e+05	1.545398770464277e+04	8.534704998557503e-03	3.773731985631757e+04	8.404501021334743e+03	8.566131569876934e+03	0.000000000000000e+00	-inf	
32	3.999999999999999e-01	1.000000000000000e+00	1.941082996251765e-03	6.593622002305738e-03	0.000000000000000e+00	0.000000000000000e+00	2.957834693272139e+05	1.545398770464277e+04	8.534704998557503e-03	3.773731985631757e+04	8.404501021334743e+03	8.566131569876934e+03	0.000000000000000e+00	-inf	
33	6.000000000000000e-01	1.000000000000000e+00	1.941082996251765e-03	6.593622002305738e-03	1.828084350563584e-16	-5.129550117999335e-16	2.957834693272139e+05	1.545398770464277e+04	8.534704998557503e-03	3.773731985631757e+04	8.404501021334743e+03	8.566131569876934e+03	2.388324921820783e-17	-inf	
34	8.000000000000000e-01	1.000000000000000e+00	1.941082996251766e-03	6.593622002305738e-03	0.000000000000000e+00	2.305569068994322e-16	2.957834693272139e+05	1.545398770464277e+04	8.534704998557503e-03	3.773731985631758e+04	8.404501021334745e+03	8.566131569876934e+03	1.011180326199522e-17	-inf	
35	1.000000000000000e+00	1.000000000000000e+00	1.941082996251765e-03	6.593622002305738e-03	-3.637978807091709e-16	-2.955857780762010e-17	2.957834693272139e+05	1.545398770464277e+04	8.534704998557503e-03	3.773731985631757e+04	8.404501021334743e+03	8.566131569876934e+03	1.600808711454239e-17	-inf	
EXT_ITER= 6862
AOA= 0.000000000000000e+00
SIDESLIP_ANGLE= 0.000000000000000e+00
INITIAL_BCTHRUST= 4.000000000000000e+03
DCD_DCL_VALUE= 0.000000000000000e+00
DCMX_DCL_VALUE= 0.000000000000000e+00
DCMY_DCL_VALUE= 0.000000000000000e+00
DCMZ_DCL_VALUE= 0.000000000000000e+00
