"PointID"	"x"	"y"	"Density[0]"	"Density[1]"	"Momentum_x"	"Momentum_y"	"Energy"	"Electronic_Energy"	"Total_Density"	"Pressure"	"Temperature"	"Tve"	"Mach"	"C<sub>p</sub>"
0	0.000000000000000e+00	0.000000000000000e+00	2.051350576424414e-03	6.483354422133067e-03	0.000000000000000e+00	0.000000000000000e+00	2.957834693272139e+05	1.731587382926408e+04	8.534704998557480e-03	3.867226419603367e+04	8.675960506099851e+03	8.940960420979387e+03	0.000000000000000e+00	-inf	
1	2.000000000000000e-01	0.000000000000000e+00	2.051350576424414e-03	6.483354422133067e-03	0.000000000000000e+00	9.131326805799936e-16	2.957834693272139e+05	1.731587382926408e+04	8.534704998557480e-03	3.867226419603367e+04	8.675960506099851e+03	8.940960420979387e+03	3.959940899910975e-17	-inf	
2	4.000000000000000e-01	0.000000000000000e+00	2.051350576424414e-03	6.483354422133067e-03	0.000000000000000e+00	-7.275957614183266e-16	2.957834693272139e+05	1.731587382926408e+04	8.534704998557480e-03	3.867226419603367e+04	8.675960506099851e+03	8.940960420979387e+03	3.155331394351396e-17	-inf	
3	6.000000000000001e-01	0.000000000000000e+00	2.051350576424414e-03	6.483354422133067e-03	0.000000000000000e+00	-3.205968823749620e-16	2.957834693272139e+05	1.731587382926408e+04	8.534704998557480e-03	3.867226419603367e+04	8.675960506099851e+03	8.940960420979387e+03	1.390317895636136e-17	-inf	
4	8.000000000000000e-01	0.000000000000000e+00	2.051350576424414e-03	6.483354422133067e-03	1.286935003008688e-16	0.000000000000000e+00	2.957834693272139e+05	1.731587382926408e+04	8.534704998557480e-03	3.867226419603367e+04	8.675960506099851e+03	8.940960420979387e+03	5.580992403759132e-18	-inf	
5	1.000000000000000e+00	0.000000000000000e+00	2.051350576424414e-03	6.483354422133067e-03	2.078195393551116e-16	3.055902197957084e-16	2.957834693272139e+05	1.731587382926407e+04	8.534704998557480e-03	3.867226419603368e+04	8.675960506099851e+03	8.940960420979385e+03	1.602652549256841e-17	-inf	
6	0.000000000000000e+00	2.000000000000000e-01	2.051350576424414e-03	6.483354422133067e-03	0.000000000000000e+00	0.000000000000000e+00	2.957834693272139e+05	1.731587382926408e+04	8.534704998557480e-03	3.867226419603367e+04	8.675960506099851e+03	8.940960420979387e+03	0.000000000000000e+00	-inf	
7	2.000000000000000e-01	2.000000000000000e-01	2.051350576424414e-03	6.483354422133067e-03	-3.694822225952436e-16	-1.818989403545857e-18	2.957834693272139e+05	1.731587382926408e+04	8.534704998557480e-03	3.867226419603367e+04	8.675960506099851e+03	8.940960420979387e+03	1.602336141000381e-17	-inf	
8	4.000000000000000e-01	2.000000000000000e-01	2.051350576424414e-03	6.483354422133067e-03	-4.556568455882238e-16	1.305124897044146e-16	2.957834693272139e+05	1.731587382926408e+04	8.534704998557480e-03	3.867226419603367e+04	8.675960506099851e+03	8.940960420979387e+03	2.055485784415209e-17	-inf	
9	5.999999999999999e-01	2.000000000000000e-01	2.051350576424414e-03	6.483354422133067e-03	0.000000000000000e+00	2.946762833744327e-16	2.957834693272139e+05	1.731587382926408e+04	8.534704998557480e-03	3.867226419603367e+04	8.675960506099851e+03	8.940960420979387e+03	1.277909214712361e-17	-inf	
10	7.999999999999999e-01	2.000000000000000e-01	2.051350576424414e-03	6.483354422133067e-03	1.173248165287080e-16	-2.369233698118505e-16	2.957834693272139e+05	1.731587382926408e+04	8.534704998557480e-03	3.867226419603367e+04	8.675960506099851e+03	8.940960420979387e+03	1.146532997192298e-17	-inf	
11	1.000000000000000e+00	2.000000000000000e-01	2.051350576424414e-03	6.483354422133067e-03	2.178239810746155e-16	-1.041371433529995e-16	2.957834693272139e+05	1.731587382926407e+04	8.534704998557480e-03	3.867226419603368e+04	8.675960506099851e+03	8.940960420979385e+03	1.047028897082522e-17	-inf	
12	0.000000000000000e+00	3.999999999999999e-01	2.051350576424414e-03	6.483354422133067e-03	-9.940777090377950e-16	0.000000000000000e+00	2.957834693272139e+05	1.731587382926408e+04	8.534704998557480e-03	3.867226419603367e+04	8.675960506099851e+03	8.940960420979387e+03	4.310971517532623e-17	-inf	
13	2.000000000000000e-01	3.999999999999999e-01	2.051350576424414e-03	6.483354422133067e-03	3.338955184963323e-16	0.000000000000000e+00	2.957834693272139e+05	1.731587382926408e+04	8.534704998557480e-03	3.867226419603367e+04	8.675960506099851e+03	8.940960420979387e+03	1.447989485110514e-17	-inf	
14	3.999999999999999e-01	4.000000000000001e-01	2.051350576424414e-03	6.483354422133067e-03	9.378891722827802e-17	0.000000000000000e+00	2.957834693272139e+05	1.731587382926407e+04	8.534704998557480e-03	3.867226419603368e+04	8.675960506099851e+03	8.940960420979385e+03	4.067301249745243e-18	-inf	
15	6.000000000000001e-01	4.000000000000000e-01	2.051350576424414e-03	6.483354422133067e-03	-2.457909431541367e-16	-9.094947017729280e-19	2.957834693272139e+05	1.731587382926407e+04	8.534704998557480e-03	3.867226419603368e+04	8.675960506099851e+03	8.940960420979385e+03	1.065917683880532e-17	-inf	
16	8.000000000000000e-01	4.000000000000000e-01	2.051350576424414e-03	6.483354422133067e-03	-1.357420842396094e-16	0.000000000000000e+00	2.957834693272139e+05	1.731587382926408e+04	8.534704998557480e-03	3.867226419603367e+04	8.675960506099851e+03	8.940960420979387e+03	5.886665132586946e-18	-inf	
17	1.000000000000000e+00	4.000000000000000e-01	2.051350576424414e-03	6.483354422133067e-03	0.000000000000000e+00	0.000000000000000e+00	2.957834693272139e+05	1.731587382926408e+04	8.534704998557480e-03	3.867226419603367e+04	8.675960506099851e+03	8.940960420979387e+03	0.000000000000000e+00	-inf	
18	0.000000000000000e+00	6.000000000000000e-01	2.051350576424414e-03	6.483354422133067e-03	7.275957614183266e-16	1.286935003008687e-16	2.957834693272139e+05	1.731587382926408e+04	8.534704998557480e-03	3.867226419603367e+04	8.675960506099851e+03	8.940960420979387e+03	3.204308189030465e-17	-inf	
19	2.000000000000000e-01	6.000000000000000e-01	2.051350576424414e-03	6.483354422133067e-03	-3.320200439882048e-17	1.818989403545857e-18	2.957834693272139e+05	1.731587382926408e+04	8.534704998557480e-03	3.867226419603367e+04	8.675960506099851e+03	8.940960420979387e+03	1.442015412543539e-18	-inf	
20	4.000000000000001e-01	6.000000000000002e-01	2.051350576424414e-03	6.483354422133067e-03	0.000000000000000e+00	-1.305124897044148e-16	2.957834693272139e+05	1.731587382926408e+04	8.534704998557480e-03	3.867226419603367e+04	8.675960506099851e+03	8.940960420979387e+03	5.659875688617923e-18	-inf	
21	6.000000000000000e-01	6.000000000000001e-01	2.051350576424414e-03	6.483354422133067e-03	3.320200439882073e-17	-1.361968315904959e-16	2.957834693272139e+05	1.731587382926408e+04	8.534704998557480e-03	3.867226419603367e+04	8.675960506099851e+03	8.940960420979387e+03	6.079356948941920e-18	-inf	
22	8.000000000000000e-01	6.000000000000001e-01	2.051350576424414e-03	6.483354422133067e-03	1.366515789413821e-16	-9.094947017729286e-19	2.957834693272139e+05	1.731587382926408e+04	8.534704998557480e-03	3.867226419603367e+04	8.675960506099851e+03	8.940960420979387e+03	5.926238026948629e-18	-inf	
23	1.000000000000000e+00	6.000000000000001e-01	2.051350576424414e-03	6.483354422133067e-03	4.924913810100464e-16	-9.094947017729280e-19	2.957834693272139e+05	1.731587382926407e+04	8.534704998557480e-03	3.867226419603368e+04	8.675960506099851e+03	8.940960420979385e+03	2.135768579436142e-17	-inf	
24	0.000000000000000e+00	8.000000000000000e-01	2.051350576424414e-03	6.483354422133067e-03	-1.728039933368574e-16	0.000000000000000e+00	2.957834693272139e+05	1.731587382926407e+04	8.534704998557480e-03	3.867226419603368e+04	8.675960506099851e+03	8.940960420979385e+03	7.493912061584773e-18	-inf	
25	2.000000000000000e-01	8.000000000000000e-01	2.051350576424414e-03	6.483354422133067e-03	-1.361968315904959e-16	3.685727278934707e-16	2.957834693272139e+05	1.731587382926408e+04	8.534704998557480e-03	3.867226419603367e+04	8.675960506099851e+03	8.940960420979387e+03	1.704009621204940e-17	-inf	
26	3.999999999999999e-01	8.000000000000000e-01	2.051350576424414e-03	6.483354422133067e-03	-9.094947017729284e-19	0.000000000000000e+00	2.957834693272139e+05	1.731587382926408e+04	8.534704998557480e-03	3.867226419603367e+04	8.675960506099851e+03	8.940960420979387e+03	3.944164242939333e-20	-inf	
27	6.000000000000000e-01	8.000000000000000e-01	2.051350576424414e-03	6.483354422133067e-03	0.000000000000000e+00	-4.065441316924873e-16	2.957834693272139e+05	1.731587382926408e+04	8.534704998557480e-03	3.867226419603367e+04	8.675960506099851e+03	8.940960420979387e+03	1.763041416593831e-17	-inf	
28	8.000000000000000e-01	8.000000000000000e-01	2.051350576424414e-03	6.483354422133067e-03	0.000000000000000e+00	1.284661266254253e-16	2.957834693272139e+05	1.731587382926408e+04	8.534704998557480e-03	3.867226419603367e+04	8.675960506099851e+03	8.940960420979387e+03	5.571131993151771e-18	-inf	
29	1.000000000000000e+00	8.000000000000000e-01	2.051350576424414e-03	6.483354422133067e-03	-3.187778929714161e-16	-1.177795638795950e-16	2.957834693272139e+05	1.731587382926408e+04	8.534704998557480e-03	3.867226419603367e+04	8.675960506099851e+03	8.940960420979387e+03	1.473769573154708e-17	-inf	
30	0.000000000000000e+00	1.000000000000000e+00	2.051350576424414e-03	6.483354422133067e-03	1.818989403545857e-18	-2.592059900052837e-16	2.957834693272139e+05	1.731587382926408e+04	8.534704998557480e-03	3.867226419603367e+04	8.675960506099851e+03	8.940960420979387e+03	1.124114487242518e-17	-inf	
31	2.000000000000000e-01	1.000000000000000e+00	2.051350576424414e-03	6.483354422133067e-03	0.000000000000000e+00	0.000000000000000e+00	2.957834693272139e+05	1.731587382926408e+04	8.534704998557480e-03	3.867226419603367e+04	8.675960506099851e+03	8.940960420979387e+03	0.000000000000000e+00	-inf	
32	3.999999999999999e-01	1.000000000000000e+00	2.051350576424414e-03	6.483354422133067e-03	0.000000000000000e+00	0.000000000000000e+00	2.957834693272139e+05	1.731587382926408e+04	8.534704998557480e-03	3.867226419603367e+04	8.675960506099851e+03	8.940960420979387e+03	0.000000000000000e+00	-inf	
33	6.000000000000000e-01	1.000000000000000e+00	2.051350576424414e-03	6.483354422133067e-03	1.380158209940412e-16	-2.314664016012129e-16	2.957834693272139e+05	1.731587382926408e+04	8.534704998557480e-03	3.867226419603367e+04	8.675960506099851e+03	8.940960420979387e+03	1.168686630723320e-17	-inf	
34	8.000000000000000e-01	1.000000000000000e+00	2.051350576424414e-03	6.483354422133067e-03	0.000000000000000e+00	5.397851055022328e-16	2.957834693272139e+05	1.731587382926407e+04	8.534704998557480e-03	3.867226419603368e+04	8.675960506099851e+03	8.940960420979385e+03	2.340861478184493e-17	-inf	
35	1.000000000000000e+00	1.000000000000000e+00	2.051350576424414e-03	6.483354422133067e-03	-2.742126525845365e-16	-3.083187039010272e-16	2.957834693272139e+05	1.731587382926408e+04	8.534704998557480e-03	3.867226419603367e+04	8.675960506099851e+03	8.940960420979387e+03	1.789378468973804e-17	-inf	
EXT_ITER= 4331
AOA= 0.000000000000000e+00
SIDESLIP_ANGLE= 0.000000000000000e+00
INITIAL_BCTHRUST= 4.000000000000000e+03
DCD_DCL_VALUE= 0.000000000000000e+00
DCMX_DCL_VALUE= 0.000000000000000e+00
DCMY_DCL_VALUE= 0.000000000000000e+00
DCMZ_DCL_VALUE= 0.000000000000000e+00
