"PointID"	"x"	"y"	"Density[0]"	"Density[1]"	"Momentum_x"	"Momentum_y"	"Energy"	"Electronic_Energy"	"Total_Density"	"Pressure"	"Temperature"	"Tve"	"Mach"	"C<sub>p</sub>"
0	0.000000000000000e+00	0.000000000000000e+00	2.246442197584596e-03	6.288262800972883e-03	0.000000000000000e+00	0.000000000000000e+00	2.957834693272139e+05	2.156590928672328e+04	8.534704998557479e-03	3.971729279896576e+04	9.027682112500814e+03	9.774236909225401e+03	0.000000000000000e+00	-inf	
1	2.000000000000000e-01	0.000000000000000e+00	2.246442197584596e-03	6.288262800972883e-03	0.000000000000000e+00	5.052243068348643e-16	2.957834693272139e+05	2.156590928672328e+04	8.534704998557479e-03	3.971729279896576e+04	9.027682112500814e+03	9.774236909225401e+03	2.165690041628572e-17	-inf	
2	4.000000000000000e-01	0.000000000000000e+00	2.246442197584596e-03	6.288262800972883e-03	0.000000000000000e+00	-3.738023224286796e-16	2.957834693272139e+05	2.156590928672328e+04	8.534704998557479e-03	3.971729279896576e+04	9.027682112500814e+03	9.774236909225401e+03	1.602337726569492e-17	-inf	
3	6.000000000000001e-01	0.000000000000000e+00	2.246442197584596e-03	6.288262800972883e-03	0.000000000000000e+00	-9.003997547551973e-17	2.957834693272139e+05	2.156590928672328e+04	8.534704998557479e-03	3.971729279896576e+04	9.027682112500814e+03	9.774236909225401e+03	3.859645618743962e-18	-inf	
4	8.000000000000000e-01	0.000000000000000e+00	2.246442197584596e-03	6.288262800972883e-03	4.640696715796366e-16	0.000000000000000e+00	2.957834693272139e+05	2.156590928672328e+04	8.534704998557479e-03	3.971729279896576e+04	9.027682112500814e+03	9.774236909225401e+03	1.989276946428394e-17	-inf	
5	1.000000000000000e+00	0.000000000000000e+00	2.246442197584597e-03	6.288262800972883e-03	8.785718819126464e-16	1.464286469854420e-16	2.957834693272139e+05	2.156590928672327e+04	8.534704998557480e-03	3.971729279896576e+04	9.027682112500814e+03	9.774236909225399e+03	3.818026815896966e-17	-inf	
6	0.000000000000000e+00	2.000000000000000e-01	2.246442197584596e-03	6.288262800972883e-03	0.000000000000000e+00	0.000000000000000e+00	2.957834693272139e+05	2.156590928672328e+04	8.534704998557479e-03	3.971729279896576e+04	9.027682112500814e+03	9.774236909225401e+03	0.000000000000000e+00	-inf	
7	2.000000000000000e-01	2.000000000000000e-01	2.246442197584596e-03	6.288262800972883e-03	-2.003162080654909e-16	-1.818989403545857e-18	2.957834693272139e+05	2.156590928672328e+04	8.534704998557479e-03	3.971729279896576e+04	9.027682112500814e+03	9.774236909225401e+03	8.587090855214606e-18	-inf	
8	4.000000000000000e-01	2.000000000000000e-01	2.246442197584596e-03	6.288262800972883e-03	-2.517026587156593e-16	4.658886609831823e-16	2.957834693272139e+05	2.156590928672328e+04	8.534704998557479e-03	3.971729279896576e+04	9.027682112500814e+03	9.774236909225401e+03	2.269896630142620e-17	-inf	
9	5.999999999999999e-01	2.000000000000000e-01	2.246442197584596e-03	6.288262800972883e-03	0.000000000000000e+00	5.090896593173956e-16	2.957834693272139e+05	2.156590928672328e+04	8.534704998557479e-03	3.971729279896576e+04	9.027682112500814e+03	9.774236909225401e+03	2.182259227365588e-17	-inf	
10	7.999999999999999e-01	2.000000000000000e-01	2.246442197584596e-03	6.288262800972883e-03	4.522462404565887e-16	-1.116404746426282e-16	2.957834693272139e+05	2.156590928672328e+04	8.534704998557479e-03	3.971729279896576e+04	9.027682112500814e+03	9.774236909225401e+03	1.996789022805850e-17	-inf	
11	1.000000000000000e+00	2.000000000000000e-01	2.246442197584597e-03	6.288262800972883e-03	8.840288501232849e-16	-4.397406883072100e-16	2.957834693272139e+05	2.156590928672327e+04	8.534704998557480e-03	3.971729279896576e+04	9.027682112500814e+03	9.774236909225399e+03	4.232406706930377e-17	-inf	
12	0.000000000000000e+00	3.999999999999999e-01	2.246442197584596e-03	6.288262800972883e-03	-5.611582309938947e-16	0.000000000000000e+00	2.957834693272139e+05	2.156590928672328e+04	8.534704998557479e-03	3.971729279896576e+04	9.027682112500814e+03	9.774236909225401e+03	2.405455905823253e-17	-inf	
13	2.000000000000000e-01	3.999999999999999e-01	2.246442197584596e-03	6.288262800972883e-03	5.820874079498063e-16	0.000000000000000e+00	2.957834693272139e+05	2.156590928672328e+04	8.534704998557479e-03	3.971729279896576e+04	9.027682112500814e+03	9.774236909225401e+03	2.495170730505500e-17	-inf	
14	3.999999999999999e-01	4.000000000000001e-01	2.246442197584597e-03	6.288262800972883e-03	4.065549305076303e-16	0.000000000000000e+00	2.957834693272139e+05	2.156590928672327e+04	8.534704998557480e-03	3.971729279896576e+04	9.027682112500814e+03	9.774236909225399e+03	1.742734766447329e-17	-inf	
15	6.000000000000001e-01	4.000000000000000e-01	2.246442197584597e-03	6.288262800972883e-03	-4.704361344920473e-16	-9.094947017729280e-19	2.957834693272139e+05	2.156590928672327e+04	8.534704998557480e-03	3.971729279896576e+04	9.027682112500814e+03	9.774236909225399e+03	2.016571138606480e-17	-inf	
16	8.000000000000000e-01	4.000000000000000e-01	2.246442197584596e-03	6.288262800972883e-03	-4.658886609831820e-16	0.000000000000000e+00	2.957834693272139e+05	2.156590928672328e+04	8.534704998557479e-03	3.971729279896576e+04	9.027682112500814e+03	9.774236909225401e+03	1.997074210304642e-17	-inf	
17	1.000000000000000e+00	4.000000000000000e-01	2.246442197584596e-03	6.288262800972883e-03	0.000000000000000e+00	0.000000000000000e+00	2.957834693272139e+05	2.156590928672328e+04	8.534704998557479e-03	3.971729279896576e+04	9.027682112500814e+03	9.774236909225401e+03	0.000000000000000e+00	-inf	
18	0.000000000000000e+00	6.000000000000000e-01	2.246442197584596e-03	6.288262800972883e-03	3.738023224286796e-16	4.640696715796365e-16	2.957834693272139e+05	2.156590928672328e+04	8.534704998557479e-03	3.971729279896576e+04	9.027682112500814e+03	9.774236909225401e+03	2.554350985980462e-17	-inf	
19	2.000000000000000e-01	6.000000000000000e-01	2.246442197584596e-03	6.288262800972883e-03	-1.703142802797716e-17	1.818989403545857e-18	2.957834693272139e+05	2.156590928672328e+04	8.534704998557479e-03	3.971729279896576e+04	9.027682112500814e+03	9.774236909225401e+03	7.342196939351821e-19	-inf	
20	4.000000000000001e-01	6.000000000000002e-01	2.246442197584596e-03	6.288262800972883e-03	0.000000000000000e+00	-4.658886609831827e-16	2.957834693272139e+05	2.156590928672328e+04	8.534704998557479e-03	3.971729279896576e+04	9.027682112500814e+03	9.774236909225401e+03	1.997074210304645e-17	-inf	
21	6.000000000000000e-01	6.000000000000001e-01	2.246442197584596e-03	6.288262800972883e-03	1.703142802797709e-17	-4.658886609831816e-16	2.957834693272139e+05	2.156590928672328e+04	8.534704998557479e-03	3.971729279896576e+04	9.027682112500814e+03	9.774236909225401e+03	1.998408213986715e-17	-inf	
22	8.000000000000000e-01	6.000000000000001e-01	2.246442197584596e-03	6.288262800972883e-03	4.667981556849548e-16	-9.094947017729286e-19	2.957834693272139e+05	2.156590928672328e+04	8.534704998557479e-03	3.971729279896576e+04	9.027682112500814e+03	9.774236909225401e+03	2.000976640224489e-17	-inf	
23	1.000000000000000e+00	6.000000000000001e-01	2.246442197584597e-03	6.288262800972883e-03	9.417817636858676e-16	-9.094947017729280e-19	2.957834693272139e+05	2.156590928672327e+04	8.534704998557480e-03	3.971729279896576e+04	9.027682112500814e+03	9.774236909225399e+03	4.037035254415886e-17	-inf	
24	0.000000000000000e+00	8.000000000000000e-01	2.246442197584597e-03	6.288262800972883e-03	-8.535607776138940e-16	0.000000000000000e+00	2.957834693272139e+05	2.156590928672327e+04	8.534704998557480e-03	3.971729279896576e+04	9.027682112500814e+03	9.774236909225399e+03	3.658866073930523e-17	-inf	
25	2.000000000000000e-01	8.000000000000000e-01	2.246442197584596e-03	6.288262800972883e-03	-4.658886609831816e-16	1.994067133637179e-16	2.957834693272139e+05	2.156590928672328e+04	8.534704998557479e-03	3.971729279896576e+04	9.027682112500814e+03	9.774236909225401e+03	2.172313465346887e-17	-inf	
26	3.999999999999999e-01	8.000000000000000e-01	2.246442197584596e-03	6.288262800972883e-03	-9.094947017729284e-19	0.000000000000000e+00	2.957834693272139e+05	2.156590928672328e+04	8.534704998557479e-03	3.971729279896576e+04	9.027682112500814e+03	9.774236909225401e+03	3.898631938125222e-20	-inf	
27	6.000000000000000e-01	8.000000000000000e-01	2.246442197584596e-03	6.288262800972883e-03	0.000000000000000e+00	-1.864464138634533e-16	2.957834693272139e+05	2.156590928672328e+04	8.534704998557479e-03	3.971729279896576e+04	9.027682112500814e+03	9.774236909225401e+03	7.992195473156833e-18	-inf	
28	8.000000000000000e-01	8.000000000000000e-01	2.246442197584596e-03	6.288262800972883e-03	0.000000000000000e+00	4.627054295269767e-16	2.957834693272139e+05	2.156590928672328e+04	8.534704998557479e-03	3.971729279896576e+04	9.027682112500814e+03	9.774236909225401e+03	1.983428998521204e-17	-inf	
29	1.000000000000000e+00	8.000000000000000e-01	2.246442197584596e-03	6.288262800972883e-03	-8.822098607197387e-17	-4.517914931057024e-16	2.957834693272139e+05	2.156590928672328e+04	8.534704998557479e-03	3.971729279896576e+04	9.027682112500814e+03	9.774236909225401e+03	1.973222230195359e-17	-inf	
30	0.000000000000000e+00	1.000000000000000e+00	2.246442197584596e-03	6.288262800972883e-03	1.818989403545857e-18	-9.299583325628191e-16	2.957834693272139e+05	2.156590928672328e+04	8.534704998557479e-03	3.971729279896576e+04	9.027682112500814e+03	9.774236909225401e+03	3.986358782411687e-17	-inf	
31	2.000000000000000e-01	1.000000000000000e+00	2.246442197584596e-03	6.288262800972883e-03	0.000000000000000e+00	0.000000000000000e+00	2.957834693272139e+05	2.156590928672328e+04	8.534704998557479e-03	3.971729279896576e+04	9.027682112500814e+03	9.774236909225401e+03	0.000000000000000e+00	-inf	
32	3.999999999999999e-01	1.000000000000000e+00	2.246442197584596e-03	6.288262800972883e-03	0.000000000000000e+00	0.000000000000000e+00	2.957834693272139e+05	2.156590928672328e+04	8.534704998557479e-03	3.971729279896576e+04	9.027682112500814e+03	9.774236909225401e+03	0.000000000000000e+00	-inf	
33	6.000000000000000e-01	1.000000000000000e+00	2.246442197584596e-03	6.288262800972883e-03	4.681623977376138e-16	-8.731149137020095e-17	2.957834693272139e+05	2.156590928672328e+04	8.534704998557479e-03	3.971729279896576e+04	9.027682112500814e+03	9.774236909225401e+03	2.041422719128116e-17	-inf	
34	8.000000000000000e-01	1.000000000000000e+00	2.246442197584597e-03	6.288262800972883e-03	0.000000000000000e+00	9.667928679846217e-16	2.957834693272139e+05	2.156590928672327e+04	8.534704998557480e-03	3.971729279896576e+04	9.027682112500814e+03	9.774236909225399e+03	4.144245750227105e-17	-inf	
35	1.000000000000000e+00	1.000000000000000e+00	2.246442197584596e-03	6.288262800972883e-03	-9.345058060716818e-16	-1.432454155292367e-16	2.957834693272139e+05	2.156590928672328e+04	8.534704998557479e-03	3.971729279896576e+04	9.027682112500814e+03	9.774236909225401e+03	4.052632118977597e-17	-inf	
EXT_ITER= 2094
AOA= 0.000000000000000e+00
SIDESLIP_ANGLE= 0.000000000000000e+00
INITIAL_BCTHRUST= 4.000000000000000e+03
DCD_DCL_VALUE= 0.000000000000000e+00
DCMX_DCL_VALUE= 0.000000000000000e+00
DCMY_DCL_VALUE= 0.000000000000000e+00
DCMZ_DCL_VALUE= 0.000000000000000e+00
