"PointID"	"x"	"y"	"Density[0]"	"Density[1]"	"Momentum_x"	"Momentum_y"	"Energy"	"Electronic_Energy"	"Total_Density"	"Pressure"	"Temperature"	"Tve"	"Mach"	"C<sub>p</sub>"
0	0.000000000000000e+00	0.000000000000000e+00	2.401722728784593e-03	6.132982269772890e-03	0.000000000000000e+00	0.000000000000000e+00	2.957834693272139e+05	2.603077198283033e+04	8.534704998557484e-03	3.987830294853312e+04	9.160239131930795e+03	1.062337622756514e+04	0.000000000000000e+00	-inf	
1	2.000000000000000e-01	0.000000000000000e+00	2.401722728784593e-03	6.132982269772890e-03	0.000000000000000e+00	2.996785042341842e-16	2.957834693272139e+05	2.603077198283033e+04	8.534704998557484e-03	3.987830294853312e+04	9.160239131930795e+03	1.062337622756514e+04	1.283778349946268e-17	-inf	
2	4.000000000000000e-01	0.000000000000000e+00	2.401722728784593e-03	6.132982269772890e-03	0.000000000000000e+00	-2.223714545834834e-16	2.957834693272139e+05	2.603077198283033e+04	8.534704998557484e-03	3.987830294853312e+04	9.160239131930795e+03	1.062337622756514e+04	9.526063932074701e-18	-inf	
3	6.000000000000001e-01	0.000000000000000e+00	2.401722728784593e-03	6.132982269772890e-03	0.000000000000000e+00	-9.003997547551973e-17	2.957834693272139e+05	2.603077198283033e+04	8.534704998557484e-03	3.987830294853312e+04	9.160239131930795e+03	1.062337622756514e+04	3.857179260840013e-18	-inf	
4	8.000000000000000e-01	0.000000000000000e+00	2.401722728784593e-03	6.132982269772890e-03	4.683897714130583e-16	0.000000000000000e+00	2.957834693272139e+05	2.603077198283033e+04	8.534704998557484e-03	3.987830294853312e+04	9.160239131930795e+03	1.062337622756514e+04	2.006512443770315e-17	-inf	
5	1.000000000000000e+00	0.000000000000000e+00	2.401722728784593e-03	6.132982269772891e-03	9.044924809131755e-16	6.821210263296948e-17	2.957834693272139e+05	2.603077198283033e+04	8.534704998557484e-03	3.987830294853311e+04	9.160239131930792e+03	1.062337622756514e+04	3.885714768979235e-17	-inf	
6	0.000000000000000e+00	2.000000000000000e-01	2.401722728784593e-03	6.132982269772890e-03	0.000000000000000e+00	0.000000000000000e+00	2.957834693272139e+05	2.603077198283033e+04	8.534704998557484e-03	3.987830294853312e+04	9.160239131930795e+03	1.062337622756514e+04	0.000000000000000e+00	-inf	
7	2.000000000000000e-01	2.000000000000000e-01	2.401722728784593e-03	6.132982269772890e-03	-1.239186531165630e-16	-1.818989403545857e-18	2.957834693272139e+05	2.603077198283033e+04	8.534704998557484e-03	3.987830294853312e+04	9.160239131930795e+03	1.062337622756514e+04	5.309063539242104e-18	-inf	
8	4.000000000000000e-01	2.000000000000000e-01	2.401722728784593e-03	6.132982269772890e-03	-1.489297574153191e-16	4.702087608166040e-16	2.957834693272139e+05	2.603077198283033e+04	8.534704998557484e-03	3.987830294853312e+04	9.160239131930795e+03	1.062337622756514e+04	2.112926557503646e-17	-inf	
9	5.999999999999999e-01	2.000000000000000e-01	2.401722728784593e-03	6.132982269772890e-03	0.000000000000000e+00	5.097717803437257e-16	2.957834693272139e+05	2.603077198283033e+04	8.534704998557484e-03	3.987830294853312e+04	9.160239131930795e+03	1.062337622756514e+04	2.183786844142252e-17	-inf	
10	7.999999999999999e-01	2.000000000000000e-01	2.401722728784593e-03	6.132982269772890e-03	4.581579560181120e-16	-7.639755494892636e-17	2.957834693272139e+05	2.603077198283033e+04	8.534704998557484e-03	3.987830294853312e+04	9.160239131930795e+03	1.062337622756514e+04	1.989780295144270e-17	-inf	
11	1.000000000000000e+00	2.000000000000000e-01	2.401722728784593e-03	6.132982269772891e-03	9.126779332291329e-16	-4.549747245619071e-16	2.957834693272139e+05	2.603077198283033e+04	8.534704998557484e-03	3.987830294853311e+04	9.160239131930792e+03	1.062337622756514e+04	4.368653269799791e-17	-inf	
12	0.000000000000000e+00	3.999999999999999e-01	2.401722728784593e-03	6.132982269772890e-03	-3.378772817086481e-16	0.000000000000000e+00	2.957834693272139e+05	2.603077198283033e+04	8.534704998557484e-03	3.987830294853312e+04	9.160239131930795e+03	1.062337622756514e+04	1.447416257981909e-17	-inf	
13	2.000000000000000e-01	3.999999999999999e-01	2.401722728784593e-03	6.132982269772890e-03	5.554396500711024e-16	0.000000000000000e+00	2.957834693272139e+05	2.603077198283033e+04	8.534704998557484e-03	3.987830294853312e+04	9.160239131930795e+03	1.062337622756514e+04	2.379421237720105e-17	-inf	
14	3.999999999999999e-01	4.000000000000001e-01	2.401722728784593e-03	6.132982269772891e-03	4.281103918228916e-16	0.000000000000000e+00	2.957834693272139e+05	2.603077198283033e+04	8.534704998557484e-03	3.987830294853311e+04	9.160239131930792e+03	1.062337622756514e+04	1.833961544267977e-17	-inf	
15	6.000000000000001e-01	4.000000000000000e-01	2.401722728784593e-03	6.132982269772891e-03	-4.906723916064944e-16	-9.094947017729280e-19	2.957834693272139e+05	2.603077198283033e+04	8.534704998557484e-03	3.987830294853311e+04	9.160239131930792e+03	1.062337622756514e+04	2.101971501002396e-17	-inf	
16	8.000000000000000e-01	4.000000000000000e-01	2.401722728784593e-03	6.132982269772890e-03	-4.665707820095121e-16	0.000000000000000e+00	2.957834693272139e+05	2.603077198283033e+04	8.534704998557484e-03	3.987830294853312e+04	9.160239131930795e+03	1.062337622756514e+04	1.998720162435283e-17	-inf	
17	1.000000000000000e+00	4.000000000000000e-01	2.401722728784593e-03	6.132982269772890e-03	0.000000000000000e+00	0.000000000000000e+00	2.957834693272139e+05	2.603077198283033e+04	8.534704998557484e-03	3.987830294853312e+04	9.160239131930795e+03	1.062337622756514e+04	0.000000000000000e+00	-inf	
18	0.000000000000000e+00	6.000000000000000e-01	2.401722728784593e-03	6.132982269772890e-03	2.223714545834834e-16	4.683897714130582e-16	2.957834693272139e+05	2.603077198283033e+04	8.534704998557484e-03	3.987830294853312e+04	9.160239131930795e+03	1.062337622756514e+04	2.221159860835069e-17	-inf	
19	2.000000000000000e-01	6.000000000000000e-01	2.401722728784593e-03	6.132982269772890e-03	-7.799183038497558e-18	1.818989403545857e-18	2.957834693272139e+05	2.603077198283033e+04	8.534704998557484e-03	3.987830294853312e+04	9.160239131930795e+03	1.062337622756514e+04	3.430720341159843e-19	-inf	
20	4.000000000000001e-01	6.000000000000002e-01	2.401722728784593e-03	6.132982269772890e-03	0.000000000000000e+00	-4.702087608166044e-16	2.957834693272139e+05	2.603077198283033e+04	8.534704998557484e-03	3.987830294853312e+04	9.160239131930795e+03	1.062337622756514e+04	2.014304725105346e-17	-inf	
21	6.000000000000000e-01	6.000000000000001e-01	2.401722728784593e-03	6.132982269772890e-03	7.799183038497401e-18	-4.665707820095117e-16	2.957834693272139e+05	2.603077198283033e+04	8.534704998557484e-03	3.987830294853312e+04	9.160239131930795e+03	1.062337622756514e+04	1.998999387764498e-17	-inf	
22	8.000000000000000e-01	6.000000000000001e-01	2.401722728784593e-03	6.132982269772890e-03	4.674802767112848e-16	-9.094947017729286e-19	2.957834693272139e+05	2.603077198283033e+04	8.534704998557484e-03	3.987830294853312e+04	9.160239131930795e+03	1.062337622756514e+04	2.002620093119315e-17	-inf	
23	1.000000000000000e+00	6.000000000000001e-01	2.401722728784593e-03	6.132982269772891e-03	9.822542779147617e-16	-9.094947017729280e-19	2.957834693272139e+05	2.603077198283033e+04	8.534704998557484e-03	3.987830294853311e+04	9.160239131930792e+03	1.062337622756514e+04	4.207833724684823e-17	-inf	
24	0.000000000000000e+00	8.000000000000000e-01	2.401722728784593e-03	6.132982269772891e-03	-8.940332918427878e-16	0.000000000000000e+00	2.957834693272139e+05	2.603077198283033e+04	8.534704998557484e-03	3.987830294853311e+04	9.160239131930792e+03	1.062337622756514e+04	3.829906276167411e-17	-inf	
25	2.000000000000000e-01	8.000000000000000e-01	2.401722728784593e-03	6.132982269772890e-03	-4.665707820095117e-16	1.230091584147901e-16	2.957834693272139e+05	2.603077198283033e+04	8.534704998557484e-03	3.987830294853312e+04	9.160239131930795e+03	1.062337622756514e+04	2.067017604806154e-17	-inf	
26	3.999999999999999e-01	8.000000000000000e-01	2.401722728784593e-03	6.132982269772890e-03	-9.094947017729284e-19	0.000000000000000e+00	2.957834693272139e+05	2.603077198283033e+04	8.534704998557484e-03	3.987830294853312e+04	9.160239131930795e+03	1.062337622756514e+04	3.896140667515174e-20	-inf	
27	6.000000000000000e-01	8.000000000000000e-01	2.401722728784593e-03	6.132982269772890e-03	0.000000000000000e+00	-1.107309799408552e-16	2.957834693272139e+05	2.603077198283033e+04	8.534704998557484e-03	3.987830294853312e+04	9.160239131930795e+03	1.062337622756514e+04	4.743551262699774e-18	-inf	
28	8.000000000000000e-01	8.000000000000000e-01	2.401722728784593e-03	6.132982269772890e-03	0.000000000000000e+00	4.654339136322960e-16	2.957834693272139e+05	2.603077198283033e+04	8.534704998557484e-03	3.987830294853312e+04	9.160239131930795e+03	1.062337622756514e+04	1.993849986600889e-17	-inf	
29	1.000000000000000e+00	8.000000000000000e-01	2.401722728784593e-03	6.132982269772890e-03	-8.822098607197387e-17	-4.595221980707713e-16	2.957834693272139e+05	2.603077198283033e+04	8.534704998557484e-03	3.987830294853312e+04	9.160239131930795e+03	1.062337622756514e+04	2.004474682574760e-17	-inf	
30	0.000000000000000e+00	1.000000000000000e+00	2.401722728784593e-03	6.132982269772890e-03	1.818989403545857e-18	-9.385985322296625e-16	2.957834693272139e+05	2.603077198283033e+04	8.534704998557484e-03	3.987830294853312e+04	9.160239131930795e+03	1.062337622756514e+04	4.020824719528779e-17	-inf	
31	2.000000000000000e-01	1.000000000000000e+00	2.401722728784593e-03	6.132982269772890e-03	0.000000000000000e+00	0.000000000000000e+00	2.957834693272139e+05	2.603077198283033e+04	8.534704998557484e-03	3.987830294853312e+04	9.160239131930795e+03	1.062337622756514e+04	0.000000000000000e+00	-inf	
32	3.999999999999999e-01	1.000000000000000e+00	2.401722728784593e-03	6.132982269772890e-03	0.000000000000000e+00	0.000000000000000e+00	2.957834693272139e+05	2.603077198283033e+04	8.534704998557484e-03	3.987830294853312e+04	9.160239131930795e+03	1.062337622756514e+04	0.000000000000000e+00	-inf	
33	6.000000000000000e-01	1.000000000000000e+00	2.401722728784593e-03	6.132982269772890e-03	4.688445187639439e-16	-8.731149137020095e-17	2.957834693272139e+05	2.603077198283033e+04	8.534704998557484e-03	3.987830294853312e+04	9.160239131930795e+03	1.062337622756514e+04	2.042990872872074e-17	-inf	
34	8.000000000000000e-01	1.000000000000000e+00	2.401722728784593e-03	6.132982269772891e-03	0.000000000000000e+00	9.326868166681402e-16	2.957834693272139e+05	2.603077198283033e+04	8.534704998557484e-03	3.987830294853311e+04	9.160239131930792e+03	1.062337622756514e+04	3.995492254536819e-17	-inf	
35	1.000000000000000e+00	1.000000000000000e+00	2.401722728784593e-03	6.132982269772890e-03	-9.358700481243419e-16	-6.093614501878606e-17	2.957834693272139e+05	2.603077198283033e+04	8.534704998557484e-03	3.987830294853312e+04	9.160239131930795e+03	1.062337622756514e+04	4.017618191718324e-17	-inf	
EXT_ITER= 1270
AOA= 0.000000000000000e+00
SIDESLIP_ANGLE= 0.000000000000000e+00
INITIAL_BCTHRUST= 4.000000000000000e+03
DCD_DCL_VALUE= 0.000000000000000e+00
DCMX_DCL_VALUE= 0.000000000000000e+00
DCMY_DCL_VALUE= 0.000000000000000e+00
DCMZ_DCL_VALUE= 0.000000000000000e+00
