"PointID"	"x"	"y"	"Density[0]"	"Density[1]"	"Momentum_x"	"Momentum_y"	"Energy"	"Electronic_Energy"	"Total_Density"	"Pressure"	"Temperature"	"Tve"	"Mach"	"C<sub>p</sub>"
0	0.000000000000000e+00	0.000000000000000e+00	1.989561993088891e-03	6.545143005468592e-03	0.000000000000000e+00	0.000000000000000e+00	2.957834693272139e+05	1.624611150578099e+04	8.534704998557484e-03	3.816609397479493e+04	8.527319510321417e+03	8.726514587539043e+03	0.000000000000000e+00	-inf	
1	2.000000000000000e-01	0.000000000000000e+00	1.989561993088891e-03	6.545143005468592e-03	0.000000000000000e+00	1.116859493777157e-15	2.957834693272139e+05	1.624611150578099e+04	8.534704998557484e-03	3.816609397479493e+04	8.527319510321417e+03	8.726514587539043e+03	4.872809098552880e-17	-inf	
2	4.000000000000000e-01	0.000000000000000e+00	1.989561993088891e-03	6.545143005468592e-03	0.000000000000000e+00	-8.280949259642267e-16	2.957834693272139e+05	1.624611150578099e+04	8.534704998557484e-03	3.816609397479493e+04	8.527319510321417e+03	8.726514587539043e+03	3.612941925270572e-17	-inf	
3	6.000000000000001e-01	0.000000000000000e+00	1.989561993088891e-03	6.545143005468592e-03	0.000000000000000e+00	-5.538822733797119e-16	2.957834693272139e+05	1.624611150578099e+04	8.534704998557484e-03	3.816609397479493e+04	8.527319510321417e+03	8.726514587539043e+03	2.416564121350728e-17	-inf	
4	8.000000000000000e-01	0.000000000000000e+00	1.989561993088891e-03	6.545143005468592e-03	8.867573342285995e-17	0.000000000000000e+00	2.957834693272139e+05	1.624611150578099e+04	8.534704998557484e-03	3.816609397479493e+04	8.527319510321417e+03	8.726514587539043e+03	3.868883445512235e-18	-inf	
5	1.000000000000000e+00	0.000000000000000e+00	1.989561993088891e-03	6.545143005468592e-03	1.064108801074298e-16	1.255102688446642e-16	2.957834693272139e+05	1.624611150578099e+04	8.534704998557484e-03	3.816609397479494e+04	8.527319510321417e+03	8.726514587539043e+03	7.179165015555212e-18	-inf	
6	0.000000000000000e+00	2.000000000000000e-01	1.989561993088891e-03	6.545143005468592e-03	0.000000000000000e+00	0.000000000000000e+00	2.957834693272139e+05	1.624611150578099e+04	8.534704998557484e-03	3.816609397479493e+04	8.527319510321417e+03	8.726514587539043e+03	0.000000000000000e+00	-inf	
7	2.000000000000000e-01	2.000000000000000e-01	1.989561993088891e-03	6.545143005468592e-03	-4.281446308595926e-16	-1.818989403545857e-18	2.957834693272139e+05	1.624611150578099e+04	8.534704998557484e-03	3.816609397479493e+04	8.527319510321417e+03	8.726514587539043e+03	1.867993147697493e-17	-inf	
8	4.000000000000000e-01	2.000000000000000e-01	1.989561993088891e-03	6.545143005468592e-03	-5.575202521868052e-16	9.049472282640576e-17	2.957834693272139e+05	1.624611150578099e+04	8.534704998557484e-03	3.816609397479493e+04	8.527319510321417e+03	8.726514587539043e+03	2.464271403094584e-17	-inf	
9	5.999999999999999e-01	2.000000000000000e-01	1.989561993088891e-03	6.545143005468592e-03	0.000000000000000e+00	3.667537384899424e-16	2.957834693272139e+05	1.624611150578099e+04	8.534704998557484e-03	3.816609397479493e+04	8.527319510321417e+03	8.726514587539043e+03	1.600130512208059e-17	-inf	
10	7.999999999999999e-01	2.000000000000000e-01	1.989561993088891e-03	6.545143005468592e-03	7.662492862436955e-17	-2.871729520848005e-16	2.957834693272139e+05	1.624611150578099e+04	8.534704998557484e-03	3.816609397479493e+04	8.527319510321417e+03	8.726514587539043e+03	1.296757528736602e-17	-inf	
11	1.000000000000000e+00	2.000000000000000e-01	1.989561993088891e-03	6.545143005468592e-03	1.186890585813664e-16	-5.252331902738573e-17	2.957834693272139e+05	1.624611150578099e+04	8.534704998557484e-03	3.816609397479494e+04	8.527319510321417e+03	8.726514587539043e+03	5.662739323192482e-18	-inf	
12	0.000000000000000e+00	3.999999999999999e-01	1.989561993088891e-03	6.545143005468592e-03	-1.228272594744355e-15	0.000000000000000e+00	2.957834693272139e+05	1.624611150578099e+04	8.534704998557484e-03	3.816609397479493e+04	8.527319510321417e+03	8.726514587539043e+03	5.358899582732689e-17	-inf	
13	2.000000000000000e-01	3.999999999999999e-01	1.989561993088891e-03	6.545143005468592e-03	3.674996615440643e-16	0.000000000000000e+00	2.957834693272139e+05	1.624611150578099e+04	8.534704998557484e-03	3.816609397479493e+04	8.527319510321417e+03	8.726514587539043e+03	1.603384941852251e-17	-inf	
14	3.999999999999999e-01	4.000000000000001e-01	1.989561993088891e-03	6.545143005468592e-03	6.509267320456433e-17	0.000000000000000e+00	2.957834693272139e+05	1.624611150578099e+04	8.534704998557484e-03	3.816609397479494e+04	8.527319510321417e+03	8.726514587539043e+03	2.839964847929358e-18	-inf	
15	6.000000000000001e-01	4.000000000000000e-01	1.989561993088891e-03	6.545143005468592e-03	-3.149125404888846e-16	-9.094947017729280e-19	2.957834693272139e+05	1.624611150578099e+04	8.534704998557484e-03	3.816609397479494e+04	8.527319510321417e+03	8.726514587539043e+03	1.373955363930569e-17	-inf	
16	8.000000000000000e-01	4.000000000000000e-01	1.989561993088891e-03	6.545143005468592e-03	-9.981704351957881e-17	0.000000000000000e+00	2.957834693272139e+05	1.624611150578099e+04	8.534704998557484e-03	3.816609397479493e+04	8.527319510321417e+03	8.726514587539043e+03	4.354973929692001e-18	-inf	
17	1.000000000000000e+00	4.000000000000000e-01	1.989561993088891e-03	6.545143005468592e-03	0.000000000000000e+00	0.000000000000000e+00	2.957834693272139e+05	1.624611150578099e+04	8.534704998557484e-03	3.816609397479493e+04	8.527319510321417e+03	8.726514587539043e+03	0.000000000000000e+00	-inf	
18	0.000000000000000e+00	6.000000000000000e-01	1.989561993088891e-03	6.545143005468592e-03	8.280949259642267e-16	8.867573342285989e-17	2.957834693272139e+05	1.624611150578099e+04	8.534704998557484e-03	3.816609397479493e+04	8.527319510321417e+03	8.726514587539043e+03	3.633597658867505e-17	-inf	
19	2.000000000000000e-01	6.000000000000000e-01	1.989561993088891e-03	6.545143005468592e-03	4.902451239909830e-18	1.818989403545857e-18	2.957834693272139e+05	1.624611150578099e+04	8.534704998557484e-03	3.816609397479493e+04	8.527319510321417e+03	8.726514587539043e+03	2.281402734881702e-19	-inf	
20	4.000000000000001e-01	6.000000000000002e-01	1.989561993088891e-03	6.545143005468592e-03	0.000000000000000e+00	-9.049472282640591e-17	2.957834693272139e+05	1.624611150578099e+04	8.534704998557484e-03	3.816609397479493e+04	8.527319510321417e+03	8.726514587539043e+03	3.948245157215056e-18	-inf	
21	6.000000000000000e-01	6.000000000000001e-01	1.989561993088891e-03	6.545143005468592e-03	-4.902451239909477e-18	-9.163159120362255e-17	2.957834693272139e+05	1.624611150578099e+04	8.534704998557484e-03	3.816609397479493e+04	8.527319510321417e+03	8.726514587539043e+03	4.003563932057979e-18	-inf	
22	8.000000000000000e-01	6.000000000000001e-01	1.989561993088891e-03	6.545143005468592e-03	1.007265382213516e-16	-9.094947017729286e-19	2.957834693272139e+05	1.624611150578099e+04	8.534704998557484e-03	3.816609397479493e+04	8.527319510321417e+03	8.726514587539043e+03	4.394833927968225e-18	-inf	
23	1.000000000000000e+00	6.000000000000001e-01	1.989561993088891e-03	6.545143005468592e-03	6.307345756795421e-16	-9.094947017729280e-19	2.957834693272139e+05	1.624611150578099e+04	8.534704998557484e-03	3.816609397479494e+04	8.527319510321417e+03	8.726514587539043e+03	2.751870214206176e-17	-inf	
24	0.000000000000000e+00	8.000000000000000e-01	1.989561993088891e-03	6.545143005468592e-03	-9.504219633527203e-17	0.000000000000000e+00	2.957834693272139e+05	1.624611150578099e+04	8.534704998557484e-03	3.816609397479494e+04	8.527319510321417e+03	8.726514587539043e+03	4.146649436472158e-18	-inf	
25	2.000000000000000e-01	8.000000000000000e-01	1.989561993088891e-03	6.545143005468592e-03	-9.163159120362260e-17	4.272351361578197e-16	2.957834693272139e+05	1.624611150578099e+04	8.534704998557484e-03	3.816609397479493e+04	8.527319510321417e+03	8.726514587539043e+03	1.906398260519487e-17	-inf	
26	3.999999999999999e-01	8.000000000000000e-01	1.989561993088891e-03	6.545143005468592e-03	-9.094947017729284e-19	0.000000000000000e+00	2.957834693272139e+05	1.624611150578099e+04	8.534704998557484e-03	3.816609397479493e+04	8.527319510321417e+03	8.726514587539043e+03	3.968085585140780e-20	-inf	
27	6.000000000000000e-01	8.000000000000000e-01	1.989561993088891e-03	6.545143005468592e-03	0.000000000000000e+00	-5.231868271948727e-16	2.957834693272139e+05	1.624611150578099e+04	8.534704998557484e-03	3.816609397479493e+04	8.527319510321417e+03	8.726514587539043e+03	2.282641232852214e-17	-inf	
28	8.000000000000000e-01	8.000000000000000e-01	1.989561993088891e-03	6.545143005468592e-03	0.000000000000000e+00	8.844835974741639e-17	2.957834693272139e+05	1.624611150578099e+04	8.534704998557484e-03	3.816609397479493e+04	8.527319510321417e+03	8.726514587539043e+03	3.858963231549369e-18	-inf	
29	1.000000000000000e+00	8.000000000000000e-01	1.989561993088891e-03	6.545143005468592e-03	-5.520632839761662e-16	-7.548806024715402e-17	2.957834693272139e+05	1.624611150578099e+04	8.534704998557484e-03	3.816609397479493e+04	8.527319510321417e+03	8.726514587539043e+03	2.431041083941417e-17	-inf	
30	0.000000000000000e+00	1.000000000000000e+00	1.989561993088891e-03	6.545143005468592e-03	1.818989403545857e-18	-1.791704562492660e-16	2.957834693272139e+05	1.624611150578099e+04	8.534704998557484e-03	3.816609397479493e+04	8.527319510321417e+03	8.726514587539043e+03	7.817531443675915e-18	-inf	
31	2.000000000000000e-01	1.000000000000000e+00	1.989561993088891e-03	6.545143005468592e-03	0.000000000000000e+00	0.000000000000000e+00	2.957834693272139e+05	1.624611150578099e+04	8.534704998557484e-03	3.816609397479493e+04	8.527319510321417e+03	8.726514587539043e+03	0.000000000000000e+00	-inf	
32	3.999999999999999e-01	1.000000000000000e+00	1.989561993088891e-03	6.545143005468592e-03	0.000000000000000e+00	0.000000000000000e+00	2.957834693272139e+05	1.624611150578099e+04	8.534704998557484e-03	3.816609397479493e+04	8.527319510321417e+03	8.726514587539043e+03	0.000000000000000e+00	-inf	
33	6.000000000000000e-01	1.000000000000000e+00	1.989561993088891e-03	6.545143005468592e-03	1.020907802740108e-16	-3.319655661471239e-16	2.957834693272139e+05	1.624611150578099e+04	8.534704998557484e-03	3.816609397479493e+04	8.527319510321417e+03	8.726514587539043e+03	1.515294741906962e-17	-inf	
34	8.000000000000000e-01	1.000000000000000e+00	1.989561993088891e-03	6.545143005468592e-03	0.000000000000000e+00	2.187334757763841e-16	2.957834693272139e+05	1.624611150578099e+04	8.534704998557484e-03	3.816609397479494e+04	8.527319510321417e+03	8.726514587539043e+03	9.543245832263348e-18	-inf	
35	1.000000000000000e+00	1.000000000000000e+00	1.989561993088891e-03	6.545143005468592e-03	-2.023625711444756e-16	-1.514308678451932e-16	2.957834693272139e+05	1.624611150578099e+04	8.534704998557484e-03	3.816609397479493e+04	8.527319510321417e+03	8.726514587539043e+03	1.102731626657578e-17	-inf	
EXT_ITER= 5580
AOA= 0.000000000000000e+00
SIDESLIP_ANGLE= 0.000000000000000e+00
INITIAL_BCTHRUST= 4.000000000000000e+03
DCD_DCL_VALUE= 0.000000000000000e+00
DCMX_DCL_VALUE= 0.000000000000000e+00
DCMY_DCL_VALUE= 0.000000000000000e+00
DCMZ_DCL_VALUE= 0.000000000000000e+00
