"PointID"	"x"	"y"	"Density[0]"	"Density[1]"	"Momentum_x"	"Momentum_y"	"Energy"	"Electronic_Energy"	"Total_Density"	"Pressure"	"Temperature"	"Tve"	"Mach"	"C<sub>p</sub>"
0	0.000000000000000e+00	0.000000000000000e+00	2.103766735094265e-03	6.430938263463212e-03	0.000000000000000e+00	0.000000000000000e+00	2.957834693272139e+05	1.830324737637857e+04	8.534704998557477e-03	3.904999496134707e+04	8.791386593525560e+03	9.136884793004596e+03	0.000000000000000e+00	-inf	
1	2.000000000000000e-01	0.000000000000000e+00	2.103766735094265e-03	6.430938263463212e-03	0.000000000000000e+00	7.712515071034234e-16	2.957834693272139e+05	1.830324737637857e+04	8.534704998557477e-03	3.904999496134707e+04	8.791386593525560e+03	9.136884793004596e+03	3.329968215345520e-17	-inf	
2	4.000000000000000e-01	0.000000000000000e+00	2.103766735094265e-03	6.430938263463212e-03	0.000000000000000e+00	-6.348273018374957e-16	2.957834693272139e+05	1.830324737637857e+04	8.534704998557477e-03	3.904999496134707e+04	8.791386593525560e+03	9.136884793004596e+03	2.740940818763210e-17	-inf	
3	6.000000000000001e-01	0.000000000000000e+00	2.103766735094265e-03	6.430938263463212e-03	0.000000000000000e+00	-1.937223714776355e-16	2.957834693272139e+05	1.830324737637857e+04	8.534704998557477e-03	3.904999496134707e+04	8.791386593525560e+03	9.136884793004596e+03	8.364189031469581e-18	-inf	
4	8.000000000000000e-01	0.000000000000000e+00	2.103766735094265e-03	6.430938263463212e-03	1.552962203277267e-16	0.000000000000000e+00	2.957834693272139e+05	1.830324737637857e+04	8.534704998557477e-03	3.904999496134707e+04	8.791386593525560e+03	9.136884793004596e+03	6.705095197762488e-18	-inf	
5	1.000000000000000e+00	0.000000000000000e+00	2.103766735094265e-03	6.430938263463212e-03	2.582964953035092e-16	3.510649548843559e-16	2.957834693272139e+05	1.830324737637856e+04	8.534704998557477e-03	3.904999496134710e+04	8.791386593525565e+03	9.136884793004596e+03	1.881825511610486e-17	-inf	
6	0.000000000000000e+00	2.000000000000000e-01	2.103766735094265e-03	6.430938263463212e-03	0.000000000000000e+00	0.000000000000000e+00	2.957834693272139e+05	1.830324737637857e+04	8.534704998557477e-03	3.904999496134707e+04	8.791386593525560e+03	9.136884793004596e+03	0.000000000000000e+00	-inf	
7	2.000000000000000e-01	2.000000000000000e-01	2.103766735094265e-03	6.430938263463212e-03	-3.303739504190110e-16	-1.818989403545857e-18	2.957834693272139e+05	1.830324737637857e+04	8.534704998557477e-03	3.904999496134707e+04	8.791386593525560e+03	9.136884793004596e+03	1.426449632536214e-17	-inf	
8	4.000000000000000e-01	2.000000000000000e-01	2.103766735094265e-03	6.430938263463212e-03	-3.847162588499389e-16	1.571152097312724e-16	2.957834693272139e+05	1.830324737637857e+04	8.534704998557477e-03	3.904999496134707e+04	8.791386593525560e+03	9.136884793004596e+03	1.794237406708541e-17	-inf	
9	5.999999999999999e-01	2.000000000000000e-01	2.103766735094265e-03	6.430938263463212e-03	0.000000000000000e+00	2.576143742771832e-16	2.957834693272139e+05	1.830324737637857e+04	8.534704998557477e-03	3.904999496134707e+04	8.791386593525560e+03	9.136884793004596e+03	1.112280067213027e-17	-inf	
10	7.999999999999999e-01	2.000000000000000e-01	2.103766735094265e-03	6.430938263463212e-03	1.448370312573388e-16	-1.905391400214316e-16	2.957834693272139e+05	1.830324737637857e+04	8.534704998557477e-03	3.904999496134707e+04	8.791386593525560e+03	9.136884793004596e+03	1.033371958822477e-17	-inf	
11	1.000000000000000e+00	2.000000000000000e-01	2.103766735094265e-03	6.430938263463212e-03	2.651177055668074e-16	-1.277840055990954e-16	2.957834693272139e+05	1.830324737637856e+04	8.534704998557477e-03	3.904999496134710e+04	8.791386593525565e+03	9.136884793004596e+03	1.270701375808362e-17	-inf	
12	0.000000000000000e+00	3.999999999999999e-01	2.103766735094265e-03	6.430938263463212e-03	-8.467395673505701e-16	0.000000000000000e+00	2.957834693272139e+05	1.830324737637857e+04	8.534704998557477e-03	3.904999496134707e+04	8.791386593525560e+03	9.136884793004596e+03	3.655896708121065e-17	-inf	
13	2.000000000000000e-01	3.999999999999999e-01	2.103766735094265e-03	6.430938263463212e-03	3.204766221915612e-16	0.000000000000000e+00	2.957834693272139e+05	1.830324737637857e+04	8.534704998557477e-03	3.904999496134707e+04	8.791386593525560e+03	9.136884793004596e+03	1.383695144619130e-17	-inf	
14	3.999999999999999e-01	4.000000000000001e-01	2.103766735094265e-03	6.430938263463212e-03	1.099285987311270e-16	0.000000000000000e+00	2.957834693272139e+05	1.830324737637856e+04	8.534704998557477e-03	3.904999496134710e+04	8.791386593525565e+03	9.136884793004596e+03	4.746295292270163e-18	-inf	
15	6.000000000000001e-01	4.000000000000000e-01	2.103766735094265e-03	6.430938263463212e-03	-2.073647920042291e-16	-9.094947017729280e-19	2.957834693272139e+05	1.830324737637856e+04	8.534704998557477e-03	3.904999496134710e+04	8.791386593525565e+03	9.136884793004596e+03	8.953302542754245e-18	-inf	
16	8.000000000000000e-01	4.000000000000000e-01	2.103766735094265e-03	6.430938263463212e-03	-1.605258148629214e-16	0.000000000000000e+00	2.957834693272139e+05	1.830324737637857e+04	8.534704998557477e-03	3.904999496134707e+04	8.791386593525560e+03	9.136884793004596e+03	6.930889033119077e-18	-inf	
17	1.000000000000000e+00	4.000000000000000e-01	2.103766735094265e-03	6.430938263463212e-03	0.000000000000000e+00	0.000000000000000e+00	2.957834693272139e+05	1.830324737637857e+04	8.534704998557477e-03	3.904999496134707e+04	8.791386593525560e+03	9.136884793004596e+03	0.000000000000000e+00	-inf	
18	0.000000000000000e+00	6.000000000000000e-01	2.103766735094265e-03	6.430938263463212e-03	6.348273018374957e-16	1.552962203277266e-16	2.957834693272139e+05	1.830324737637857e+04	8.534704998557477e-03	3.904999496134707e+04	8.791386593525560e+03	9.136884793004596e+03	2.821761787974476e-17	-inf	
19	2.000000000000000e-01	6.000000000000000e-01	2.103766735094265e-03	6.430938263463212e-03	-3.389182433239116e-17	1.818989403545857e-18	2.957834693272139e+05	1.830324737637857e+04	8.534704998557477e-03	3.904999496134707e+04	8.791386593525560e+03	9.136884793004596e+03	1.465425033986180e-18	-inf	
20	4.000000000000001e-01	6.000000000000002e-01	2.103766735094265e-03	6.430938263463212e-03	0.000000000000000e+00	-1.571152097312726e-16	2.957834693272139e+05	1.830324737637857e+04	8.534704998557477e-03	3.904999496134707e+04	8.791386593525560e+03	9.136884793004596e+03	6.783632183973475e-18	-inf	
21	6.000000000000000e-01	6.000000000000001e-01	2.103766735094265e-03	6.430938263463212e-03	3.389182433239135e-17	-1.625721779419105e-16	2.957834693272139e+05	1.830324737637857e+04	8.534704998557477e-03	3.904999496134707e+04	8.791386593525560e+03	9.136884793004596e+03	7.170151795259132e-18	-inf	
22	8.000000000000000e-01	6.000000000000001e-01	2.103766735094265e-03	6.430938263463212e-03	1.614353095646941e-16	-9.094947017729286e-19	2.957834693272139e+05	1.830324737637857e+04	8.534704998557477e-03	3.904999496134707e+04	8.791386593525560e+03	9.136884793004596e+03	6.970268140820381e-18	-inf	
23	1.000000000000000e+00	6.000000000000001e-01	2.103766735094265e-03	6.430938263463212e-03	4.156390787102312e-16	-9.094947017729280e-19	2.957834693272139e+05	1.830324737637856e+04	8.534704998557477e-03	3.904999496134710e+04	8.791386593525565e+03	9.136884793004596e+03	1.794574431249829e-17	-inf	
24	0.000000000000000e+00	8.000000000000000e-01	2.103766735094265e-03	6.430938263463212e-03	-2.196429704781633e-16	0.000000000000000e+00	2.957834693272139e+05	1.830324737637856e+04	8.534704998557477e-03	3.904999496134710e+04	8.791386593525565e+03	9.136884793004596e+03	9.483341084976031e-18	-inf	
25	2.000000000000000e-01	8.000000000000000e-01	2.103766735094265e-03	6.430938263463212e-03	-1.625721779419105e-16	3.294644557172381e-16	2.957834693272139e+05	1.830324737637857e+04	8.534704998557477e-03	3.904999496134707e+04	8.791386593525560e+03	9.136884793004596e+03	1.586255748914741e-17	-inf	
26	3.999999999999999e-01	8.000000000000000e-01	2.103766735094265e-03	6.430938263463212e-03	-9.094947017729284e-19	0.000000000000000e+00	2.957834693272139e+05	1.830324737637857e+04	8.534704998557477e-03	3.904999496134707e+04	8.791386593525560e+03	9.136884793004596e+03	3.926849310549064e-20	-inf	
27	6.000000000000000e-01	8.000000000000000e-01	2.103766735094265e-03	6.430938263463212e-03	0.000000000000000e+00	-3.303739504190110e-16	2.957834693272139e+05	1.830324737637857e+04	8.534704998557477e-03	3.904999496134707e+04	8.791386593525560e+03	9.136884793004596e+03	1.426428012056924e-17	-inf	
28	8.000000000000000e-01	8.000000000000000e-01	2.103766735094265e-03	6.430938263463212e-03	0.000000000000000e+00	1.550688466522831e-16	2.957834693272139e+05	1.830324737637857e+04	8.534704998557477e-03	3.904999496134707e+04	8.791386593525560e+03	9.136884793004596e+03	6.695278074486101e-18	-inf	
29	1.000000000000000e+00	8.000000000000000e-01	2.103766735094265e-03	6.430938263463212e-03	-1.919033820740896e-16	-1.452917786082258e-16	2.957834693272139e+05	1.830324737637857e+04	8.534704998557477e-03	3.904999496134707e+04	8.791386593525560e+03	9.136884793004596e+03	1.039251353267391e-17	-inf	
30	0.000000000000000e+00	1.000000000000000e+00	2.103766735094265e-03	6.430938263463212e-03	1.818989403545857e-18	-3.124114300589994e-16	2.957834693272139e+05	1.830324737637857e+04	8.534704998557477e-03	3.904999496134707e+04	8.791386593525560e+03	9.136884793004596e+03	1.348895601731271e-17	-inf	
31	2.000000000000000e-01	1.000000000000000e+00	2.103766735094265e-03	6.430938263463212e-03	0.000000000000000e+00	0.000000000000000e+00	2.957834693272139e+05	1.830324737637857e+04	8.534704998557477e-03	3.904999496134707e+04	8.791386593525560e+03	9.136884793004596e+03	0.000000000000000e+00	-inf	
32	3.999999999999999e-01	1.000000000000000e+00	2.103766735094265e-03	6.430938263463212e-03	0.000000000000000e+00	0.000000000000000e+00	2.957834693272139e+05	1.830324737637857e+04	8.534704998557477e-03	3.904999496134707e+04	8.791386593525560e+03	9.136884793004596e+03	0.000000000000000e+00	-inf	
33	6.000000000000000e-01	1.000000000000000e+00	2.103766735094265e-03	6.430938263463212e-03	1.627995516173532e-16	-1.641637936700146e-16	2.957834693272139e+05	1.830324737637857e+04	8.534704998557477e-03	3.904999496134707e+04	8.791386593525560e+03	9.136884793004596e+03	9.982329777628638e-18	-inf	
34	8.000000000000000e-01	1.000000000000000e+00	2.103766735094265e-03	6.430938263463212e-03	0.000000000000000e+00	6.029949872754543e-16	2.957834693272139e+05	1.830324737637856e+04	8.534704998557477e-03	3.904999496134710e+04	8.791386593525565e+03	9.136884793004596e+03	2.603501092894040e-17	-inf	
35	1.000000000000000e+00	1.000000000000000e+00	2.103766735094265e-03	6.430938263463212e-03	-3.237801138311606e-16	-3.451532393228316e-16	2.957834693272139e+05	1.830324737637857e+04	8.534704998557477e-03	3.904999496134707e+04	8.791386593525560e+03	9.136884793004596e+03	2.043306333405590e-17	-inf	
EXT_ITER= 3524
AOA= 0.000000000000000e+00
SIDESLIP_ANGLE= 0.000000000000000e+00
INITIAL_BCTHRUST= 4.000000000000000e+03
DCD_DCL_VALUE= 0.000000000000000e+00
DCMX_DCL_VALUE= 0.000000000000000e+00
DCMY_DCL_VALUE= 0.000000000000000e+00
DCMZ_DCL_VALUE= 0.000000000000000e+00
