"PointID"	"x"	"y"	"Density[0]"	"Density[1]"	"Momentum_x"	"Momentum_y"	"Energy"	"Electronic_Energy"	"Total_Density"	"Pressure"	"Temperature"	"Tve"	"Mach"	"C<sub>p</sub>"
0	0.000000000000000e+00	0.000000000000000e+00	2.375659737368434e-03	6.159045261189049e-03	0.000000000000000e+00	0.000000000000000e+00	2.957834693272139e+05	2.524437615873999e+04	8.534704998557482e-03	3.987413717506844e+04	9.143035986735998e+03	1.047474426275159e+04	0.000000000000000e+00	-inf	
1	2.000000000000000e-01	0.000000000000000e+00	2.375659737368434e-03	6.159045261189049e-03	0.000000000000000e+00	3.269633452873727e-16	2.957834693272139e+05	2.524437615873999e+04	8.534704998557482e-03	3.987413717506844e+04	9.143035986735998e+03	1.047474426275159e+04	1.400409233749421e-17	-inf	
2	4.000000000000000e-01	0.000000000000000e+00	2.375659737368434e-03	6.159045261189049e-03	0.000000000000000e+00	-2.387423592153965e-16	2.957834693272139e+05	2.524437615873999e+04	8.534704998557482e-03	3.987413717506844e+04	9.143035986735998e+03	1.047474426275159e+04	1.022551943975582e-17	-inf	
3	6.000000000000001e-01	0.000000000000000e+00	2.375659737368434e-03	6.159045261189049e-03	0.000000000000000e+00	-9.003997547551973e-17	2.957834693272139e+05	2.524437615873999e+04	8.534704998557482e-03	3.987413717506844e+04	9.143035986735998e+03	1.047474426275159e+04	3.856481617279284e-18	-inf	
4	8.000000000000000e-01	0.000000000000000e+00	2.375659737368434e-03	6.159045261189049e-03	4.965841071680190e-16	0.000000000000000e+00	2.957834693272139e+05	2.524437615873999e+04	8.534704998557482e-03	3.987413717506844e+04	9.143035986735998e+03	1.047474426275159e+04	2.126908043469185e-17	-inf	
5	1.000000000000000e+00	0.000000000000000e+00	2.375659737368434e-03	6.159045261189049e-03	9.595169103704381e-16	7.958078640513105e-17	2.957834693272139e+05	2.524437615873999e+04	8.534704998557484e-03	3.987413717506845e+04	9.143035986736000e+03	1.047474426275159e+04	4.123795533251224e-17	-inf	
6	0.000000000000000e+00	2.000000000000000e-01	2.375659737368434e-03	6.159045261189049e-03	0.000000000000000e+00	0.000000000000000e+00	2.957834693272139e+05	2.524437615873999e+04	8.534704998557482e-03	3.987413717506844e+04	9.143035986735998e+03	1.047474426275159e+04	0.000000000000000e+00	-inf	
7	2.000000000000000e-01	2.000000000000000e-01	2.375659737368434e-03	6.159045261189049e-03	-1.341504685115087e-16	-1.818989403545857e-18	2.957834693272139e+05	2.524437615873999e+04	8.534704998557482e-03	3.987413717506844e+04	9.143035986735998e+03	1.047474426275159e+04	5.746296236581662e-18	-inf	
8	4.000000000000000e-01	2.000000000000000e-01	2.375659737368434e-03	6.159045261189049e-03	-1.625721779419134e-16	4.984030965715647e-16	2.957834693272139e+05	2.524437615873999e+04	8.534704998557482e-03	3.987413717506844e+04	9.143035986735998e+03	1.047474426275159e+04	2.245392156152621e-17	-inf	
9	5.999999999999999e-01	2.000000000000000e-01	2.375659737368434e-03	6.159045261189049e-03	0.000000000000000e+00	5.395577318267888e-16	2.957834693272139e+05	2.524437615873999e+04	8.534704998557482e-03	3.987413717506844e+04	9.143035986735998e+03	1.047474426275159e+04	2.310967393384784e-17	-inf	
10	7.999999999999999e-01	2.000000000000000e-01	2.375659737368434e-03	6.159045261189049e-03	4.874891601502888e-16	-8.049028110690464e-17	2.957834693272139e+05	2.524437615873999e+04	8.534704998557482e-03	3.987413717506844e+04	9.143035986735998e+03	1.047474426275159e+04	2.116223156399816e-17	-inf	
11	1.000000000000000e+00	2.000000000000000e-01	2.375659737368434e-03	6.159045261189049e-03	9.686118573881676e-16	-4.829416866414244e-16	2.957834693272139e+05	2.524437615873999e+04	8.534704998557484e-03	3.987413717506845e+04	9.143035986736000e+03	1.047474426275159e+04	4.635709570003494e-17	-inf	
12	0.000000000000000e+00	3.999999999999999e-01	2.375659737368434e-03	6.159045261189049e-03	-3.692548489198149e-16	0.000000000000000e+00	2.957834693272139e+05	2.524437615873999e+04	8.534704998557482e-03	3.987413717506844e+04	9.143035986735998e+03	1.047474426275159e+04	1.581547006682240e-17	-inf	
13	2.000000000000000e-01	3.999999999999999e-01	2.375659737368434e-03	6.159045261189049e-03	5.889644407859562e-16	0.000000000000000e+00	2.957834693272139e+05	2.524437615873999e+04	8.534704998557482e-03	3.987413717506844e+04	9.143035986735998e+03	1.047474426275159e+04	2.522580139684454e-17	-inf	
14	3.999999999999999e-01	4.000000000000001e-01	2.375659737368434e-03	6.159045261189049e-03	4.554960933007781e-16	0.000000000000000e+00	2.957834693272139e+05	2.524437615873999e+04	8.534704998557484e-03	3.987413717506845e+04	9.143035986736000e+03	1.047474426275159e+04	1.950924910052393e-17	-inf	
15	6.000000000000001e-01	4.000000000000000e-01	2.375659737368434e-03	6.159045261189049e-03	-5.186393536860117e-16	-9.094947017729280e-19	2.957834693272139e+05	2.524437615873999e+04	8.534704998557484e-03	3.987413717506845e+04	9.143035986736000e+03	1.047474426275159e+04	2.221375781461068e-17	-inf	
16	8.000000000000000e-01	4.000000000000000e-01	2.375659737368434e-03	6.159045261189049e-03	-4.963567334925752e-16	0.000000000000000e+00	2.957834693272139e+05	2.524437615873999e+04	8.534704998557482e-03	3.987413717506844e+04	9.143035986735998e+03	1.047474426275159e+04	2.125934184474921e-17	-inf	
17	1.000000000000000e+00	4.000000000000000e-01	2.375659737368434e-03	6.159045261189049e-03	0.000000000000000e+00	0.000000000000000e+00	2.957834693272139e+05	2.524437615873999e+04	8.534704998557482e-03	3.987413717506844e+04	9.143035986735998e+03	1.047474426275159e+04	0.000000000000000e+00	-inf	
18	0.000000000000000e+00	6.000000000000000e-01	2.375659737368434e-03	6.159045261189049e-03	2.387423592153965e-16	4.965841071680189e-16	2.957834693272139e+05	2.524437615873999e+04	8.534704998557482e-03	3.987413717506844e+04	9.143035986735998e+03	1.047474426275159e+04	2.359947097606673e-17	-inf	
19	2.000000000000000e-01	6.000000000000000e-01	2.375659737368434e-03	6.159045261189049e-03	-8.734330566316470e-18	1.818989403545857e-18	2.957834693272139e+05	2.524437615873999e+04	8.534704998557482e-03	3.987413717506844e+04	9.143035986735998e+03	1.047474426275159e+04	3.821245472679831e-19	-inf	
20	4.000000000000001e-01	6.000000000000002e-01	2.375659737368434e-03	6.159045261189049e-03	0.000000000000000e+00	-4.984030965715651e-16	2.957834693272139e+05	2.524437615873999e+04	8.534704998557482e-03	3.987413717506844e+04	9.143035986735998e+03	1.047474426275159e+04	2.134698915423286e-17	-inf	
21	6.000000000000000e-01	6.000000000000001e-01	2.375659737368434e-03	6.159045261189049e-03	8.734330566316311e-18	-4.963567334925748e-16	2.957834693272139e+05	2.524437615873999e+04	8.534704998557482e-03	3.987413717506844e+04	9.143035986735998e+03	1.047474426275159e+04	2.126263307008208e-17	-inf	
22	8.000000000000000e-01	6.000000000000001e-01	2.375659737368434e-03	6.159045261189049e-03	4.972662281943480e-16	-9.094947017729286e-19	2.957834693272139e+05	2.524437615873999e+04	8.534704998557482e-03	3.987413717506844e+04	9.143035986735998e+03	1.047474426275159e+04	2.129833182804708e-17	-inf	
23	1.000000000000000e+00	6.000000000000001e-01	2.375659737368434e-03	6.159045261189049e-03	1.038188202073796e-15	-9.094947017729280e-19	2.957834693272139e+05	2.524437615873999e+04	8.534704998557484e-03	3.987413717506845e+04	9.143035986736000e+03	1.047474426275159e+04	4.446641874081448e-17	-inf	
24	0.000000000000000e+00	8.000000000000000e-01	2.375659737368434e-03	6.159045261189049e-03	-9.499672160018224e-16	0.000000000000000e+00	2.957834693272139e+05	2.524437615873999e+04	8.534704998557484e-03	3.987413717506845e+04	9.143035986736000e+03	1.047474426275159e+04	4.068782878028499e-17	-inf	
25	2.000000000000000e-01	8.000000000000000e-01	2.375659737368434e-03	6.159045261189049e-03	-4.963567334925748e-16	1.332409738097357e-16	2.957834693272139e+05	2.524437615873999e+04	8.534704998557482e-03	3.987413717506844e+04	9.143035986735998e+03	1.047474426275159e+04	2.201198169977451e-17	-inf	
26	3.999999999999999e-01	8.000000000000000e-01	2.375659737368434e-03	6.159045261189049e-03	-9.094947017729284e-19	0.000000000000000e+00	2.957834693272139e+05	2.524437615873999e+04	8.534704998557482e-03	3.987413717506844e+04	9.143035986735998e+03	1.047474426275159e+04	3.895435977049789e-20	-inf	
27	6.000000000000000e-01	8.000000000000000e-01	2.375659737368434e-03	6.159045261189049e-03	0.000000000000000e+00	-1.189164322568118e-16	2.957834693272139e+05	2.524437615873999e+04	8.534704998557482e-03	3.987413717506844e+04	9.143035986735998e+03	1.047474426275159e+04	5.093282539992659e-18	-inf	
28	8.000000000000000e-01	8.000000000000000e-01	2.375659737368434e-03	6.159045261189049e-03	0.000000000000000e+00	4.956746124662453e-16	2.957834693272139e+05	2.524437615873999e+04	8.534704998557482e-03	3.987413717506844e+04	9.143035986735998e+03	1.047474426275159e+04	2.123012607492132e-17	-inf	
29	1.000000000000000e+00	8.000000000000000e-01	2.375659737368434e-03	6.159045261189049e-03	-8.822098607197387e-17	-4.888534022029480e-16	2.957834693272139e+05	2.524437615873999e+04	8.534704998557482e-03	3.987413717506844e+04	9.143035986735998e+03	1.047474426275159e+04	2.127618699120702e-17	-inf	
30	0.000000000000000e+00	1.000000000000000e+00	2.375659737368434e-03	6.159045261189049e-03	1.818989403545857e-18	-9.949872037395838e-16	2.957834693272139e+05	2.524437615873999e+04	8.534704998557482e-03	3.987413717506844e+04	9.143035986735998e+03	1.047474426275159e+04	4.261614080341689e-17	-inf	
31	2.000000000000000e-01	1.000000000000000e+00	2.375659737368434e-03	6.159045261189049e-03	0.000000000000000e+00	0.000000000000000e+00	2.957834693272139e+05	2.524437615873999e+04	8.534704998557482e-03	3.987413717506844e+04	9.143035986735998e+03	1.047474426275159e+04	0.000000000000000e+00	-inf	
32	3.999999999999999e-01	1.000000000000000e+00	2.375659737368434e-03	6.159045261189049e-03	0.000000000000000e+00	0.000000000000000e+00	2.957834693272139e+05	2.524437615873999e+04	8.534704998557482e-03	3.987413717506844e+04	9.143035986735998e+03	1.047474426275159e+04	0.000000000000000e+00	-inf	
33	6.000000000000000e-01	1.000000000000000e+00	2.375659737368434e-03	6.159045261189049e-03	4.986304702470070e-16	-8.731149137020095e-17	2.957834693272139e+05	2.524437615873999e+04	8.534704998557482e-03	3.987413717506844e+04	9.143035986735998e+03	1.047474426275159e+04	2.168166429839612e-17	-inf	
34	8.000000000000000e-01	1.000000000000000e+00	2.375659737368434e-03	6.159045261189049e-03	0.000000000000000e+00	9.958966984413578e-16	2.957834693272139e+05	2.524437615873999e+04	8.534704998557484e-03	3.987413717506845e+04	9.143035986736000e+03	1.047474426275159e+04	4.265502394869524e-17	-inf	
35	1.000000000000000e+00	1.000000000000000e+00	2.375659737368434e-03	6.159045261189049e-03	-9.954419510904682e-16	-7.321432349272056e-17	2.957834693272139e+05	2.524437615873999e+04	8.534704998557482e-03	3.987413717506844e+04	9.143035986735998e+03	1.047474426275159e+04	4.275071055241478e-17	-inf	
EXT_ITER= 1375
AOA= 0.000000000000000e+00
SIDESLIP_ANGLE= 0.000000000000000e+00
INITIAL_BCTHRUST= 4.000000000000000e+03
DCD_DCL_VALUE= 0.000000000000000e+00
DCMX_DCL_VALUE= 0.000000000000000e+00
DCMY_DCL_VALUE= 0.000000000000000e+00
DCMZ_DCL_VALUE= 0.000000000000000e+00
