"PointID"	"x"	"y"	"Density[0]"	"Density[1]"	"Momentum_x"	"Momentum_y"	"Energy"	"Electronic_Energy"	"Total_Density"	"Pressure"	"Temperature"	"Tve"	"Mach"	"C<sub>p</sub>"
0	0.000000000000000e+00	0.000000000000000e+00	2.092376274834335e-03	6.442328723723145e-03	0.000000000000000e+00	0.000000000000000e+00	2.957834693272139e+05	1.808091735624129e+04	8.534704998557479e-03	3.897285927190402e+04	8.767348022280570e+03	9.093054260093291e+03	0.000000000000000e+00	-inf	
1	2.000000000000000e-01	0.000000000000000e+00	2.092376274834335e-03	6.442328723723145e-03	0.000000000000000e+00	8.030838216654732e-16	2.957834693272139e+05	1.808091735624129e+04	8.534704998557479e-03	3.897285927190402e+04	8.767348022280570e+03	9.093054260093291e+03	3.470489992172192e-17	-inf	
2	4.000000000000000e-01	0.000000000000000e+00	2.092376274834335e-03	6.442328723723145e-03	0.000000000000000e+00	-6.639311322942269e-16	2.957834693272139e+05	1.808091735624129e+04	8.534704998557479e-03	3.897285927190402e+04	8.767348022280570e+03	9.093054260093291e+03	2.869148011648619e-17	-inf	
3	6.000000000000001e-01	0.000000000000000e+00	2.092376274834335e-03	6.442328723723145e-03	0.000000000000000e+00	-2.037268131971379e-16	2.957834693272139e+05	1.808091735624129e+04	8.534704998557479e-03	3.897285927190402e+04	8.767348022280570e+03	9.093054260093291e+03	8.803961022045306e-18	-inf	
4	8.000000000000000e-01	0.000000000000000e+00	2.092376274834335e-03	6.442328723723145e-03	1.568878360558294e-16	0.000000000000000e+00	2.957834693272139e+05	1.808091735624129e+04	8.534704998557479e-03	3.897285927190402e+04	8.767348022280570e+03	9.093054260093291e+03	6.779836054923184e-18	-inf	
5	1.000000000000000e+00	0.000000000000000e+00	2.092376274834335e-03	6.442328723723145e-03	2.582964953035091e-16	3.792592906393173e-16	2.957834693272139e+05	1.808091735624128e+04	8.534704998557480e-03	3.897285927190400e+04	8.767348022280565e+03	9.093054260093289e+03	1.982952805722074e-17	-inf	
6	0.000000000000000e+00	2.000000000000000e-01	2.092376274834335e-03	6.442328723723145e-03	0.000000000000000e+00	0.000000000000000e+00	2.957834693272139e+05	1.808091735624129e+04	8.534704998557479e-03	3.897285927190402e+04	8.767348022280570e+03	9.093054260093291e+03	0.000000000000000e+00	-inf	
7	2.000000000000000e-01	2.000000000000000e-01	2.092376274834335e-03	6.442328723723145e-03	-3.376499080331938e-16	-1.818989403545857e-18	2.957834693272139e+05	1.808091735624129e+04	8.534704998557479e-03	3.897285927190402e+04	8.767348022280570e+03	9.093054260093291e+03	1.459159802605520e-17	-inf	
8	4.000000000000000e-01	2.000000000000000e-01	2.092376274834335e-03	6.442328723723145e-03	-4.006324161309638e-16	1.587068254593752e-16	2.957834693272139e+05	1.808091735624129e+04	8.534704998557479e-03	3.897285927190402e+04	8.767348022280570e+03	9.093054260093291e+03	1.862211809249035e-17	-inf	
9	5.999999999999999e-01	2.000000000000000e-01	2.092376274834335e-03	6.442328723723145e-03	0.000000000000000e+00	2.655724529176967e-16	2.957834693272139e+05	1.808091735624129e+04	8.534704998557479e-03	3.897285927190402e+04	8.767348022280570e+03	9.093054260093291e+03	1.147659204659473e-17	-inf	
10	7.999999999999999e-01	2.000000000000000e-01	2.092376274834335e-03	6.442328723723145e-03	1.462012733099983e-16	-2.050910552497988e-16	2.957834693272139e+05	1.808091735624129e+04	8.534704998557479e-03	3.897285927190402e+04	8.767348022280570e+03	9.093054260093291e+03	1.088433154507655e-17	-inf	
11	1.000000000000000e+00	2.000000000000000e-01	2.092376274834335e-03	6.442328723723145e-03	2.705746737774451e-16	-1.305124897044143e-16	2.957834693272139e+05	1.808091735624128e+04	8.534704998557480e-03	3.897285927190400e+04	8.767348022280565e+03	9.093054260093289e+03	1.298193656132265e-17	-inf	
12	0.000000000000000e+00	3.999999999999999e-01	2.092376274834335e-03	6.442328723723145e-03	-8.799361239652792e-16	0.000000000000000e+00	2.957834693272139e+05	1.808091735624129e+04	8.534704998557479e-03	3.897285927190402e+04	8.767348022280570e+03	9.093054260093291e+03	3.802603700369853e-17	-inf	
13	2.000000000000000e-01	3.999999999999999e-01	2.092376274834335e-03	6.442328723723145e-03	3.305739803264613e-16	0.000000000000000e+00	2.957834693272139e+05	1.808091735624129e+04	8.534704998557479e-03	3.897285927190402e+04	8.767348022280570e+03	9.093054260093291e+03	1.428560331369000e-17	-inf	
14	3.999999999999999e-01	4.000000000000001e-01	2.092376274834335e-03	6.442328723723145e-03	1.132047466027303e-16	0.000000000000000e+00	2.957834693272139e+05	1.808091735624128e+04	8.534704998557480e-03	3.897285927190400e+04	8.767348022280565e+03	9.093054260093289e+03	4.892091330347061e-18	-inf	
15	6.000000000000001e-01	4.000000000000000e-01	2.092376274834335e-03	6.442328723723145e-03	-2.157776179956289e-16	-9.094947017729280e-19	2.957834693272139e+05	1.808091735624128e+04	8.534704998557480e-03	3.897285927190400e+04	8.767348022280565e+03	9.093054260093289e+03	9.324813868675634e-18	-inf	
16	8.000000000000000e-01	4.000000000000000e-01	2.092376274834335e-03	6.442328723723145e-03	-1.618900569155808e-16	0.000000000000000e+00	2.957834693272139e+05	1.808091735624129e+04	8.534704998557479e-03	3.897285927190402e+04	8.767348022280570e+03	9.093054260093291e+03	6.996004740732344e-18	-inf	
17	1.000000000000000e+00	4.000000000000000e-01	2.092376274834335e-03	6.442328723723145e-03	0.000000000000000e+00	0.000000000000000e+00	2.957834693272139e+05	1.808091735624129e+04	8.534704998557479e-03	3.897285927190402e+04	8.767348022280570e+03	9.093054260093291e+03	0.000000000000000e+00	-inf	
18	0.000000000000000e+00	6.000000000000000e-01	2.092376274834335e-03	6.442328723723145e-03	6.639311322942269e-16	1.568878360558293e-16	2.957834693272139e+05	1.808091735624129e+04	8.534704998557479e-03	3.897285927190402e+04	8.767348022280570e+03	9.093054260093291e+03	2.948164188450770e-17	-inf	
19	2.000000000000000e-01	6.000000000000000e-01	2.092376274834335e-03	6.442328723723145e-03	-3.984508073856215e-17	1.818989403545857e-18	2.957834693272139e+05	1.808091735624129e+04	8.534704998557479e-03	3.897285927190402e+04	8.767348022280570e+03	9.093054260093291e+03	1.723680260824358e-18	-inf	
20	4.000000000000001e-01	6.000000000000002e-01	2.092376274834335e-03	6.442328723723145e-03	0.000000000000000e+00	-1.587068254593754e-16	2.957834693272139e+05	1.808091735624129e+04	8.534704998557479e-03	3.897285927190402e+04	8.767348022280570e+03	9.093054260093291e+03	6.858442849762879e-18	-inf	
21	6.000000000000000e-01	6.000000000000001e-01	2.092376274834335e-03	6.442328723723145e-03	3.984508073856236e-17	-1.655280357226726e-16	2.957834693272139e+05	1.808091735624129e+04	8.534704998557479e-03	3.897285927190402e+04	8.767348022280570e+03	9.093054260093291e+03	7.357542191241508e-18	-inf	
22	8.000000000000000e-01	6.000000000000001e-01	2.092376274834335e-03	6.442328723723145e-03	1.627995516173535e-16	-9.094947017729286e-19	2.957834693272139e+05	1.808091735624129e+04	8.534704998557479e-03	3.897285927190402e+04	8.767348022280570e+03	9.093054260093291e+03	7.035417923321898e-18	-inf	
23	1.000000000000000e+00	6.000000000000001e-01	2.092376274834335e-03	6.442328723723145e-03	4.324647306930307e-16	-9.094947017729280e-19	2.957834693272139e+05	1.808091735624128e+04	8.534704998557480e-03	3.897285927190400e+04	8.767348022280565e+03	9.093054260093289e+03	1.868880680158423e-17	-inf	
24	0.000000000000000e+00	8.000000000000000e-01	2.092376274834335e-03	6.442328723723145e-03	-2.232809492852550e-16	0.000000000000000e+00	2.957834693272139e+05	1.808091735624128e+04	8.534704998557480e-03	3.897285927190400e+04	8.767348022280565e+03	9.093054260093289e+03	9.648984066571932e-18	-inf	
25	2.000000000000000e-01	8.000000000000000e-01	2.092376274834335e-03	6.442328723723145e-03	-1.655280357226726e-16	3.367404133314209e-16	2.957834693272139e+05	1.808091735624129e+04	8.534704998557479e-03	3.897285927190402e+04	8.767348022280570e+03	9.093054260093291e+03	1.621516725342909e-17	-inf	
26	3.999999999999999e-01	8.000000000000000e-01	2.092376274834335e-03	6.442328723723145e-03	-9.094947017729284e-19	0.000000000000000e+00	2.957834693272139e+05	1.808091735624129e+04	8.534704998557479e-03	3.897285927190402e+04	8.767348022280570e+03	9.093054260093291e+03	3.930339741984474e-20	-inf	
27	6.000000000000000e-01	8.000000000000000e-01	2.092376274834335e-03	6.442328723723145e-03	0.000000000000000e+00	-3.426521288929445e-16	2.957834693272139e+05	1.808091735624129e+04	8.534704998557479e-03	3.897285927190402e+04	8.767348022280570e+03	9.093054260093291e+03	1.480755497792623e-17	-inf	
28	8.000000000000000e-01	8.000000000000000e-01	2.092376274834335e-03	6.442328723723145e-03	0.000000000000000e+00	1.566604623803858e-16	2.957834693272139e+05	1.808091735624129e+04	8.534704998557479e-03	3.897285927190402e+04	8.767348022280570e+03	9.093054260093291e+03	6.770010205568208e-18	-inf	
29	1.000000000000000e+00	8.000000000000000e-01	2.092376274834335e-03	6.442328723723145e-03	-2.019078237935920e-16	-1.466560206608852e-16	2.957834693272139e+05	1.808091735624129e+04	8.534704998557479e-03	3.897285927190402e+04	8.767348022280570e+03	9.093054260093291e+03	1.078415056183854e-17	-inf	
30	0.000000000000000e+00	1.000000000000000e+00	2.092376274834335e-03	6.442328723723145e-03	1.818989403545857e-18	-3.155946615152049e-16	2.957834693272139e+05	1.808091735624129e+04	8.534704998557479e-03	3.897285927190402e+04	8.767348022280570e+03	9.093054260093291e+03	1.363850543535471e-17	-inf	
31	2.000000000000000e-01	1.000000000000000e+00	2.092376274834335e-03	6.442328723723145e-03	0.000000000000000e+00	0.000000000000000e+00	2.957834693272139e+05	1.808091735624129e+04	8.534704998557479e-03	3.897285927190402e+04	8.767348022280570e+03	9.093054260093291e+03	0.000000000000000e+00	-inf	
32	3.999999999999999e-01	1.000000000000000e+00	2.092376274834335e-03	6.442328723723145e-03	0.000000000000000e+00	0.000000000000000e+00	2.957834693272139e+05	1.808091735624129e+04	8.534704998557479e-03	3.897285927190402e+04	8.767348022280570e+03	9.093054260093291e+03	0.000000000000000e+00	-inf	
33	6.000000000000000e-01	1.000000000000000e+00	2.092376274834335e-03	6.442328723723145e-03	1.641637936700126e-16	-1.787157088983818e-16	2.957834693272139e+05	1.808091735624129e+04	8.534704998557479e-03	3.897285927190402e+04	8.767348022280570e+03	9.093054260093291e+03	1.048690212563193e-17	-inf	
34	8.000000000000000e-01	1.000000000000000e+00	2.092376274834335e-03	6.442328723723145e-03	0.000000000000000e+00	6.484697223641022e-16	2.957834693272139e+05	1.808091735624128e+04	8.534704998557480e-03	3.897285927190400e+04	8.767348022280565e+03	9.093054260093289e+03	2.802332236034948e-17	-inf	
35	1.000000000000000e+00	1.000000000000000e+00	2.092376274834335e-03	6.442328723723145e-03	-3.265085979364794e-16	-3.710738383233607e-16	2.957834693272139e+05	1.808091735624129e+04	8.534704998557479e-03	3.897285927190402e+04	8.767348022280570e+03	9.093054260093291e+03	2.135968797901290e-17	-inf	
EXT_ITER= 3683
AOA= 0.000000000000000e+00
SIDESLIP_ANGLE= 0.000000000000000e+00
INITIAL_BCTHRUST= 4.000000000000000e+03
DCD_DCL_VALUE= 0.000000000000000e+00
DCMX_DCL_VALUE= 0.000000000000000e+00
DCMY_DCL_VALUE= 0.000000000000000e+00
DCMZ_DCL_VALUE= 0.000000000000000e+00
