"PointID"	"x"	"y"	"Density[0]"	"Density[1]"	"Momentum_x"	"Momentum_y"	"Energy"	"Electronic_Energy"	"Total_Density"	"Pressure"	"Temperature"	"Tve"	"Mach"	"C<sub>p</sub>"
0	0.000000000000000e+00	0.000000000000000e+00	2.264032049557875e-03	6.270672948999608e-03	0.000000000000000e+00	0.000000000000000e+00	2.957834693272139e+05	2.203318608421197e+04	8.534704998557484e-03	3.975924784263052e+04	9.047955296423106e+03	9.863890905700402e+03	0.000000000000000e+00	-inf	
1	2.000000000000000e-01	0.000000000000000e+00	2.264032049557875e-03	6.270672948999608e-03	0.000000000000000e+00	4.793037078343380e-16	2.957834693272139e+05	2.203318608421197e+04	8.534704998557484e-03	3.975924784263052e+04	9.047955296423106e+03	9.863890905700402e+03	2.053815303345883e-17	-inf	
2	4.000000000000000e-01	0.000000000000000e+00	2.264032049557875e-03	6.270672948999608e-03	0.000000000000000e+00	-3.537934389896747e-16	2.957834693272139e+05	2.203318608421197e+04	8.534704998557484e-03	3.975924784263052e+04	9.047955296423106e+03	9.863890905700402e+03	1.516004085391942e-17	-inf	
3	6.000000000000001e-01	0.000000000000000e+00	2.264032049557875e-03	6.270672948999608e-03	0.000000000000000e+00	-9.003997547551973e-17	2.957834693272139e+05	2.203318608421197e+04	8.534704998557484e-03	3.975924784263052e+04	9.047955296423106e+03	9.863890905700402e+03	3.858210911408729e-18	-inf	
4	8.000000000000000e-01	0.000000000000000e+00	2.264032049557875e-03	6.270672948999608e-03	4.870344127994027e-16	0.000000000000000e+00	2.957834693272139e+05	2.203318608421197e+04	8.534704998557484e-03	3.975924784263052e+04	9.047955296423106e+03	9.863890905700402e+03	2.086941356625633e-17	-inf	
5	1.000000000000000e+00	0.000000000000000e+00	2.264032049557876e-03	6.270672948999608e-03	9.199538908433140e-16	1.336957211606207e-16	2.957834693272139e+05	2.203318608421196e+04	8.534704998557484e-03	3.975924784263055e+04	9.047955296423112e+03	9.863890905700400e+03	3.983411213324515e-17	-inf	
6	0.000000000000000e+00	2.000000000000000e-01	2.264032049557875e-03	6.270672948999608e-03	0.000000000000000e+00	0.000000000000000e+00	2.957834693272139e+05	2.203318608421197e+04	8.534704998557484e-03	3.975924784263052e+04	9.047955296423106e+03	9.863890905700402e+03	0.000000000000000e+00	-inf	
7	2.000000000000000e-01	2.000000000000000e-01	2.264032049557875e-03	6.270672948999608e-03	-1.898570189951019e-16	-1.818989403545857e-18	2.957834693272139e+05	2.203318608421197e+04	8.534704998557484e-03	3.975924784263052e+04	9.047955296423106e+03	9.863890905700402e+03	8.135742341447585e-18	-inf	
8	4.000000000000000e-01	2.000000000000000e-01	2.264032049557875e-03	6.270672948999608e-03	-2.387423592153962e-16	4.888534022029484e-16	2.957834693272139e+05	2.203318608421197e+04	8.534704998557484e-03	3.975924784263052e+04	9.047955296423106e+03	9.863890905700402e+03	2.331194578966797e-17	-inf	
9	5.999999999999999e-01	2.000000000000000e-01	2.264032049557875e-03	6.270672948999608e-03	0.000000000000000e+00	5.311449058353891e-16	2.957834693272139e+05	2.203318608421197e+04	8.534704998557484e-03	3.975924784263052e+04	9.047955296423106e+03	9.863890905700402e+03	2.275954719457270e-17	-inf	
10	7.999999999999999e-01	2.000000000000000e-01	2.264032049557875e-03	6.270672948999608e-03	4.740741132991392e-16	-1.070930011337634e-16	2.957834693272139e+05	2.203318608421197e+04	8.534704998557484e-03	3.975924784263052e+04	9.047955296423106e+03	9.863890905700402e+03	2.082593433617625e-17	-inf	
11	1.000000000000000e+00	2.000000000000000e-01	2.264032049557876e-03	6.270672948999608e-03	9.267751011066122e-16	-4.604316927725444e-16	2.957834693272139e+05	2.203318608421196e+04	8.534704998557484e-03	3.975924784263055e+04	9.047955296423112e+03	9.863890905700400e+03	4.434319368352572e-17	-inf	
12	0.000000000000000e+00	3.999999999999999e-01	2.264032049557875e-03	6.270672948999608e-03	-5.256879376247535e-16	0.000000000000000e+00	2.957834693272139e+05	2.203318608421197e+04	8.534704998557484e-03	3.975924784263052e+04	9.047955296423106e+03	9.863890905700402e+03	2.252571623024499e-17	-inf	
13	2.000000000000000e-01	3.999999999999999e-01	2.264032049557875e-03	6.270672948999608e-03	5.991192923371011e-16	0.000000000000000e+00	2.957834693272139e+05	2.203318608421197e+04	8.534704998557484e-03	3.975924784263052e+04	9.047955296423106e+03	9.863890905700402e+03	2.567224811782566e-17	-inf	
14	3.999999999999999e-01	4.000000000000001e-01	2.264032049557876e-03	6.270672948999608e-03	4.297259041318930e-16	0.000000000000000e+00	2.957834693272139e+05	2.203318608421196e+04	8.534704998557484e-03	3.975924784263055e+04	9.047955296423112e+03	9.863890905700400e+03	1.841374526681678e-17	-inf	
15	6.000000000000001e-01	4.000000000000000e-01	2.264032049557876e-03	6.270672948999608e-03	-4.927187546854840e-16	-9.094947017729280e-19	2.957834693272139e+05	2.203318608421196e+04	8.534704998557484e-03	3.975924784263055e+04	9.047955296423112e+03	9.863890905700400e+03	2.111302345586141e-17	-inf	
16	8.000000000000000e-01	4.000000000000000e-01	2.264032049557875e-03	6.270672948999608e-03	-4.879439075011755e-16	0.000000000000000e+00	2.957834693272139e+05	2.203318608421197e+04	8.534704998557484e-03	3.975924784263052e+04	9.047955296423106e+03	9.863890905700402e+03	2.090838539364429e-17	-inf	
17	1.000000000000000e+00	4.000000000000000e-01	2.264032049557875e-03	6.270672948999608e-03	0.000000000000000e+00	0.000000000000000e+00	2.957834693272139e+05	2.203318608421197e+04	8.534704998557484e-03	3.975924784263052e+04	9.047955296423106e+03	9.863890905700402e+03	0.000000000000000e+00	-inf	
18	0.000000000000000e+00	6.000000000000000e-01	2.264032049557875e-03	6.270672948999608e-03	3.537934389896747e-16	4.870344127994026e-16	2.957834693272139e+05	2.203318608421197e+04	8.534704998557484e-03	3.975924784263052e+04	9.047955296423106e+03	9.863890905700402e+03	2.579455875358114e-17	-inf	
19	2.000000000000000e-01	6.000000000000000e-01	2.264032049557875e-03	6.270672948999608e-03	-1.661896321898528e-17	1.818989403545857e-18	2.957834693272139e+05	2.203318608421197e+04	8.534704998557484e-03	3.975924784263052e+04	9.047955296423106e+03	9.863890905700402e+03	7.163750679328384e-19	-inf	
20	4.000000000000001e-01	6.000000000000002e-01	2.264032049557875e-03	6.270672948999608e-03	0.000000000000000e+00	-4.888534022029488e-16	2.957834693272139e+05	2.203318608421197e+04	8.534704998557484e-03	3.975924784263052e+04	9.047955296423106e+03	9.863890905700402e+03	2.094735722103228e-17	-inf	
21	6.000000000000000e-01	6.000000000000001e-01	2.264032049557875e-03	6.270672948999608e-03	1.661896321898516e-17	-4.879439075011751e-16	2.957834693272139e+05	2.203318608421197e+04	8.534704998557484e-03	3.975924784263052e+04	9.047955296423106e+03	9.863890905700402e+03	2.092050902329561e-17	-inf	
22	8.000000000000000e-01	6.000000000000001e-01	2.264032049557875e-03	6.270672948999608e-03	4.888534022029482e-16	-9.094947017729286e-19	2.957834693272139e+05	2.203318608421197e+04	8.534704998557484e-03	3.975924784263052e+04	9.047955296423106e+03	9.863890905700402e+03	2.094739347386357e-17	-inf	
23	1.000000000000000e+00	6.000000000000001e-01	2.264032049557876e-03	6.270672948999608e-03	9.863470040727408e-16	-9.094947017729280e-19	2.957834693272139e+05	2.203318608421196e+04	8.534704998557484e-03	3.975924784263055e+04	9.047955296423112e+03	9.863890905700400e+03	4.226496476989392e-17	-inf	
24	0.000000000000000e+00	8.000000000000000e-01	2.264032049557876e-03	6.270672948999608e-03	-8.981260180007669e-16	0.000000000000000e+00	2.957834693272139e+05	2.203318608421196e+04	8.534704998557484e-03	3.975924784263055e+04	9.047955296423112e+03	9.863890905700400e+03	3.848467954561745e-17	-inf	
25	2.000000000000000e-01	8.000000000000000e-01	2.264032049557875e-03	6.270672948999608e-03	-4.879439075011751e-16	1.889475242933290e-16	2.957834693272139e+05	2.203318608421197e+04	8.534704998557484e-03	3.975924784263052e+04	9.047955296423106e+03	9.863890905700402e+03	2.242124497915611e-17	-inf	
26	3.999999999999999e-01	8.000000000000000e-01	2.264032049557875e-03	6.270672948999608e-03	-9.094947017729284e-19	0.000000000000000e+00	2.957834693272139e+05	2.203318608421197e+04	8.534704998557484e-03	3.975924784263052e+04	9.047955296423106e+03	9.863890905700402e+03	3.897182738796704e-20	-inf	
27	6.000000000000000e-01	8.000000000000000e-01	2.264032049557875e-03	6.270672948999608e-03	0.000000000000000e+00	-1.764419721439509e-16	2.957834693272139e+05	2.203318608421197e+04	8.534704998557484e-03	3.975924784263052e+04	9.047955296423106e+03	9.863890905700402e+03	7.560534513265725e-18	-inf	
28	8.000000000000000e-01	8.000000000000000e-01	2.264032049557875e-03	6.270672948999608e-03	0.000000000000000e+00	4.854427970712997e-16	2.957834693272139e+05	2.203318608421197e+04	8.534704998557484e-03	3.975924784263052e+04	9.047955296423106e+03	9.863890905700402e+03	2.080121286832737e-17	-inf	
29	1.000000000000000e+00	8.000000000000000e-01	2.264032049557875e-03	6.270672948999608e-03	-8.822098607197387e-17	-4.749836080009120e-16	2.957834693272139e+05	2.203318608421197e+04	8.534704998557484e-03	3.975924784263052e+04	9.047955296423106e+03	9.863890905700402e+03	2.070112387495027e-17	-inf	
30	0.000000000000000e+00	1.000000000000000e+00	2.264032049557875e-03	6.270672948999608e-03	1.818989403545857e-18	-9.758878150023514e-16	2.957834693272139e+05	2.203318608421197e+04	8.534704998557484e-03	3.975924784263052e+04	9.047955296423106e+03	9.863890905700402e+03	4.181684342809669e-17	-inf	
31	2.000000000000000e-01	1.000000000000000e+00	2.264032049557875e-03	6.270672948999608e-03	0.000000000000000e+00	0.000000000000000e+00	2.957834693272139e+05	2.203318608421197e+04	8.534704998557484e-03	3.975924784263052e+04	9.047955296423106e+03	9.863890905700402e+03	0.000000000000000e+00	-inf	
32	3.999999999999999e-01	1.000000000000000e+00	2.264032049557875e-03	6.270672948999608e-03	0.000000000000000e+00	0.000000000000000e+00	2.957834693272139e+05	2.203318608421197e+04	8.534704998557484e-03	3.975924784263052e+04	9.047955296423106e+03	9.863890905700402e+03	0.000000000000000e+00	-inf	
33	6.000000000000000e-01	1.000000000000000e+00	2.264032049557875e-03	6.270672948999608e-03	4.902176442556073e-16	-8.731149137020095e-17	2.957834693272139e+05	2.203318608421197e+04	8.534704998557484e-03	3.975924784263052e+04	9.047955296423106e+03	9.863890905700402e+03	2.133639036274572e-17	-inf	
34	8.000000000000000e-01	1.000000000000000e+00	2.264032049557876e-03	6.270672948999608e-03	0.000000000000000e+00	1.000898919301106e-15	2.957834693272139e+05	2.203318608421196e+04	8.534704998557484e-03	3.975924784263055e+04	9.047955296423112e+03	9.863890905700400e+03	4.288849604045767e-17	-inf	
35	1.000000000000000e+00	1.000000000000000e+00	2.264032049557875e-03	6.270672948999608e-03	-9.786162991076687e-16	-1.314219844061883e-16	2.957834693272139e+05	2.203318608421197e+04	8.534704998557484e-03	3.975924784263052e+04	9.047955296423106e+03	9.863890905700402e+03	4.231012925264125e-17	-inf	
EXT_ITER= 1972
AOA= 0.000000000000000e+00
SIDESLIP_ANGLE= 0.000000000000000e+00
INITIAL_BCTHRUST= 4.000000000000000e+03
DCD_DCL_VALUE= 0.000000000000000e+00
DCMX_DCL_VALUE= 0.000000000000000e+00
DCMY_DCL_VALUE= 0.000000000000000e+00
DCMZ_DCL_VALUE= 0.000000000000000e+00
