"PointID"	"x"	"y"	"Density[0]"	"Density[1]"	"Momentum_x"	"Momentum_y"	"Energy"	"Electronic_Energy"	"Total_Density"	"Pressure"	"Temperature"	"Tve"	"Mach"	"C<sub>p</sub>"
0	0.000000000000000e+00	0.000000000000000e+00	1.958403582037675e-03	6.576301416519812e-03	0.000000000000000e+00	0.000000000000000e+00	2.957834693272139e+05	1.573335737828278e+04	8.534704998557487e-03	3.789302761938229e+04	8.448851972477607e+03	8.622763816367533e+03	0.000000000000000e+00	-inf	
1	2.000000000000000e-01	0.000000000000000e+00	1.958403582037675e-03	6.576301416519812e-03	0.000000000000000e+00	1.190528564620774e-15	2.957834693272139e+05	1.573335737828278e+04	8.534704998557487e-03	3.789302761938229e+04	8.448851972477607e+03	8.622763816367533e+03	5.211488040565183e-17	-inf	
2	4.000000000000000e-01	0.000000000000000e+00	1.958403582037675e-03	6.576301416519812e-03	0.000000000000000e+00	-9.054019756149227e-16	2.957834693272139e+05	1.573335737828278e+04	8.534704998557487e-03	3.789302761938229e+04	8.448851972477607e+03	8.622763816367533e+03	3.963358551858241e-17	-inf	
3	6.000000000000001e-01	0.000000000000000e+00	1.958403582037675e-03	6.576301416519812e-03	0.000000000000000e+00	-6.839400157332297e-16	2.957834693272139e+05	1.573335737828278e+04	8.534704998557487e-03	3.789302761938229e+04	8.448851972477607e+03	8.622763816367533e+03	2.993918263181751e-17	-inf	
4	8.000000000000000e-01	0.000000000000000e+00	1.958403582037675e-03	6.576301416519812e-03	1.505213731434194e-16	0.000000000000000e+00	2.957834693272139e+05	1.573335737828278e+04	8.534704998557487e-03	3.789302761938229e+04	8.448851972477607e+03	8.622763816367533e+03	6.589008943571648e-18	-inf	
5	1.000000000000000e+00	0.000000000000000e+00	1.958403582037676e-03	6.576301416519812e-03	2.305569068994348e-16	4.411049303598696e-17	2.957834693272139e+05	1.573335737828278e+04	8.534704998557487e-03	3.789302761938230e+04	8.448851972477609e+03	8.622763816367533e+03	1.027558332167746e-17	-inf	
6	0.000000000000000e+00	2.000000000000000e-01	1.958403582037675e-03	6.576301416519812e-03	0.000000000000000e+00	0.000000000000000e+00	2.957834693272139e+05	1.573335737828278e+04	8.534704998557487e-03	3.789302761938229e+04	8.448851972477607e+03	8.622763816367533e+03	0.000000000000000e+00	-inf	
7	2.000000000000000e-01	2.000000000000000e-01	1.958403582037675e-03	6.576301416519812e-03	-4.974936018697841e-16	-1.818989403545857e-18	2.957834693272139e+05	1.573335737828278e+04	8.534704998557487e-03	3.789302761938229e+04	8.448851972477607e+03	8.622763816367533e+03	2.177771591234746e-17	-inf	
8	4.000000000000000e-01	2.000000000000000e-01	1.958403582037675e-03	6.576301416519812e-03	-5.943547876086137e-16	1.523403625469652e-16	2.957834693272139e+05	1.573335737828278e+04	8.534704998557487e-03	3.789302761938229e+04	8.448851972477607e+03	8.622763816367533e+03	2.685866012661594e-17	-inf	
9	5.999999999999999e-01	2.000000000000000e-01	1.958403582037675e-03	6.576301416519812e-03	0.000000000000000e+00	4.945377440890395e-16	2.957834693272139e+05	1.573335737828278e+04	8.534704998557487e-03	3.789302761938229e+04	8.448851972477607e+03	8.622763816367533e+03	2.164817893091940e-17	-inf	
10	7.999999999999999e-01	2.000000000000000e-01	1.958403582037675e-03	6.576301416519812e-03	1.382431946694855e-16	-3.444711182964902e-16	2.957834693272139e+05	1.573335737828278e+04	8.534704998557487e-03	3.789302761938229e+04	8.448851972477607e+03	8.622763816367533e+03	1.624806581925232e-17	-inf	
11	1.000000000000000e+00	2.000000000000000e-01	1.958403582037676e-03	6.576301416519812e-03	2.414708433207120e-16	-1.145963324233882e-16	2.957834693272139e+05	1.573335737828278e+04	8.534704998557487e-03	3.789302761938230e+04	8.448851972477609e+03	8.622763816367533e+03	1.170022276307673e-17	-inf	
12	0.000000000000000e+00	3.999999999999999e-01	1.958403582037675e-03	6.576301416519812e-03	-1.267380866920603e-15	0.000000000000000e+00	2.957834693272139e+05	1.573335737828278e+04	8.534704998557487e-03	3.789302761938229e+04	8.448851972477607e+03	8.622763816367533e+03	5.547905717744595e-17	-inf	
13	2.000000000000000e-01	3.999999999999999e-01	1.958403582037675e-03	6.576301416519812e-03	4.375446225726830e-16	0.000000000000000e+00	2.957834693272139e+05	1.573335737828278e+04	8.534704998557487e-03	3.789302761938229e+04	8.448851972477607e+03	8.622763816367533e+03	1.915332933214827e-17	-inf	
14	3.999999999999999e-01	4.000000000000001e-01	1.958403582037676e-03	6.576301416519812e-03	1.289985449962164e-16	0.000000000000000e+00	2.957834693272139e+05	1.573335737828278e+04	8.534704998557487e-03	3.789302761938230e+04	8.448851972477609e+03	8.622763816367533e+03	5.646856316397878e-18	-inf	
15	6.000000000000001e-01	4.000000000000000e-01	1.958403582037676e-03	6.576301416519812e-03	-4.479261406231784e-16	-9.094947017729280e-19	2.957834693272139e+05	1.573335737828278e+04	8.534704998557487e-03	3.789302761938230e+04	8.448851972477609e+03	8.622763816367533e+03	1.960781627825625e-17	-inf	
16	8.000000000000000e-01	4.000000000000000e-01	1.958403582037675e-03	6.576301416519812e-03	-1.575699570821598e-16	0.000000000000000e+00	2.957834693272139e+05	1.573335737828278e+04	8.534704998557487e-03	3.789302761938229e+04	8.448851972477607e+03	8.622763816367533e+03	6.897557700747976e-18	-inf	
17	1.000000000000000e+00	4.000000000000000e-01	1.958403582037675e-03	6.576301416519812e-03	0.000000000000000e+00	0.000000000000000e+00	2.957834693272139e+05	1.573335737828278e+04	8.534704998557487e-03	3.789302761938229e+04	8.448851972477607e+03	8.622763816367533e+03	0.000000000000000e+00	-inf	
18	0.000000000000000e+00	6.000000000000000e-01	1.958403582037675e-03	6.576301416519812e-03	9.054019756149227e-16	1.505213731434193e-16	2.957834693272139e+05	1.573335737828278e+04	8.534704998557487e-03	3.789302761938229e+04	8.448851972477607e+03	8.622763816367533e+03	4.017755766491104e-17	-inf	
19	2.000000000000000e-01	6.000000000000000e-01	1.958403582037675e-03	6.576301416519812e-03	1.175139948741438e-17	1.818989403545857e-18	2.957834693272139e+05	1.573335737828278e+04	8.534704998557487e-03	3.789302761938229e+04	8.448851972477607e+03	8.622763816367533e+03	5.205386069029186e-19	-inf	
20	4.000000000000001e-01	6.000000000000002e-01	1.958403582037675e-03	6.576301416519812e-03	0.000000000000000e+00	-1.523403625469654e-16	2.957834693272139e+05	1.573335737828278e+04	8.534704998557487e-03	3.789302761938229e+04	8.448851972477607e+03	8.622763816367533e+03	6.668634429294574e-18	-inf	
21	6.000000000000000e-01	6.000000000000001e-01	1.958403582037675e-03	6.576301416519812e-03	-1.175139948741399e-17	-1.543867256259547e-16	2.957834693272139e+05	1.573335737828278e+04	8.534704998557487e-03	3.789302761938229e+04	8.448851972477607e+03	8.622763816367533e+03	6.777762502346715e-18	-inf	
22	8.000000000000000e-01	6.000000000000001e-01	1.958403582037675e-03	6.576301416519812e-03	1.584794517839326e-16	-9.094947017729286e-19	2.957834693272139e+05	1.573335737828278e+04	8.534704998557487e-03	3.789302761938229e+04	8.448851972477607e+03	8.622763816367533e+03	6.937484682963978e-18	-inf	
23	1.000000000000000e+00	6.000000000000001e-01	1.958403582037676e-03	6.576301416519812e-03	8.967617759481296e-16	-9.094947017729280e-19	2.957834693272139e+05	1.573335737828278e+04	8.534704998557487e-03	3.789302761938230e+04	8.448851972477609e+03	8.622763816367533e+03	3.925538465041319e-17	-inf	
24	0.000000000000000e+00	8.000000000000000e-01	1.958403582037676e-03	6.576301416519812e-03	-2.210072125308227e-16	0.000000000000000e+00	2.957834693272139e+05	1.573335737828278e+04	8.534704998557487e-03	3.789302761938230e+04	8.448851972477609e+03	8.622763816367533e+03	9.674496515334870e-18	-inf	
25	2.000000000000000e-01	8.000000000000000e-01	1.958403582037675e-03	6.576301416519812e-03	-1.543867256259547e-16	4.965841071680110e-16	2.957834693272139e+05	1.573335737828278e+04	8.534704998557487e-03	3.789302761938229e+04	8.448851972477607e+03	8.622763816367533e+03	2.276408464871239e-17	-inf	
26	3.999999999999999e-01	8.000000000000000e-01	1.958403582037675e-03	6.576301416519812e-03	-9.094947017729284e-19	0.000000000000000e+00	2.957834693272139e+05	1.573335737828278e+04	8.534704998557487e-03	3.789302761938229e+04	8.448851972477607e+03	8.622763816367533e+03	3.981274286146018e-20	-inf	
27	6.000000000000000e-01	8.000000000000000e-01	1.958403582037675e-03	6.576301416519812e-03	0.000000000000000e+00	-5.775291356258123e-16	2.957834693272139e+05	1.573335737828278e+04	8.534704998557487e-03	3.789302761938229e+04	8.448851972477607e+03	8.622763816367533e+03	2.528109171702734e-17	-inf	
28	8.000000000000000e-01	8.000000000000000e-01	1.958403582037675e-03	6.576301416519812e-03	0.000000000000000e+00	1.484750100644298e-16	2.957834693272139e+05	1.573335737828278e+04	8.534704998557487e-03	3.789302761938229e+04	8.448851972477607e+03	8.622763816367533e+03	6.499430272133343e-18	-inf	
29	1.000000000000000e+00	8.000000000000000e-01	1.958403582037675e-03	6.576301416519812e-03	-6.821210263296840e-16	-1.373336999677133e-16	2.957834693272139e+05	1.573335737828278e+04	8.534704998557487e-03	3.789302761938229e+04	8.448851972477607e+03	8.622763816367533e+03	3.045872585125757e-17	-inf	
30	0.000000000000000e+00	1.000000000000000e+00	1.958403582037675e-03	6.576301416519812e-03	1.818989403545857e-18	-3.028617356903849e-16	2.957834693272139e+05	1.573335737828278e+04	8.534704998557487e-03	3.789302761938229e+04	8.448851972477607e+03	8.622763816367533e+03	1.325788248628266e-17	-inf	
31	2.000000000000000e-01	1.000000000000000e+00	1.958403582037675e-03	6.576301416519812e-03	0.000000000000000e+00	0.000000000000000e+00	2.957834693272139e+05	1.573335737828278e+04	8.534704998557487e-03	3.789302761938229e+04	8.448851972477607e+03	8.622763816367533e+03	0.000000000000000e+00	-inf	
32	3.999999999999999e-01	1.000000000000000e+00	1.958403582037675e-03	6.576301416519812e-03	0.000000000000000e+00	0.000000000000000e+00	2.957834693272139e+05	1.573335737828278e+04	8.534704998557487e-03	3.789302761938229e+04	8.448851972477607e+03	8.622763816367533e+03	0.000000000000000e+00	-inf	
33	6.000000000000000e-01	1.000000000000000e+00	1.958403582037675e-03	6.576301416519812e-03	1.598436938365918e-16	-4.306457412894890e-16	2.957834693272139e+05	1.573335737828278e+04	8.534704998557487e-03	3.789302761938229e+04	8.448851972477607e+03	8.622763816367533e+03	2.010800950474626e-17	-inf	
34	8.000000000000000e-01	1.000000000000000e+00	1.958403582037676e-03	6.576301416519812e-03	0.000000000000000e+00	2.364686224609562e-16	2.957834693272139e+05	1.573335737828278e+04	8.534704998557487e-03	3.789302761938230e+04	8.448851972477609e+03	8.622763816367533e+03	1.035131314397942e-17	-inf	
35	1.000000000000000e+00	1.000000000000000e+00	1.958403582037675e-03	6.576301416519812e-03	-3.178683982696376e-16	-7.412381819449346e-17	2.957834693272139e+05	1.573335737828278e+04	8.534704998557487e-03	3.789302761938229e+04	8.448851972477607e+03	8.622763816367533e+03	1.428786656356248e-17	-inf	
EXT_ITER= 6368
AOA= 0.000000000000000e+00
SIDESLIP_ANGLE= 0.000000000000000e+00
INITIAL_BCTHRUST= 4.000000000000000e+03
DCD_DCL_VALUE= 0.000000000000000e+00
DCMX_DCL_VALUE= 0.000000000000000e+00
DCMY_DCL_VALUE= 0.000000000000000e+00
DCMZ_DCL_VALUE= 0.000000000000000e+00
