"PointID"	"x"	"y"	"Density[0]"	"Density[1]"	"Momentum_x"	"Momentum_y"	"Energy"	"Electronic_Energy"	"Total_Density"	"Pressure"	"Temperature"	"Tve"	"Mach"	"C<sub>p</sub>"
0	0.000000000000000e+00	0.000000000000000e+00	1.923250800286156e-03	6.611454198271357e-03	0.000000000000000e+00	0.000000000000000e+00	2.957834693272139e+05	1.517033571917349e+04	8.534704998557513e-03	3.757424297979670e+04	8.358329868047171e+03	8.508209977952214e+03	0.000000000000000e+00	-inf	
1	2.000000000000000e-01	0.000000000000000e+00	1.923250800286156e-03	6.611454198271357e-03	0.000000000000000e+00	1.292391971219355e-15	2.957834693272139e+05	1.517033571917349e+04	8.534704998557513e-03	3.757424297979670e+04	8.358329868047171e+03	8.508209977952214e+03	5.679599155359186e-17	-inf	
2	4.000000000000000e-01	0.000000000000000e+00	1.923250800286156e-03	6.611454198271357e-03	0.000000000000000e+00	-9.958966984413411e-16	2.957834693272139e+05	1.517033571917349e+04	8.534704998557513e-03	3.757424297979670e+04	8.358329868047171e+03	8.508209977952214e+03	4.376608779111962e-17	-inf	
3	6.000000000000001e-01	0.000000000000000e+00	1.923250800286156e-03	6.611454198271357e-03	0.000000000000000e+00	-8.635652193333679e-16	2.957834693272139e+05	1.517033571917349e+04	8.534704998557513e-03	3.757424297979670e+04	8.358329868047171e+03	8.508209977952214e+03	3.795059393394282e-17	-inf	
4	8.000000000000000e-01	0.000000000000000e+00	1.923250800286156e-03	6.611454198271357e-03	2.369233698118477e-16	0.000000000000000e+00	2.957834693272139e+05	1.517033571917349e+04	8.534704998557513e-03	3.757424297979670e+04	8.358329868047171e+03	8.508209977952214e+03	1.041193230099254e-17	-inf	
5	1.000000000000000e+00	0.000000000000000e+00	1.923250800286157e-03	6.611454198271357e-03	4.251887730788428e-16	-5.184119800105680e-17	2.957834693272139e+05	1.517033571917349e+04	8.534704998557513e-03	3.757424297979670e+04	8.358329868047171e+03	8.508209977952214e+03	1.882389617219775e-17	-inf	
6	0.000000000000000e+00	2.000000000000000e-01	1.923250800286156e-03	6.611454198271357e-03	0.000000000000000e+00	0.000000000000000e+00	2.957834693272139e+05	1.517033571917349e+04	8.534704998557513e-03	3.757424297979670e+04	8.358329868047171e+03	8.508209977952214e+03	0.000000000000000e+00	-inf	
7	2.000000000000000e-01	2.000000000000000e-01	1.923250800286156e-03	6.611454198271357e-03	-5.866240826435429e-16	-1.818989403545857e-18	2.957834693272139e+05	1.517033571917349e+04	8.534704998557513e-03	3.757424297979670e+04	8.358329868047171e+03	8.508209977952214e+03	2.578014824999629e-17	-inf	
8	4.000000000000000e-01	2.000000000000000e-01	1.923250800286156e-03	6.611454198271357e-03	-6.452864909079045e-16	2.387423592153935e-16	2.957834693272139e+05	1.517033571917349e+04	8.534704998557513e-03	3.757424297979670e+04	8.358329868047171e+03	8.508209977952214e+03	3.023668342666999e-17	-inf	
9	5.999999999999999e-01	2.000000000000000e-01	1.923250800286156e-03	6.611454198271357e-03	0.000000000000000e+00	6.807567842770392e-16	2.957834693272139e+05	1.517033571917349e+04	8.534704998557513e-03	3.757424297979670e+04	8.358329868047171e+03	8.508209977952214e+03	2.991681891475220e-17	-inf	
10	7.999999999999999e-01	2.000000000000000e-01	1.923250800286156e-03	6.611454198271357e-03	2.262368070660164e-16	-4.406501830089692e-16	2.957834693272139e+05	1.517033571917349e+04	8.534704998557513e-03	3.757424297979670e+04	8.358329868047171e+03	8.508209977952214e+03	2.176814841477496e-17	-inf	
11	1.000000000000000e+00	2.000000000000000e-01	1.923250800286157e-03	6.611454198271357e-03	4.315552359912554e-16	-2.119122655130923e-16	2.957834693272139e+05	1.517033571917349e+04	8.534704998557513e-03	3.757424297979670e+04	8.358329868047171e+03	8.508209977952214e+03	2.112843411459255e-17	-inf	
12	0.000000000000000e+00	3.999999999999999e-01	1.923250800286156e-03	6.611454198271357e-03	-1.262833393411750e-15	0.000000000000000e+00	2.957834693272139e+05	1.517033571917349e+04	8.534704998557513e-03	3.757424297979670e+04	8.358329868047171e+03	8.508209977952214e+03	5.549699808034010e-17	-inf	
13	2.000000000000000e-01	3.999999999999999e-01	1.923250800286156e-03	6.611454198271357e-03	5.516870791146025e-16	0.000000000000000e+00	2.957834693272139e+05	1.517033571917349e+04	8.534704998557513e-03	3.757424297979670e+04	8.358329868047171e+03	8.508209977952214e+03	2.424466832307529e-17	-inf	
14	3.999999999999999e-01	4.000000000000001e-01	1.923250800286157e-03	6.611454198271357e-03	1.858428353264398e-16	0.000000000000000e+00	2.957834693272139e+05	1.517033571917349e+04	8.534704998557513e-03	3.757424297979670e+04	8.358329868047171e+03	8.508209977952214e+03	8.167126027204743e-18	-inf	
15	6.000000000000001e-01	4.000000000000000e-01	1.923250800286157e-03	6.611454198271357e-03	-6.307345756795291e-16	-9.094947017729280e-19	2.957834693272139e+05	1.517033571917349e+04	8.534704998557513e-03	3.757424297979670e+04	8.358329868047171e+03	8.508209977952214e+03	2.771855108458722e-17	-inf	
16	8.000000000000000e-01	4.000000000000000e-01	1.923250800286156e-03	6.611454198271357e-03	-2.473825588822368e-16	0.000000000000000e+00	2.957834693272139e+05	1.517033571917349e+04	8.534704998557513e-03	3.757424297979670e+04	8.358329868047171e+03	8.508209977952214e+03	1.087157614537419e-17	-inf	
17	1.000000000000000e+00	4.000000000000000e-01	1.923250800286156e-03	6.611454198271357e-03	0.000000000000000e+00	0.000000000000000e+00	2.957834693272139e+05	1.517033571917349e+04	8.534704998557513e-03	3.757424297979670e+04	8.358329868047171e+03	8.508209977952214e+03	0.000000000000000e+00	-inf	
18	0.000000000000000e+00	6.000000000000000e-01	1.923250800286156e-03	6.611454198271357e-03	9.958966984413411e-16	2.369233698118476e-16	2.957834693272139e+05	1.517033571917349e+04	8.534704998557513e-03	3.757424297979670e+04	8.358329868047171e+03	8.508209977952214e+03	4.498754021704722e-17	-inf	
19	2.000000000000000e-01	6.000000000000000e-01	1.923250800286156e-03	6.611454198271357e-03	9.706779347255924e-18	1.818989403545857e-18	2.957834693272139e+05	1.517033571917349e+04	8.534704998557513e-03	3.757424297979670e+04	8.358329868047171e+03	8.508209977952214e+03	4.340034554827980e-19	-inf	
20	4.000000000000001e-01	6.000000000000002e-01	1.923250800286156e-03	6.611454198271357e-03	0.000000000000000e+00	-2.387423592153936e-16	2.957834693272139e+05	1.517033571917349e+04	8.534704998557513e-03	3.757424297979670e+04	8.358329868047171e+03	8.508209977952214e+03	1.049187036088500e-17	-inf	
21	6.000000000000000e-01	6.000000000000001e-01	1.923250800286156e-03	6.611454198271357e-03	-9.706779347255497e-18	-2.507931640138853e-16	2.957834693272139e+05	1.517033571917349e+04	8.534704998557513e-03	3.757424297979670e+04	8.358329868047171e+03	8.508209977952214e+03	1.102971212709910e-17	-inf	
22	8.000000000000000e-01	6.000000000000001e-01	1.923250800286156e-03	6.611454198271357e-03	2.492015482857825e-16	-9.094947017729286e-19	2.957834693272139e+05	1.517033571917349e+04	8.534704998557513e-03	3.757424297979670e+04	8.358329868047171e+03	8.508209977952214e+03	1.095158714120979e-17	-inf	
23	1.000000000000000e+00	6.000000000000001e-01	1.923250800286157e-03	6.611454198271357e-03	1.260559656657285e-15	-9.094947017729280e-19	2.957834693272139e+05	1.517033571917349e+04	8.534704998557513e-03	3.757424297979670e+04	8.358329868047171e+03	8.508209977952214e+03	5.539708992431319e-17	-inf	
24	0.000000000000000e+00	8.000000000000000e-01	1.923250800286157e-03	6.611454198271357e-03	-3.938112058676799e-16	0.000000000000000e+00	2.957834693272139e+05	1.517033571917349e+04	8.534704998557513e-03	3.757424297979670e+04	8.358329868047171e+03	8.508209977952214e+03	1.730658996671706e-17	-inf	
25	2.000000000000000e-01	8.000000000000000e-01	1.923250800286156e-03	6.611454198271357e-03	-2.507931640138854e-16	5.857145879417698e-16	2.957834693272139e+05	1.517033571917349e+04	8.534704998557513e-03	3.757424297979670e+04	8.358329868047171e+03	8.508209977952214e+03	2.800041118974328e-17	-inf	
26	3.999999999999999e-01	8.000000000000000e-01	1.923250800286156e-03	6.611454198271357e-03	-9.094947017729284e-19	0.000000000000000e+00	2.957834693272139e+05	1.517033571917349e+04	8.534704998557513e-03	3.757424297979670e+04	8.358329868047171e+03	8.508209977952214e+03	3.996902994622858e-20	-inf	
27	6.000000000000000e-01	8.000000000000000e-01	1.923250800286156e-03	6.611454198271357e-03	0.000000000000000e+00	-6.234586180653513e-16	2.957834693272139e+05	1.517033571917349e+04	8.534704998557513e-03	3.757424297979670e+04	8.358329868047171e+03	8.508209977952214e+03	2.739877002814008e-17	-inf	
28	8.000000000000000e-01	8.000000000000000e-01	1.923250800286156e-03	6.611454198271357e-03	0.000000000000000e+00	2.364686224609607e-16	2.957834693272139e+05	1.517033571917349e+04	8.534704998557513e-03	3.757424297979670e+04	8.358329868047171e+03	8.508209977952214e+03	1.039194778601940e-17	-inf	
29	1.000000000000000e+00	8.000000000000000e-01	1.923250800286156e-03	6.611454198271357e-03	-8.617462299298222e-16	-2.237356966361416e-16	2.957834693272139e+05	1.517033571917349e+04	8.534704998557513e-03	3.757424297979670e+04	8.358329868047171e+03	8.508209977952214e+03	3.912623543956660e-17	-inf	
30	0.000000000000000e+00	1.000000000000000e+00	1.923250800286156e-03	6.611454198271357e-03	1.818989403545857e-18	-4.756657290272415e-16	2.957834693272139e+05	1.517033571917349e+04	8.534704998557513e-03	3.757424297979670e+04	8.358329868047171e+03	8.508209977952214e+03	2.090395550655756e-17	-inf	
31	2.000000000000000e-01	1.000000000000000e+00	1.923250800286156e-03	6.611454198271357e-03	0.000000000000000e+00	0.000000000000000e+00	2.957834693272139e+05	1.517033571917349e+04	8.534704998557513e-03	3.757424297979670e+04	8.358329868047171e+03	8.508209977952214e+03	0.000000000000000e+00	-inf	
32	3.999999999999999e-01	1.000000000000000e+00	1.923250800286156e-03	6.611454198271357e-03	0.000000000000000e+00	0.000000000000000e+00	2.957834693272139e+05	1.517033571917349e+04	8.534704998557513e-03	3.757424297979670e+04	8.358329868047171e+03	8.508209977952214e+03	0.000000000000000e+00	-inf	
33	6.000000000000000e-01	1.000000000000000e+00	1.923250800286156e-03	6.611454198271357e-03	2.496562956366688e-16	-6.089067028369694e-16	2.957834693272139e+05	1.517033571917349e+04	8.534704998557513e-03	3.757424297979670e+04	8.358329868047171e+03	8.508209977952214e+03	2.892113547027689e-17	-inf	
34	8.000000000000000e-01	1.000000000000000e+00	1.923250800286157e-03	6.611454198271357e-03	0.000000000000000e+00	3.205968823749517e-16	2.957834693272139e+05	1.517033571917349e+04	8.534704998557513e-03	3.757424297979670e+04	8.358329868047171e+03	8.508209977952214e+03	1.408908305604533e-17	-inf	
35	1.000000000000000e+00	1.000000000000000e+00	1.923250800286156e-03	6.611454198271357e-03	-4.974936018697915e-16	1.637090463191274e-17	2.957834693272139e+05	1.517033571917349e+04	8.534704998557513e-03	3.757424297979670e+04	8.358329868047171e+03	8.508209977952214e+03	2.187489344079287e-17	-inf	
EXT_ITER= 7418
AOA= 0.000000000000000e+00
SIDESLIP_ANGLE= 0.000000000000000e+00
INITIAL_BCTHRUST= 4.000000000000000e+03
DCD_DCL_VALUE= 0.000000000000000e+00
DCMX_DCL_VALUE= 0.000000000000000e+00
DCMY_DCL_VALUE= 0.000000000000000e+00
DCMZ_DCL_VALUE= 0.000000000000000e+00
