"PointID"	"x"	"y"	"Density[0]"	"Density[1]"	"Momentum_x"	"Momentum_y"	"Energy"	"Electronic_Energy"	"Total_Density"	"Pressure"	"Temperature"	"Tve"	"Mach"	"C<sub>p</sub>"
0	0.000000000000000e+00	0.000000000000000e+00	2.078591262574740e-03	6.456113735982737e-03	0.000000000000000e+00	0.000000000000000e+00	2.957834693272139e+05	1.781789434482862e+04	8.534704998557477e-03	3.887566701483702e+04	8.737441589220234e+03	9.040737401351589e+03	0.000000000000000e+00	-inf	
1	2.000000000000000e-01	0.000000000000000e+00	2.078591262574740e-03	6.456113735982737e-03	0.000000000000000e+00	8.408278517890466e-16	2.957834693272139e+05	1.781789434482862e+04	8.534704998557477e-03	3.887566701483702e+04	8.737441589220234e+03	9.040737401351589e+03	3.637697742285682e-17	-inf	
2	4.000000000000000e-01	0.000000000000000e+00	2.078591262574740e-03	6.456113735982737e-03	0.000000000000000e+00	-6.925802154000718e-16	2.957834693272139e+05	1.781789434482862e+04	8.534704998557477e-03	3.887566701483702e+04	8.737441589220234e+03	9.040737401351589e+03	2.996329724987106e-17	-inf	
3	6.000000000000001e-01	0.000000000000000e+00	2.078591262574740e-03	6.456113735982737e-03	0.000000000000000e+00	-2.319211489520994e-16	2.957834693272139e+05	1.781789434482862e+04	8.534704998557477e-03	3.887566701483702e+04	8.737441589220234e+03	9.040737401351589e+03	1.003367143626704e-17	-inf	
4	8.000000000000000e-01	0.000000000000000e+00	2.078591262574740e-03	6.456113735982737e-03	1.273292582482094e-16	0.000000000000000e+00	2.957834693272139e+05	1.781789434482862e+04	8.534704998557477e-03	3.887566701483702e+04	8.737441589220234e+03	9.040737401351589e+03	5.508682357166131e-18	-inf	
5	1.000000000000000e+00	0.000000000000000e+00	2.078591262574741e-03	6.456113735982737e-03	2.032720658462469e-16	3.865352482535009e-16	2.957834693272139e+05	1.781789434482862e+04	8.534704998557477e-03	3.887566701483702e+04	8.737441589220234e+03	9.040737401351587e+03	1.889417452685946e-17	-inf	
6	0.000000000000000e+00	2.000000000000000e-01	2.078591262574740e-03	6.456113735982737e-03	0.000000000000000e+00	0.000000000000000e+00	2.957834693272139e+05	1.781789434482862e+04	8.534704998557477e-03	3.887566701483702e+04	8.737441589220234e+03	9.040737401351589e+03	0.000000000000000e+00	-inf	
7	2.000000000000000e-01	2.000000000000000e-01	2.078591262574740e-03	6.456113735982737e-03	-3.465174813754791e-16	-1.818989403545857e-18	2.957834693272139e+05	1.781789434482862e+04	8.534704998557477e-03	3.887566701483702e+04	8.737441589220234e+03	9.040737401351589e+03	1.499169210606297e-17	-inf	
8	4.000000000000000e-01	2.000000000000000e-01	2.078591262574740e-03	6.456113735982737e-03	-4.195044311927504e-16	1.291482476517552e-16	2.957834693272139e+05	1.781789434482862e+04	8.534704998557477e-03	3.887566701483702e+04	8.737441589220234e+03	9.040737401351589e+03	1.898973694446201e-17	-inf	
9	5.999999999999999e-01	2.000000000000000e-01	2.078591262574740e-03	6.456113735982737e-03	0.000000000000000e+00	2.519300323911035e-16	2.957834693272139e+05	1.781789434482862e+04	8.534704998557477e-03	3.887566701483702e+04	8.737441589220234e+03	9.040737401351589e+03	1.089932152096457e-17	-inf	
10	7.999999999999999e-01	2.000000000000000e-01	2.078591262574740e-03	6.456113735982737e-03	1.189164322568106e-16	-2.194155968027228e-16	2.957834693272139e+05	1.781789434482862e+04	8.534704998557477e-03	3.887566701483702e+04	8.737441589220234e+03	9.040737401351589e+03	1.079714396585203e-17	-inf	
11	1.000000000000000e+00	2.000000000000000e-01	2.078591262574741e-03	6.456113735982737e-03	2.146407496184101e-16	-1.025455276248968e-16	2.957834693272139e+05	1.781789434482862e+04	8.534704998557477e-03	3.887566701483702e+04	8.737441589220234e+03	9.040737401351587e+03	1.029141111035858e-17	-inf	
12	0.000000000000000e+00	3.999999999999999e-01	2.078591262574740e-03	6.456113735982737e-03	-9.158611646853128e-16	0.000000000000000e+00	2.957834693272139e+05	1.781789434482862e+04	8.534704998557477e-03	3.887566701483702e+04	8.737441589220234e+03	9.040737401351589e+03	3.962316524047257e-17	-inf	
13	2.000000000000000e-01	3.999999999999999e-01	2.078591262574740e-03	6.456113735982737e-03	3.138271049897380e-16	0.000000000000000e+00	2.957834693272139e+05	1.781789434482862e+04	8.534704998557477e-03	3.887566701483702e+04	8.737441589220234e+03	9.040737401351589e+03	1.357719239271390e-17	-inf	
14	3.999999999999999e-01	4.000000000000001e-01	2.078591262574741e-03	6.456113735982737e-03	8.577130852017493e-17	0.000000000000000e+00	2.957834693272139e+05	1.781789434482862e+04	8.534704998557477e-03	3.887566701483702e+04	8.737441589220234e+03	9.040737401351587e+03	3.710748813718038e-18	-inf	
15	6.000000000000001e-01	4.000000000000000e-01	2.078591262574741e-03	6.456113735982737e-03	-2.007709554163758e-16	-9.094947017729280e-19	2.957834693272139e+05	1.781789434482862e+04	8.534704998557477e-03	3.887566701483702e+04	8.737441589220234e+03	9.040737401351587e+03	8.686100767694014e-18	-inf	
16	8.000000000000000e-01	4.000000000000000e-01	2.078591262574740e-03	6.456113735982737e-03	-1.352873368887228e-16	0.000000000000000e+00	2.957834693272139e+05	1.781789434482862e+04	8.534704998557477e-03	3.887566701483702e+04	8.737441589220234e+03	9.040737401351589e+03	5.852975004489029e-18	-inf	
17	1.000000000000000e+00	4.000000000000000e-01	2.078591262574740e-03	6.456113735982737e-03	0.000000000000000e+00	0.000000000000000e+00	2.957834693272139e+05	1.781789434482862e+04	8.534704998557477e-03	3.887566701483702e+04	8.737441589220234e+03	9.040737401351589e+03	0.000000000000000e+00	-inf	
18	0.000000000000000e+00	6.000000000000000e-01	2.078591262574740e-03	6.456113735982737e-03	6.925802154000718e-16	1.273292582482093e-16	2.957834693272139e+05	1.781789434482862e+04	8.534704998557477e-03	3.887566701483702e+04	8.737441589220234e+03	9.040737401351589e+03	3.046546837644686e-17	-inf	
19	2.000000000000000e-01	6.000000000000000e-01	2.078591262574740e-03	6.456113735982737e-03	-4.264338522717284e-17	1.818989403545857e-18	2.957834693272139e+05	1.781789434482862e+04	8.534704998557477e-03	3.887566701483702e+04	8.737441589220234e+03	9.040737401351589e+03	1.846570699668339e-18	-inf	
20	4.000000000000001e-01	6.000000000000002e-01	2.078591262574740e-03	6.456113735982737e-03	0.000000000000000e+00	-1.291482476517554e-16	2.957834693272139e+05	1.781789434482862e+04	8.534704998557477e-03	3.887566701483702e+04	8.737441589220234e+03	9.040737401351589e+03	5.587377819411367e-18	-inf	
21	6.000000000000000e-01	6.000000000000001e-01	2.078591262574740e-03	6.456113735982737e-03	4.264338522717305e-17	-1.377884473185984e-16	2.957834693272139e+05	1.781789434482862e+04	8.534704998557477e-03	3.887566701483702e+04	8.737441589220234e+03	9.040737401351589e+03	6.240137213891328e-18	-inf	
22	8.000000000000000e-01	6.000000000000001e-01	2.078591262574740e-03	6.456113735982737e-03	1.361968315904955e-16	-9.094947017729286e-19	2.957834693272139e+05	1.781789434482862e+04	8.534704998557477e-03	3.887566701483702e+04	8.737441589220234e+03	9.040737401351589e+03	5.892454112214220e-18	-inf	
23	1.000000000000000e+00	6.000000000000001e-01	2.078591262574741e-03	6.456113735982737e-03	4.024514055345246e-16	-9.094947017729280e-19	2.957834693272139e+05	1.781789434482862e+04	8.534704998557477e-03	3.887566701483702e+04	8.737441589220234e+03	9.040737401351587e+03	1.741141548241385e-17	-inf	
24	0.000000000000000e+00	8.000000000000000e-01	2.078591262574741e-03	6.456113735982737e-03	-1.673470251262198e-16	0.000000000000000e+00	2.957834693272139e+05	1.781789434482862e+04	8.534704998557477e-03	3.887566701483702e+04	8.737441589220234e+03	9.040737401351587e+03	7.239982526561275e-18	-inf	
25	2.000000000000000e-01	8.000000000000000e-01	2.078591262574740e-03	6.456113735982737e-03	-1.377884473185985e-16	3.456079866737062e-16	2.957834693272139e+05	1.781789434482862e+04	8.534704998557477e-03	3.887566701483702e+04	8.737441589220234e+03	9.040737401351589e+03	1.609664895748634e-17	-inf	
26	3.999999999999999e-01	8.000000000000000e-01	2.078591262574740e-03	6.456113735982737e-03	-9.094947017729284e-19	0.000000000000000e+00	2.957834693272139e+05	1.781789434482862e+04	8.534704998557477e-03	3.887566701483702e+04	8.737441589220234e+03	9.040737401351589e+03	3.934773112261540e-20	-inf	
27	6.000000000000000e-01	8.000000000000000e-01	2.078591262574740e-03	6.456113735982737e-03	0.000000000000000e+00	-3.622062649810608e-16	2.957834693272139e+05	1.781789434482862e+04	8.534704998557477e-03	3.887566701483702e+04	8.737441589220234e+03	9.040737401351589e+03	1.567023391958124e-17	-inf	
28	8.000000000000000e-01	8.000000000000000e-01	2.078591262574740e-03	6.456113735982737e-03	0.000000000000000e+00	1.271018845727658e-16	2.957834693272139e+05	1.781789434482862e+04	8.534704998557477e-03	3.887566701483702e+04	8.737441589220234e+03	9.040737401351589e+03	5.498845424385462e-18	-inf	
29	1.000000000000000e+00	8.000000000000000e-01	2.078591262574740e-03	6.456113735982737e-03	-2.301021595485535e-16	-1.193711796076976e-16	2.957834693272139e+05	1.781789434482862e+04	8.534704998557477e-03	3.887566701483702e+04	8.737441589220234e+03	9.040737401351589e+03	1.121483248731281e-17	-inf	
30	0.000000000000000e+00	1.000000000000000e+00	2.078591262574740e-03	6.456113735982737e-03	1.818989403545857e-18	-2.564775058999649e-16	2.957834693272139e+05	1.781789434482862e+04	8.534704998557477e-03	3.887566701483702e+04	8.737441589220234e+03	9.040737401351589e+03	1.109633923499129e-17	-inf	
31	2.000000000000000e-01	1.000000000000000e+00	2.078591262574740e-03	6.456113735982737e-03	0.000000000000000e+00	0.000000000000000e+00	2.957834693272139e+05	1.781789434482862e+04	8.534704998557477e-03	3.887566701483702e+04	8.737441589220234e+03	9.040737401351589e+03	0.000000000000000e+00	-inf	
32	3.999999999999999e-01	1.000000000000000e+00	2.078591262574740e-03	6.456113735982737e-03	0.000000000000000e+00	0.000000000000000e+00	2.957834693272139e+05	1.781789434482862e+04	8.534704998557477e-03	3.887566701483702e+04	8.737441589220234e+03	9.040737401351589e+03	0.000000000000000e+00	-inf	
33	6.000000000000000e-01	1.000000000000000e+00	2.078591262574740e-03	6.456113735982737e-03	1.375610736431546e-16	-1.964508555829543e-16	2.957834693272139e+05	1.781789434482862e+04	8.534704998557477e-03	3.887566701483702e+04	8.737441589220234e+03	9.040737401351589e+03	1.037561414259558e-17	-inf	
34	8.000000000000000e-01	1.000000000000000e+00	2.078591262574741e-03	6.456113735982737e-03	0.000000000000000e+00	6.184563972055952e-16	2.957834693272139e+05	1.781789434482862e+04	8.534704998557477e-03	3.887566701483702e+04	8.737441589220234e+03	9.040737401351587e+03	2.675645716337864e-17	-inf	
35	1.000000000000000e+00	1.000000000000000e+00	2.078591262574740e-03	6.456113735982737e-03	-2.733031578827634e-16	-3.806235326919767e-16	2.957834693272139e+05	1.781789434482862e+04	8.534704998557477e-03	3.887566701483702e+04	8.737441589220234e+03	9.040737401351589e+03	2.027238869095897e-17	-inf	
EXT_ITER= 3887
AOA= 0.000000000000000e+00
SIDESLIP_ANGLE= 0.000000000000000e+00
INITIAL_BCTHRUST= 4.000000000000000e+03
DCD_DCL_VALUE= 0.000000000000000e+00
DCMX_DCL_VALUE= 0.000000000000000e+00
DCMY_DCL_VALUE= 0.000000000000000e+00
DCMZ_DCL_VALUE= 0.000000000000000e+00
