"PointID"	"x"	"y"	"Density[0]"	"Density[1]"	"Momentum_x"	"Momentum_y"	"Energy"	"Electronic_Energy"	"Total_Density"	"Pressure"	"Temperature"	"Tve"	"Mach"	"C<sub>p</sub>"
0	0.000000000000000e+00	0.000000000000000e+00	3.109754345859237e-03	5.424950652698264e-03	0.000000000000000e+00	0.000000000000000e+00	2.957834693272139e+05	4.251055980488941e+04	8.534704998557501e-03	4.275392076122714e+04	1.031889105319164e+04	1.353195495372454e+04	0.000000000000000e+00	-inf	
1	2.000000000000000e-01	0.000000000000000e+00	3.109754345859237e-03	5.424950652698264e-03	0.000000000000000e+00	3.637978807091711e-17	2.957834693272139e+05	4.251055980488941e+04	8.534704998557501e-03	4.275392076122714e+04	1.031889105319164e+04	1.353195495372454e+04	1.514907413262049e-18	-inf	
2	4.000000000000000e-01	0.000000000000000e+00	3.109754345859237e-03	5.424950652698264e-03	0.000000000000000e+00	-3.001332515850663e-17	2.957834693272139e+05	4.251055980488941e+04	8.534704998557501e-03	4.275392076122714e+04	1.031889105319164e+04	1.353195495372454e+04	1.249798615941191e-18	-inf	
3	6.000000000000001e-01	0.000000000000000e+00	3.109754345859237e-03	5.424950652698264e-03	0.000000000000000e+00	-3.365130396559834e-17	2.957834693272139e+05	4.251055980488941e+04	8.534704998557501e-03	4.275392076122714e+04	1.031889105319164e+04	1.353195495372454e+04	1.401289357267396e-18	-inf	
4	8.000000000000000e-01	0.000000000000000e+00	3.109754345859237e-03	5.424950652698264e-03	-1.818989403545857e-18	0.000000000000000e+00	2.957834693272139e+05	4.251055980488941e+04	8.534704998557501e-03	4.275392076122714e+04	1.031889105319164e+04	1.353195495372454e+04	7.574537066310251e-20	-inf	
5	1.000000000000000e+00	0.000000000000000e+00	3.109754345859237e-03	5.424950652698264e-03	-2.728484105318784e-18	9.094947017729280e-19	2.957834693272139e+05	4.251055980488941e+04	8.534704998557501e-03	4.275392076122714e+04	1.031889105319164e+04	1.353195495372454e+04	1.197639467545512e-19	-inf	
6	0.000000000000000e+00	2.000000000000000e-01	3.109754345859237e-03	5.424950652698264e-03	0.000000000000000e+00	0.000000000000000e+00	2.957834693272139e+05	4.251055980488941e+04	8.534704998557501e-03	4.275392076122714e+04	1.031889105319164e+04	1.353195495372454e+04	0.000000000000000e+00	-inf	
7	2.000000000000000e-01	2.000000000000000e-01	3.109754345859237e-03	5.424950652698264e-03	-2.046363078989087e-17	-1.818989403545857e-18	2.957834693272139e+05	4.251055980488941e+04	8.534704998557501e-03	4.275392076122714e+04	1.031889105319164e+04	1.353195495372454e+04	8.554952572207110e-19	-inf	
8	4.000000000000000e-01	2.000000000000000e-01	3.109754345859237e-03	5.424950652698264e-03	-1.728039933368563e-17	0.000000000000000e+00	2.957834693272139e+05	4.251055980488941e+04	8.534704998557501e-03	4.275392076122714e+04	1.031889105319164e+04	1.353195495372454e+04	7.195810212994736e-19	-inf	
9	5.999999999999999e-01	2.000000000000000e-01	3.109754345859237e-03	5.424950652698264e-03	0.000000000000000e+00	1.273292582482100e-17	2.957834693272139e+05	4.251055980488941e+04	8.534704998557501e-03	4.275392076122714e+04	1.031889105319164e+04	1.353195495372454e+04	5.302175946417177e-19	-inf	
10	7.999999999999999e-01	2.000000000000000e-01	3.109754345859237e-03	5.424950652698264e-03	0.000000000000000e+00	-1.728039933368563e-17	2.957834693272139e+05	4.251055980488941e+04	8.534704998557501e-03	4.275392076122714e+04	1.031889105319164e+04	1.353195495372454e+04	7.195810212994736e-19	-inf	
11	1.000000000000000e+00	2.000000000000000e-01	3.109754345859237e-03	5.424950652698264e-03	1.818989403545854e-18	0.000000000000000e+00	2.957834693272139e+05	4.251055980488941e+04	8.534704998557501e-03	4.275392076122714e+04	1.031889105319164e+04	1.353195495372454e+04	7.574537066310241e-20	-inf	
12	0.000000000000000e+00	3.999999999999999e-01	3.109754345859237e-03	5.424950652698264e-03	-4.183675628155467e-17	0.000000000000000e+00	2.957834693272139e+05	4.251055980488941e+04	8.534704998557501e-03	4.275392076122714e+04	1.031889105319164e+04	1.353195495372454e+04	1.742143525251356e-18	-inf	
13	2.000000000000000e-01	3.999999999999999e-01	3.109754345859237e-03	5.424950652698264e-03	1.945313261764912e-17	0.000000000000000e+00	2.957834693272139e+05	4.251055980488941e+04	8.534704998557501e-03	4.275392076122714e+04	1.031889105319164e+04	1.353195495372454e+04	8.100568028653586e-19	-inf	
14	3.999999999999999e-01	4.000000000000001e-01	3.109754345859237e-03	5.424950652698264e-03	-7.376961084652279e-18	0.000000000000000e+00	2.957834693272139e+05	4.251055980488941e+04	8.534704998557501e-03	4.275392076122714e+04	1.031889105319164e+04	1.353195495372454e+04	3.071874144154040e-19	-inf	
15	6.000000000000001e-01	4.000000000000000e-01	3.109754345859237e-03	5.424950652698264e-03	-1.409716787748039e-17	-9.094947017729280e-19	2.957834693272139e+05	4.251055980488941e+04	8.534704998557501e-03	4.275392076122714e+04	1.031889105319164e+04	1.353195495372454e+04	5.882470535253244e-19	-inf	
16	8.000000000000000e-01	4.000000000000000e-01	3.109754345859237e-03	5.424950652698264e-03	2.273736754432322e-18	0.000000000000000e+00	2.957834693272139e+05	4.251055980488941e+04	8.534704998557501e-03	4.275392076122714e+04	1.031889105319164e+04	1.353195495372454e+04	9.468171332887818e-20	-inf	
17	1.000000000000000e+00	4.000000000000000e-01	3.109754345859237e-03	5.424950652698264e-03	0.000000000000000e+00	0.000000000000000e+00	2.957834693272139e+05	4.251055980488941e+04	8.534704998557501e-03	4.275392076122714e+04	1.031889105319164e+04	1.353195495372454e+04	0.000000000000000e+00	-inf	
18	0.000000000000000e+00	6.000000000000000e-01	3.109754345859237e-03	5.424950652698264e-03	3.001332515850663e-17	-1.818989403545856e-18	2.957834693272139e+05	4.251055980488941e+04	8.534704998557501e-03	4.275392076122714e+04	1.031889105319164e+04	1.353195495372454e+04	1.252091826339190e-18	-inf	
19	2.000000000000000e-01	6.000000000000000e-01	3.109754345859237e-03	5.424950652698264e-03	-2.930491046256459e-18	1.818989403545857e-18	2.957834693272139e+05	4.251055980488941e+04	8.534704998557501e-03	4.275392076122714e+04	1.031889105319164e+04	1.353195495372454e+04	1.436268165598081e-19	-inf	
20	4.000000000000001e-01	6.000000000000002e-01	3.109754345859237e-03	5.424950652698264e-03	0.000000000000000e+00	0.000000000000000e+00	2.957834693272139e+05	4.251055980488941e+04	8.534704998557501e-03	4.275392076122714e+04	1.031889105319164e+04	1.353195495372454e+04	0.000000000000000e+00	-inf	
21	6.000000000000000e-01	6.000000000000001e-01	3.109754345859237e-03	5.424950652698264e-03	2.930491046256487e-18	2.273736754432320e-18	2.957834693272139e+05	4.251055980488941e+04	8.534704998557501e-03	4.275392076122714e+04	1.031889105319164e+04	1.353195495372454e+04	1.544536438453496e-19	-inf	
22	8.000000000000000e-01	6.000000000000001e-01	3.109754345859237e-03	5.424950652698264e-03	-1.364242052659393e-18	-9.094947017729286e-19	2.957834693272139e+05	4.251055980488941e+04	8.534704998557501e-03	4.275392076122714e+04	1.031889105319164e+04	1.353195495372454e+04	6.827595445121050e-20	-inf	
23	1.000000000000000e+00	6.000000000000001e-01	3.109754345859237e-03	5.424950652698264e-03	2.910383045673371e-17	-9.094947017729280e-19	2.957834693272139e+05	4.251055980488941e+04	8.534704998557501e-03	4.275392076122714e+04	1.031889105319164e+04	1.353195495372454e+04	1.212517546915617e-18	-inf	
24	0.000000000000000e+00	8.000000000000000e-01	3.109754345859237e-03	5.424950652698264e-03	2.728484105318784e-18	0.000000000000000e+00	2.957834693272139e+05	4.251055980488941e+04	8.534704998557501e-03	4.275392076122714e+04	1.031889105319164e+04	1.353195495372454e+04	1.136180559946537e-19	-inf	
25	2.000000000000000e-01	8.000000000000000e-01	3.109754345859237e-03	5.424950652698264e-03	2.273736754432320e-18	1.955413608811795e-17	2.957834693272139e+05	4.251055980488941e+04	8.534704998557501e-03	4.275392076122714e+04	1.031889105319164e+04	1.353195495372454e+04	8.197490029535460e-19	-inf	
26	3.999999999999999e-01	8.000000000000000e-01	3.109754345859237e-03	5.424950652698264e-03	-9.094947017729284e-19	0.000000000000000e+00	2.957834693272139e+05	4.251055980488941e+04	8.534704998557501e-03	4.275392076122714e+04	1.031889105319164e+04	1.353195495372454e+04	3.787268533155125e-20	-inf	
27	6.000000000000000e-01	8.000000000000000e-01	3.109754345859237e-03	5.424950652698264e-03	0.000000000000000e+00	-1.318767317570746e-17	2.957834693272139e+05	4.251055980488941e+04	8.534704998557501e-03	4.275392076122714e+04	1.031889105319164e+04	1.353195495372454e+04	5.491539373074930e-19	-inf	
28	8.000000000000000e-01	8.000000000000000e-01	3.109754345859237e-03	5.424950652698264e-03	0.000000000000000e+00	0.000000000000000e+00	2.957834693272139e+05	4.251055980488941e+04	8.534704998557501e-03	4.275392076122714e+04	1.031889105319164e+04	1.353195495372454e+04	0.000000000000000e+00	-inf	
29	1.000000000000000e+00	8.000000000000000e-01	3.109754345859237e-03	5.424950652698264e-03	-3.183231456205247e-17	-9.094947017729276e-19	2.957834693272139e+05	4.251055980488941e+04	8.534704998557501e-03	4.275392076122714e+04	1.031889105319164e+04	1.353195495372454e+04	1.326084914595225e-18	-inf	
30	0.000000000000000e+00	1.000000000000000e+00	3.109754345859237e-03	5.424950652698264e-03	1.818989403545857e-18	1.818989403545857e-18	2.957834693272139e+05	4.251055980488941e+04	8.534704998557501e-03	4.275392076122714e+04	1.031889105319164e+04	1.353195495372454e+04	1.071201304787367e-19	-inf	
31	2.000000000000000e-01	1.000000000000000e+00	3.109754345859237e-03	5.424950652698264e-03	0.000000000000000e+00	0.000000000000000e+00	2.957834693272139e+05	4.251055980488941e+04	8.534704998557501e-03	4.275392076122714e+04	1.031889105319164e+04	1.353195495372454e+04	0.000000000000000e+00	-inf	
32	3.999999999999999e-01	1.000000000000000e+00	3.109754345859237e-03	5.424950652698264e-03	0.000000000000000e+00	0.000000000000000e+00	2.957834693272139e+05	4.251055980488941e+04	8.534704998557501e-03	4.275392076122714e+04	1.031889105319164e+04	1.353195495372454e+04	0.000000000000000e+00	-inf	
33	6.000000000000000e-01	1.000000000000000e+00	3.109754345859237e-03	5.424950652698264e-03	0.000000000000000e+00	-3.365130396559834e-17	2.957834693272139e+05	4.251055980488941e+04	8.534704998557501e-03	4.275392076122714e+04	1.031889105319164e+04	1.353195495372454e+04	1.401289357267396e-18	-inf	
34	8.000000000000000e-01	1.000000000000000e+00	3.109754345859237e-03	5.424950652698264e-03	0.000000000000000e+00	-3.637978807091715e-18	2.957834693272139e+05	4.251055980488941e+04	8.534704998557501e-03	4.275392076122714e+04	1.031889105319164e+04	1.353195495372454e+04	1.514907413262051e-19	-inf	
35	1.000000000000000e+00	1.000000000000000e+00	3.109754345859237e-03	5.424950652698264e-03	1.818989403545856e-18	1.364242052659393e-17	2.957834693272139e+05	4.251055980488941e+04	8.534704998557501e-03	4.275392076122714e+04	1.031889105319164e+04	1.353195495372454e+04	5.731177255826222e-19	-inf	
EXT_ITER= 228
AOA= 0.000000000000000e+00
SIDESLIP_ANGLE= 0.000000000000000e+00
INITIAL_BCTHRUST= 4.000000000000000e+03
DCD_DCL_VALUE= 0.000000000000000e+00
DCMX_DCL_VALUE= 0.000000000000000e+00
DCMY_DCL_VALUE= 0.000000000000000e+00
DCMZ_DCL_VALUE= 0.000000000000000e+00
