"PointID"	"x"	"y"	"Density[0]"	"Density[1]"	"Momentum_x"	"Momentum_y"	"Energy"	"Electronic_Energy"	"Total_Density"	"Pressure"	"Temperature"	"Tve"	"Mach"	"C<sub>p</sub>"
0	0.000000000000000e+00	0.000000000000000e+00	2.161229542202024e-03	6.373475456355458e-03	0.000000000000000e+00	0.000000000000000e+00	2.957834693272139e+05	1.950459125830183e+04	8.534704998557482e-03	3.938893710065524e+04	8.901873231444319e+03	9.373366792686906e+03	0.000000000000000e+00	-inf	
1	2.000000000000000e-01	0.000000000000000e+00	2.161229542202024e-03	6.373475456355458e-03	0.000000000000000e+00	6.471054803114292e-16	2.957834693272139e+05	1.950459125830183e+04	8.534704998557482e-03	3.938893710065524e+04	8.901873231444319e+03	9.373366792686906e+03	2.783315187570137e-17	-inf	
2	4.000000000000000e-01	0.000000000000000e+00	2.161229542202024e-03	6.373475456355458e-03	0.000000000000000e+00	-5.134097591508200e-16	2.957834693272139e+05	1.950459125830183e+04	8.534704998557482e-03	3.938893710065524e+04	8.901873231444319e+03	9.373366792686906e+03	2.208266231037766e-17	-inf	
3	6.000000000000001e-01	0.000000000000000e+00	2.161229542202024e-03	6.373475456355458e-03	0.000000000000000e+00	-1.286935003008695e-16	2.957834693272139e+05	1.950459125830183e+04	8.534704998557482e-03	3.938893710065524e+04	8.901873231444319e+03	9.373366792686906e+03	5.535335193832474e-18	-inf	
4	8.000000000000000e-01	0.000000000000000e+00	2.161229542202024e-03	6.373475456355458e-03	2.148681232938536e-16	0.000000000000000e+00	2.957834693272139e+05	1.950459125830183e+04	8.534704998557482e-03	3.938893710065524e+04	8.901873231444319e+03	9.373366792686906e+03	9.241858229985270e-18	-inf	
5	1.000000000000000e+00	0.000000000000000e+00	2.161229542202025e-03	6.373475456355457e-03	3.688001015689201e-16	2.237356966361428e-16	2.957834693272139e+05	1.950459125830183e+04	8.534704998557482e-03	3.938893710065528e+04	8.901873231444328e+03	9.373366792686906e+03	1.855354337034538e-17	-inf	
6	0.000000000000000e+00	2.000000000000000e-01	2.161229542202024e-03	6.373475456355458e-03	0.000000000000000e+00	0.000000000000000e+00	2.957834693272139e+05	1.950459125830183e+04	8.534704998557482e-03	3.938893710065524e+04	8.901873231444319e+03	9.373366792686906e+03	0.000000000000000e+00	-inf	
7	2.000000000000000e-01	2.000000000000000e-01	2.161229542202024e-03	6.373475456355458e-03	-2.685283106984571e-16	-1.818989403545857e-18	2.957834693272139e+05	1.950459125830183e+04	8.534704998557482e-03	3.938893710065524e+04	8.901873231444319e+03	9.373366792686906e+03	1.155014283723630e-17	-inf	
8	4.000000000000000e-01	2.000000000000000e-01	2.161229542202024e-03	6.373475456355458e-03	-3.226432454539417e-16	2.166871126973994e-16	2.957834693272139e+05	1.950459125830183e+04	8.534704998557482e-03	3.938893710065524e+04	8.901873231444319e+03	9.373366792686906e+03	1.671669837544250e-17	-inf	
9	5.999999999999999e-01	2.000000000000000e-01	2.161229542202024e-03	6.373475456355458e-03	0.000000000000000e+00	2.837623469531537e-16	2.957834693272139e+05	1.950459125830183e+04	8.534704998557482e-03	3.938893710065524e+04	8.901873231444319e+03	9.373366792686906e+03	1.220512071007583e-17	-inf	
10	7.999999999999999e-01	2.000000000000000e-01	2.161229542202024e-03	6.373475456355458e-03	2.050910552497956e-16	-1.439275365555679e-16	2.957834693272139e+05	1.950459125830183e+04	8.534704998557482e-03	3.938893710065524e+04	8.901873231444319e+03	9.373366792686906e+03	1.077678551462389e-17	-inf	
11	1.000000000000000e+00	2.000000000000000e-01	2.161229542202025e-03	6.373475456355457e-03	3.715285856742399e-16	-1.809894456528117e-16	2.957834693272139e+05	1.950459125830183e+04	8.534704998557482e-03	3.938893710065528e+04	8.901873231444328e+03	9.373366792686906e+03	1.777539997813105e-17	-inf	
12	0.000000000000000e+00	3.999999999999999e-01	2.161229542202024e-03	6.373475456355458e-03	-7.207745511550302e-16	0.000000000000000e+00	2.957834693272139e+05	1.950459125830183e+04	8.534704998557482e-03	3.938893710065524e+04	8.901873231444319e+03	9.373366792686906e+03	3.100178898312463e-17	-inf	
13	2.000000000000000e-01	3.999999999999999e-01	2.161229542202024e-03	6.373475456355458e-03	3.506095230732725e-16	0.000000000000000e+00	2.957834693272139e+05	1.950459125830183e+04	8.534704998557482e-03	3.938893710065524e+04	8.901873231444319e+03	9.373366792686906e+03	1.508033605289382e-17	-inf	
14	3.999999999999999e-01	4.000000000000001e-01	2.161229542202025e-03	6.373475456355457e-03	1.618893724553891e-16	0.000000000000000e+00	2.957834693272139e+05	1.950459125830183e+04	8.534704998557482e-03	3.938893710065528e+04	8.901873231444328e+03	9.373366792686906e+03	6.963148401160659e-18	-inf	
15	6.000000000000001e-01	4.000000000000000e-01	2.161229542202025e-03	6.373475456355457e-03	-2.319211489520977e-16	-9.094947017729280e-19	2.957834693272139e+05	1.950459125830183e+04	8.534704998557482e-03	3.938893710065528e+04	8.901873231444328e+03	9.373366792686906e+03	9.975415745469790e-18	-inf	
16	8.000000000000000e-01	4.000000000000000e-01	2.161229542202024e-03	6.373475456355458e-03	-2.187334757763889e-16	0.000000000000000e+00	2.957834693272139e+05	1.950459125830183e+04	8.534704998557482e-03	3.938893710065524e+04	8.901873231444319e+03	9.373366792686906e+03	9.408113880683433e-18	-inf	
17	1.000000000000000e+00	4.000000000000000e-01	2.161229542202024e-03	6.373475456355458e-03	0.000000000000000e+00	0.000000000000000e+00	2.957834693272139e+05	1.950459125830183e+04	8.534704998557482e-03	3.938893710065524e+04	8.901873231444319e+03	9.373366792686906e+03	0.000000000000000e+00	-inf	
18	0.000000000000000e+00	6.000000000000000e-01	2.161229542202024e-03	6.373475456355458e-03	5.134097591508200e-16	2.148681232938535e-16	2.957834693272139e+05	1.950459125830183e+04	8.534704998557482e-03	3.938893710065524e+04	8.901873231444319e+03	9.373366792686906e+03	2.393858638803304e-17	-inf	
19	2.000000000000000e-01	6.000000000000000e-01	2.161229542202024e-03	6.373475456355458e-03	-2.046499971027300e-17	1.818989403545857e-18	2.957834693272139e+05	1.950459125830183e+04	8.534704998557482e-03	3.938893710065524e+04	8.901873231444319e+03	9.373366792686906e+03	8.837060234888767e-19	-inf	
20	4.000000000000001e-01	6.000000000000002e-01	2.161229542202024e-03	6.373475456355458e-03	0.000000000000000e+00	-2.166871126973996e-16	2.957834693272139e+05	1.950459125830183e+04	8.534704998557482e-03	3.938893710065524e+04	8.901873231444319e+03	9.373366792686906e+03	9.320096183254993e-18	-inf	
21	6.000000000000000e-01	6.000000000000001e-01	2.161229542202024e-03	6.373475456355458e-03	2.046499971027314e-17	-2.212345862062646e-16	2.957834693272139e+05	1.950459125830183e+04	8.534704998557482e-03	3.938893710065524e+04	8.901873231444319e+03	9.373366792686906e+03	9.556316844388381e-18	-inf	
22	8.000000000000000e-01	6.000000000000001e-01	2.161229542202024e-03	6.373475456355458e-03	2.196429704781616e-16	-9.094947017729286e-19	2.957834693272139e+05	1.950459125830183e+04	8.534704998557482e-03	3.938893710065524e+04	8.901873231444319e+03	9.373366792686906e+03	9.447313848641164e-18	-inf	
23	1.000000000000000e+00	6.000000000000001e-01	2.161229542202025e-03	6.373475456355457e-03	4.647517926059684e-16	-9.094947017729280e-19	2.957834693272139e+05	1.950459125830183e+04	8.534704998557482e-03	3.938893710065528e+04	8.901873231444328e+03	9.373366792686906e+03	1.998983533726125e-17	-inf	
24	0.000000000000000e+00	8.000000000000000e-01	2.161229542202025e-03	6.373475456355457e-03	-3.328750608488928e-16	0.000000000000000e+00	2.957834693272139e+05	1.950459125830183e+04	8.534704998557482e-03	3.938893710065528e+04	8.901873231444328e+03	9.373366792686906e+03	1.431754544835822e-17	-inf	
25	2.000000000000000e-01	8.000000000000000e-01	2.161229542202024e-03	6.373475456355458e-03	-2.212345862062646e-16	2.676188159966842e-16	2.957834693272139e+05	1.950459125830183e+04	8.534704998557482e-03	3.938893710065524e+04	8.901873231444319e+03	9.373366792686906e+03	1.493472284127404e-17	-inf	
26	3.999999999999999e-01	8.000000000000000e-01	2.161229542202024e-03	6.373475456355458e-03	-9.094947017729284e-19	0.000000000000000e+00	2.957834693272139e+05	1.950459125830183e+04	8.534704998557482e-03	3.938893710065524e+04	8.901873231444319e+03	9.373366792686906e+03	3.911897663485842e-20	-inf	
27	6.000000000000000e-01	8.000000000000000e-01	2.161229542202024e-03	6.373475456355458e-03	0.000000000000000e+00	-2.671640686457978e-16	2.957834693272139e+05	1.950459125830183e+04	8.534704998557482e-03	3.938893710065524e+04	8.901873231444319e+03	9.373366792686906e+03	1.149119938648966e-17	-inf	
28	8.000000000000000e-01	8.000000000000000e-01	2.161229542202024e-03	6.373475456355458e-03	0.000000000000000e+00	2.135038812411938e-16	2.957834693272139e+05	1.950459125830183e+04	8.534704998557482e-03	3.938893710065524e+04	8.901873231444319e+03	9.373366792686906e+03	9.183179765032964e-18	-inf	
29	1.000000000000000e+00	8.000000000000000e-01	2.161229542202024e-03	6.373475456355458e-03	-1.268745108973236e-16	-2.055458026006826e-16	2.957834693272139e+05	1.950459125830183e+04	8.534704998557482e-03	3.938893710065524e+04	8.901873231444319e+03	9.373366792686906e+03	1.038947658177021e-17	-inf	
30	0.000000000000000e+00	1.000000000000000e+00	2.161229542202024e-03	6.373475456355458e-03	1.818989403545857e-18	-4.315552359912533e-16	2.957834693272139e+05	1.950459125830183e+04	8.534704998557482e-03	3.938893710065524e+04	8.901873231444319e+03	9.373366792686906e+03	1.856211929755172e-17	-inf	
31	2.000000000000000e-01	1.000000000000000e+00	2.161229542202024e-03	6.373475456355458e-03	0.000000000000000e+00	0.000000000000000e+00	2.957834693272139e+05	1.950459125830183e+04	8.534704998557482e-03	3.938893710065524e+04	8.901873231444319e+03	9.373366792686906e+03	0.000000000000000e+00	-inf	
32	3.999999999999999e-01	1.000000000000000e+00	2.161229542202024e-03	6.373475456355458e-03	0.000000000000000e+00	0.000000000000000e+00	2.957834693272139e+05	1.950459125830183e+04	8.534704998557482e-03	3.938893710065524e+04	8.901873231444319e+03	9.373366792686906e+03	0.000000000000000e+00	-inf	
33	6.000000000000000e-01	1.000000000000000e+00	2.161229542202024e-03	6.373475456355458e-03	2.210072125308207e-16	-1.041371433530001e-16	2.957834693272139e+05	1.950459125830183e+04	8.534704998557482e-03	3.938893710065524e+04	8.901873231444319e+03	9.373366792686906e+03	1.050832485915533e-17	-inf	
34	8.000000000000000e-01	1.000000000000000e+00	2.161229542202025e-03	6.373475456355457e-03	0.000000000000000e+00	5.584297468885770e-16	2.957834693272139e+05	1.950459125830183e+04	8.534704998557482e-03	3.938893710065528e+04	8.901873231444328e+03	9.373366792686906e+03	2.401905165380302e-17	-inf	
35	1.000000000000000e+00	1.000000000000000e+00	2.161229542202024e-03	6.373475456355458e-03	-4.401954356580955e-16	-2.182787284255051e-16	2.957834693272139e+05	1.950459125830183e+04	8.534704998557482e-03	3.938893710065524e+04	8.901873231444319e+03	9.373366792686906e+03	2.113351799488112e-17	-inf	
EXT_ITER= 2837
AOA= 0.000000000000000e+00
SIDESLIP_ANGLE= 0.000000000000000e+00
INITIAL_BCTHRUST= 4.000000000000000e+03
DCD_DCL_VALUE= 0.000000000000000e+00
DCMX_DCL_VALUE= 0.000000000000000e+00
DCMY_DCL_VALUE= 0.000000000000000e+00
DCMZ_DCL_VALUE= 0.000000000000000e+00
