"PointID"	"x"	"y"	"Density[0]"	"Density[1]"	"Momentum_x"	"Momentum_y"	"Energy"	"Electronic_Energy"	"Total_Density"	"Pressure"	"Temperature"	"Tve"	"Mach"	"C<sub>p</sub>"
0	0.000000000000000e+00	0.000000000000000e+00	2.392738704374990e-03	6.141966294182491e-03	0.000000000000000e+00	0.000000000000000e+00	2.957834693272139e+05	2.575901515126188e+04	8.534704998557482e-03	3.987729860624670e+04	9.154401317675613e+03	1.057248730132935e+04	0.000000000000000e+00	-inf	
1	2.000000000000000e-01	0.000000000000000e+00	2.392738704374990e-03	6.141966294182491e-03	0.000000000000000e+00	3.051354724448219e-16	2.957834693272139e+05	2.575901515126188e+04	8.534704998557482e-03	3.987729860624670e+04	9.154401317675613e+03	1.057248730132935e+04	1.307066565610082e-17	-inf	
2	4.000000000000000e-01	0.000000000000000e+00	2.392738704374990e-03	6.141966294182491e-03	0.000000000000000e+00	-2.282831701450076e-16	2.957834693272139e+05	2.575901515126188e+04	8.534704998557482e-03	3.987729860624670e+04	9.154401317675613e+03	1.057248730132935e+04	9.778650013953187e-18	-inf	
3	6.000000000000001e-01	0.000000000000000e+00	2.392738704374990e-03	6.141966294182491e-03	0.000000000000000e+00	-9.003997547551973e-17	2.957834693272139e+05	2.575901515126188e+04	8.534704998557482e-03	3.987729860624670e+04	9.154401317675613e+03	1.057248730132935e+04	3.856917734587062e-18	-inf	
4	8.000000000000000e-01	0.000000000000000e+00	2.392738704374990e-03	6.141966294182491e-03	4.913545126328242e-16	0.000000000000000e+00	2.957834693272139e+05	2.575901515126188e+04	8.534704998557482e-03	3.987729860624670e+04	9.154401317675613e+03	1.057248730132935e+04	2.104747278899660e-17	-inf	
5	1.000000000000000e+00	0.000000000000000e+00	2.392738704374991e-03	6.141966294182492e-03	9.508767107035949e-16	7.094058673828825e-17	2.957834693272139e+05	2.575901515126188e+04	8.534704998557484e-03	3.987729860624669e+04	9.154401317675609e+03	1.057248730132935e+04	4.084458642248163e-17	-inf	
6	0.000000000000000e+00	2.000000000000000e-01	2.392738704374990e-03	6.141966294182491e-03	0.000000000000000e+00	0.000000000000000e+00	2.957834693272139e+05	2.575901515126188e+04	8.534704998557482e-03	3.987729860624670e+04	9.154401317675613e+03	1.057248730132935e+04	0.000000000000000e+00	-inf	
7	2.000000000000000e-01	2.000000000000000e-01	2.392738704374990e-03	6.141966294182491e-03	-1.291482476517575e-16	-1.818989403545857e-18	2.957834693272139e+05	2.575901515126188e+04	8.534704998557482e-03	3.987729860624670e+04	9.154401317675613e+03	1.057248730132935e+04	5.532693317197822e-18	-inf	
8	4.000000000000000e-01	2.000000000000000e-01	2.392738704374990e-03	6.141966294182491e-03	-1.516582415206380e-16	4.931735020363699e-16	2.957834693272139e+05	2.575901515126188e+04	8.534704998557482e-03	3.987729860624670e+04	9.154401317675613e+03	1.057248730132935e+04	2.210169658864972e-17	-inf	
9	5.999999999999999e-01	2.000000000000000e-01	2.392738704374990e-03	6.141966294182491e-03	0.000000000000000e+00	5.334186425898215e-16	2.957834693272139e+05	2.575901515126188e+04	8.534704998557482e-03	3.987729860624670e+04	9.154401317675613e+03	1.057248730132935e+04	2.284931567005366e-17	-inf	
10	7.999999999999999e-01	2.000000000000000e-01	2.392738704374990e-03	6.141966294182491e-03	4.802132025361055e-16	-7.867129170335874e-17	2.957834693272139e+05	2.575901515126188e+04	8.534704998557482e-03	3.987729860624670e+04	9.154401317675613e+03	1.057248730132935e+04	2.084444113366505e-17	-inf	
11	1.000000000000000e+00	2.000000000000000e-01	2.392738704374991e-03	6.141966294182492e-03	9.590621630195517e-16	-4.781668394571165e-16	2.957834693272139e+05	2.575901515126188e+04	8.534704998557484e-03	3.987729860624669e+04	9.154401317675609e+03	1.057248730132935e+04	4.590498752494062e-17	-inf	
12	0.000000000000000e+00	3.999999999999999e-01	2.392738704374990e-03	6.141966294182491e-03	-3.478817234281505e-16	0.000000000000000e+00	2.957834693272139e+05	2.575901515126188e+04	8.534704998557482e-03	3.987729860624670e+04	9.154401317675613e+03	1.057248730132935e+04	1.490172761090482e-17	-inf	
13	2.000000000000000e-01	3.999999999999999e-01	2.392738704374990e-03	6.141966294182491e-03	5.799532023821782e-16	0.000000000000000e+00	2.957834693272139e+05	2.575901515126188e+04	8.534704998557482e-03	3.987729860624670e+04	9.154401317675613e+03	1.057248730132935e+04	2.484265216294443e-17	-inf	
14	3.999999999999999e-01	4.000000000000001e-01	2.392738704374991e-03	6.141966294182492e-03	4.514870757567510e-16	0.000000000000000e+00	2.957834693272139e+05	2.575901515126188e+04	8.534704998557484e-03	3.987729860624669e+04	9.154401317675609e+03	1.057248730132935e+04	1.933972660728354e-17	-inf	
15	6.000000000000001e-01	4.000000000000000e-01	2.392738704374991e-03	6.141966294182492e-03	-5.138645065017041e-16	-9.094947017729280e-19	2.957834693272139e+05	2.575901515126188e+04	8.534704998557484e-03	3.987729860624669e+04	9.154401317675609e+03	1.057248730132935e+04	2.201173669939955e-17	-inf	
16	8.000000000000000e-01	4.000000000000000e-01	2.392738704374990e-03	6.141966294182491e-03	-4.902176442556079e-16	0.000000000000000e+00	2.957834693272139e+05	2.575901515126188e+04	8.534704998557482e-03	3.987729860624670e+04	9.154401317675613e+03	1.057248730132935e+04	2.099877433275181e-17	-inf	
17	1.000000000000000e+00	4.000000000000000e-01	2.392738704374990e-03	6.141966294182491e-03	0.000000000000000e+00	0.000000000000000e+00	2.957834693272139e+05	2.575901515126188e+04	8.534704998557482e-03	3.987729860624670e+04	9.154401317675613e+03	1.057248730132935e+04	0.000000000000000e+00	-inf	
18	0.000000000000000e+00	6.000000000000000e-01	2.392738704374990e-03	6.141966294182491e-03	2.282831701450076e-16	4.913545126328241e-16	2.957834693272139e+05	2.575901515126188e+04	8.534704998557482e-03	3.987729860624670e+04	9.154401317675613e+03	1.057248730132935e+04	2.320814742496563e-17	-inf	
19	2.000000000000000e-01	6.000000000000000e-01	2.392738704374990e-03	6.141966294182491e-03	-9.021660689300443e-18	1.818989403545857e-18	2.957834693272139e+05	2.575901515126188e+04	8.534704998557482e-03	3.987729860624670e+04	9.154401317675613e+03	1.057248730132935e+04	3.942251840628842e-19	-inf	
20	4.000000000000001e-01	6.000000000000002e-01	2.392738704374990e-03	6.141966294182491e-03	0.000000000000000e+00	-4.931735020363703e-16	2.957834693272139e+05	2.575901515126188e+04	8.534704998557482e-03	3.987729860624670e+04	9.154401317675613e+03	1.057248730132935e+04	2.112539031898827e-17	-inf	
21	6.000000000000000e-01	6.000000000000001e-01	2.392738704374990e-03	6.141966294182491e-03	9.021660689300279e-18	-4.902176442556075e-16	2.957834693272139e+05	2.575901515126188e+04	8.534704998557482e-03	3.987729860624670e+04	9.154401317675613e+03	1.057248730132935e+04	2.100233000959905e-17	-inf	
22	8.000000000000000e-01	6.000000000000001e-01	2.392738704374990e-03	6.141966294182491e-03	4.911271389573807e-16	-9.094947017729286e-19	2.957834693272139e+05	2.575901515126188e+04	8.534704998557482e-03	3.987729860624670e+04	9.154401317675613e+03	1.057248730132935e+04	2.103776917064726e-17	-inf	
23	1.000000000000000e+00	6.000000000000001e-01	2.392738704374991e-03	6.141966294182492e-03	1.028638507705181e-15	-9.094947017729280e-19	2.957834693272139e+05	2.575901515126188e+04	8.534704998557484e-03	3.987729860624669e+04	9.154401317675609e+03	1.057248730132935e+04	4.406238043342907e-17	-inf	
24	0.000000000000000e+00	8.000000000000000e-01	2.392738704374991e-03	6.141966294182492e-03	-9.404175216332072e-16	0.000000000000000e+00	2.957834693272139e+05	2.575901515126188e+04	8.534704998557484e-03	3.987729860624669e+04	9.154401317675609e+03	1.057248730132935e+04	4.028336300568716e-17	-inf	
25	2.000000000000000e-01	8.000000000000000e-01	2.392738704374990e-03	6.141966294182491e-03	-4.902176442556075e-16	1.282387529499845e-16	2.957834693272139e+05	2.575901515126188e+04	8.534704998557482e-03	3.987729860624670e+04	9.154401317675613e+03	1.057248730132935e+04	2.170538215325431e-17	-inf	
26	3.999999999999999e-01	8.000000000000000e-01	2.392738704374990e-03	6.141966294182491e-03	-9.094947017729284e-19	0.000000000000000e+00	2.957834693272139e+05	2.575901515126188e+04	8.534704998557482e-03	3.987729860624670e+04	9.154401317675613e+03	1.057248730132935e+04	3.895876499582900e-20	-inf	
27	6.000000000000000e-01	8.000000000000000e-01	2.392738704374990e-03	6.141966294182491e-03	0.000000000000000e+00	-1.136868377216173e-16	2.957834693272139e+05	2.575901515126188e+04	8.534704998557482e-03	3.987729860624670e+04	9.154401317675613e+03	1.057248730132935e+04	4.869845624478679e-18	-inf	
28	8.000000000000000e-01	8.000000000000000e-01	2.392738704374990e-03	6.141966294182491e-03	0.000000000000000e+00	4.897628969047213e-16	2.957834693272139e+05	2.575901515126188e+04	8.534704998557482e-03	3.987729860624670e+04	9.154401317675613e+03	1.057248730132935e+04	2.097929495025389e-17	-inf	
29	1.000000000000000e+00	8.000000000000000e-01	2.392738704374990e-03	6.141966294182491e-03	-8.822098607197387e-17	-4.815774445887647e-16	2.957834693272139e+05	2.575901515126188e+04	8.534704998557482e-03	3.987729860624670e+04	9.154401317675613e+03	1.057248730132935e+04	2.097195046197749e-17	-inf	
30	0.000000000000000e+00	1.000000000000000e+00	2.392738704374990e-03	6.141966294182491e-03	1.818989403545857e-18	-9.845280146691943e-16	2.957834693272139e+05	2.575901515126188e+04	8.534704998557482e-03	3.987729860624670e+04	9.154401317675613e+03	1.057248730132935e+04	4.217293508716592e-17	-inf	
31	2.000000000000000e-01	1.000000000000000e+00	2.392738704374990e-03	6.141966294182491e-03	0.000000000000000e+00	0.000000000000000e+00	2.957834693272139e+05	2.575901515126188e+04	8.534704998557482e-03	3.987729860624670e+04	9.154401317675613e+03	1.057248730132935e+04	0.000000000000000e+00	-inf	
32	3.999999999999999e-01	1.000000000000000e+00	2.392738704374990e-03	6.141966294182491e-03	0.000000000000000e+00	0.000000000000000e+00	2.957834693272139e+05	2.575901515126188e+04	8.534704998557482e-03	3.987729860624670e+04	9.154401317675613e+03	1.057248730132935e+04	0.000000000000000e+00	-inf	
33	6.000000000000000e-01	1.000000000000000e+00	2.392738704374990e-03	6.141966294182491e-03	4.924913810100397e-16	-8.731149137020095e-17	2.957834693272139e+05	2.575901515126188e+04	8.534704998557482e-03	3.987729860624670e+04	9.154401317675613e+03	1.057248730132935e+04	2.142513363268641e-17	-inf	
34	8.000000000000000e-01	1.000000000000000e+00	2.392738704374991e-03	6.141966294182492e-03	0.000000000000000e+00	9.822542779147647e-16	2.957834693272139e+05	2.575901515126188e+04	8.534704998557484e-03	3.987729860624669e+04	9.154401317675609e+03	1.057248730132935e+04	4.207546619549541e-17	-inf	
35	1.000000000000000e+00	1.000000000000000e+00	2.392738704374990e-03	6.141966294182491e-03	-9.831637726165336e-16	-6.684786058031008e-17	2.957834693272139e+05	2.575901515126188e+04	8.534704998557482e-03	3.987729860624670e+04	9.154401317675613e+03	1.057248730132935e+04	4.221166006884729e-17	-inf	
EXT_ITER= 1305
AOA= 0.000000000000000e+00
SIDESLIP_ANGLE= 0.000000000000000e+00
INITIAL_BCTHRUST= 4.000000000000000e+03
DCD_DCL_VALUE= 0.000000000000000e+00
DCMX_DCL_VALUE= 0.000000000000000e+00
DCMY_DCL_VALUE= 0.000000000000000e+00
DCMZ_DCL_VALUE= 0.000000000000000e+00
