"PointID"	"x"	"y"	"Density[0]"	"Density[1]"	"Momentum_x"	"Momentum_y"	"Energy"	"Electronic_Energy"	"Total_Density"	"Pressure"	"Temperature"	"Tve"	"Mach"	"C<sub>p</sub>"
0	0.000000000000000e+00	0.000000000000000e+00	1.885164612886144e-03	6.649540385671364e-03	0.000000000000000e+00	0.000000000000000e+00	2.957834693272139e+05	1.457516060991437e+04	8.534704998557508e-03	3.721825059443933e+04	8.258373616510973e+03	8.386217726819115e+03	0.000000000000000e+00	-inf	
1	2.000000000000000e-01	0.000000000000000e+00	1.885164612886144e-03	6.649540385671364e-03	0.000000000000000e+00	1.406078808940986e-15	2.957834693272139e+05	1.457516060991437e+04	8.534704998557508e-03	3.721825059443933e+04	8.258373616510973e+03	8.386217726819115e+03	6.206638060310623e-17	-inf	
2	4.000000000000000e-01	0.000000000000000e+00	1.885164612886144e-03	6.649540385671364e-03	0.000000000000000e+00	-1.113221514970064e-15	2.957834693272139e+05	1.457516060991437e+04	8.534704998557508e-03	3.721825059443933e+04	8.258373616510973e+03	8.386217726819115e+03	4.913923017994821e-17	-inf	
3	6.000000000000001e-01	0.000000000000000e+00	1.885164612886144e-03	6.649540385671364e-03	0.000000000000000e+00	-1.118678483180703e-15	2.957834693272139e+05	1.457516060991437e+04	8.534704998557508e-03	3.721825059443933e+04	8.258373616510973e+03	8.386217726819115e+03	4.938010875926171e-17	-inf	
4	8.000000000000000e-01	0.000000000000000e+00	1.885164612886144e-03	6.649540385671364e-03	3.456079866737121e-16	0.000000000000000e+00	2.957834693272139e+05	1.457516060991437e+04	8.534704998557508e-03	3.721825059443933e+04	8.258373616510973e+03	8.386217726819115e+03	1.525564335651984e-17	-inf	
5	1.000000000000000e+00	0.000000000000000e+00	1.885164612886144e-03	6.649540385671364e-03	6.707523425575366e-16	-1.164153218269347e-16	2.957834693272139e+05	1.457516060991437e+04	8.534704998557508e-03	3.721825059443933e+04	8.258373616510975e+03	8.386217726819114e+03	3.005062183312859e-17	-inf	
6	0.000000000000000e+00	2.000000000000000e-01	1.885164612886144e-03	6.649540385671364e-03	0.000000000000000e+00	0.000000000000000e+00	2.957834693272139e+05	1.457516060991437e+04	8.534704998557508e-03	3.721825059443933e+04	8.258373616510973e+03	8.386217726819115e+03	0.000000000000000e+00	-inf	
7	2.000000000000000e-01	2.000000000000000e-01	1.885164612886144e-03	6.649540385671364e-03	-7.073595043039152e-16	-1.818989403545857e-18	2.957834693272139e+05	1.457516060991437e+04	8.534704998557508e-03	3.721825059443933e+04	8.258373616510973e+03	8.386217726819115e+03	3.122398908070287e-17	-inf	
8	4.000000000000000e-01	2.000000000000000e-01	1.885164612886144e-03	6.649540385671364e-03	-7.021299097687200e-16	3.474269760772579e-16	2.957834693272139e+05	1.457516060991437e+04	8.534704998557508e-03	3.721825059443933e+04	8.258373616510973e+03	8.386217726819115e+03	3.457975864665995e-17	-inf	
9	5.999999999999999e-01	2.000000000000000e-01	1.885164612886144e-03	6.649540385671364e-03	0.000000000000000e+00	9.240466170012927e-16	2.957834693272139e+05	1.457516060991437e+04	8.534704998557508e-03	3.721825059443933e+04	8.258373616510973e+03	8.386217726819115e+03	4.078877276374774e-17	-inf	
10	7.999999999999999e-01	2.000000000000000e-01	1.885164612886144e-03	6.649540385671364e-03	3.303739504190162e-16	-5.561560101341457e-16	2.957834693272139e+05	1.457516060991437e+04	8.534704998557508e-03	3.721825059443933e+04	8.258373616510973e+03	8.386217726819115e+03	2.855432464586244e-17	-inf	
11	1.000000000000000e+00	2.000000000000000e-01	1.885164612886144e-03	6.649540385671364e-03	6.630216375924663e-16	-3.292370820418005e-16	2.957834693272139e+05	1.457516060991437e+04	8.534704998557508e-03	3.721825059443933e+04	8.258373616510975e+03	8.386217726819114e+03	3.267645655563005e-17	-inf	
12	0.000000000000000e+00	3.999999999999999e-01	1.885164612886144e-03	6.649540385671364e-03	-1.257376425201128e-15	0.000000000000000e+00	2.957834693272139e+05	1.457516060991437e+04	8.534704998557508e-03	3.721825059443933e+04	8.258373616510973e+03	8.386217726819115e+03	5.550243931681480e-17	-inf	
13	2.000000000000000e-01	3.999999999999999e-01	1.885164612886144e-03	6.649540385671364e-03	7.007427483112474e-16	0.000000000000000e+00	2.957834693272139e+05	1.457516060991437e+04	8.534704998557508e-03	3.721825059443933e+04	8.258373616510973e+03	8.386217726819115e+03	3.093181253070002e-17	-inf	
14	3.999999999999999e-01	4.000000000000001e-01	1.885164612886144e-03	6.649540385671364e-03	2.707791280480927e-16	0.000000000000000e+00	2.957834693272139e+05	1.457516060991437e+04	8.534704998557508e-03	3.721825059443933e+04	8.258373616510975e+03	8.386217726819114e+03	1.195258780229261e-17	-inf	
15	6.000000000000001e-01	4.000000000000000e-01	1.885164612886144e-03	6.649540385671364e-03	-8.706138032721313e-16	-9.094947017729280e-19	2.957834693272139e+05	1.457516060991437e+04	8.534704998557508e-03	3.721825059443933e+04	8.258373616510975e+03	8.386217726819114e+03	3.843019097763245e-17	-inf	
16	8.000000000000000e-01	4.000000000000000e-01	1.885164612886144e-03	6.649540385671364e-03	-3.617515176301825e-16	0.000000000000000e+00	2.957834693272139e+05	1.457516060991437e+04	8.534704998557508e-03	3.721825059443933e+04	8.258373616510973e+03	8.386217726819115e+03	1.596824248698890e-17	-inf	
17	1.000000000000000e+00	4.000000000000000e-01	1.885164612886144e-03	6.649540385671364e-03	0.000000000000000e+00	0.000000000000000e+00	2.957834693272139e+05	1.457516060991437e+04	8.534704998557508e-03	3.721825059443933e+04	8.258373616510973e+03	8.386217726819115e+03	0.000000000000000e+00	-inf	
18	0.000000000000000e+00	6.000000000000000e-01	1.885164612886144e-03	6.649540385671364e-03	1.113221514970064e-15	3.456079866737120e-16	2.957834693272139e+05	1.457516060991437e+04	8.534704998557508e-03	3.721825059443933e+04	8.258373616510973e+03	8.386217726819115e+03	5.145287744042369e-17	-inf	
19	2.000000000000000e-01	6.000000000000000e-01	1.885164612886144e-03	6.649540385671364e-03	3.019486002435800e-17	1.818989403545857e-18	2.957834693272139e+05	1.457516060991437e+04	8.534704998557508e-03	3.721825059443933e+04	8.258373616510973e+03	8.386217726819115e+03	1.335261699972440e-18	-inf	
20	4.000000000000001e-01	6.000000000000002e-01	1.885164612886144e-03	6.649540385671364e-03	0.000000000000000e+00	-3.474269760772582e-16	2.957834693272139e+05	1.457516060991437e+04	8.534704998557508e-03	3.721825059443933e+04	8.258373616510973e+03	8.386217726819115e+03	1.533593621629100e-17	-inf	
21	6.000000000000000e-01	6.000000000000001e-01	1.885164612886144e-03	6.649540385671364e-03	-3.019486002435755e-17	-3.665263648144908e-16	2.957834693272139e+05	1.457516060991437e+04	8.534704998557508e-03	3.721825059443933e+04	8.258373616510973e+03	8.386217726819115e+03	1.623381907297060e-17	-inf	
22	8.000000000000000e-01	6.000000000000001e-01	1.885164612886144e-03	6.649540385671364e-03	6.041318556526677e-16	-9.094947017729286e-19	2.957834693272139e+05	1.457516060991437e+04	8.534704998557508e-03	3.721825059443933e+04	8.258373616510973e+03	8.386217726819115e+03	2.666729627084609e-17	-inf	
23	1.000000000000000e+00	6.000000000000001e-01	1.885164612886144e-03	6.649540385671364e-03	1.259195414604612e-15	-9.094947017729280e-19	2.957834693272139e+05	1.457516060991437e+04	8.534704998557508e-03	3.721825059443933e+04	8.258373616510975e+03	8.386217726819114e+03	5.558274667511145e-17	-inf	
24	0.000000000000000e+00	8.000000000000000e-01	1.885164612886144e-03	6.649540385671364e-03	-6.157279131002736e-16	0.000000000000000e+00	2.957834693272139e+05	1.457516060991437e+04	8.534704998557508e-03	3.721825059443933e+04	8.258373616510975e+03	8.386217726819114e+03	2.717913303253675e-17	-inf	
25	2.000000000000000e-01	8.000000000000000e-01	1.885164612886144e-03	6.649540385671364e-03	-3.665263648144909e-16	7.064500096021420e-16	2.957834693272139e+05	1.457516060991437e+04	8.534704998557508e-03	3.721825059443933e+04	8.258373616510973e+03	8.386217726819115e+03	3.513098359919163e-17	-inf	
26	3.999999999999999e-01	8.000000000000000e-01	1.885164612886144e-03	6.649540385671364e-03	-9.094947017729284e-19	0.000000000000000e+00	2.957834693272139e+05	1.457516060991437e+04	8.534704998557508e-03	3.721825059443933e+04	8.258373616510973e+03	8.386217726819115e+03	4.014642988557860e-20	-inf	
27	6.000000000000000e-01	8.000000000000000e-01	1.885164612886144e-03	6.649540385671364e-03	0.000000000000000e+00	-6.889422365930108e-16	2.957834693272139e+05	1.457516060991437e+04	8.534704998557508e-03	3.721825059443933e+04	8.258373616510973e+03	8.386217726819115e+03	3.041092063832656e-17	-inf	
28	8.000000000000000e-01	8.000000000000000e-01	1.885164612886144e-03	6.649540385671364e-03	0.000000000000000e+00	3.406057658139605e-16	2.957834693272139e+05	1.457516060991437e+04	8.534704998557508e-03	3.721825059443933e+04	8.258373616510973e+03	8.386217726819115e+03	1.503483799214913e-17	-inf	
29	1.000000000000000e+00	8.000000000000000e-01	1.885164612886144e-03	6.649540385671364e-03	-1.116859493777157e-15	-3.383320290595308e-16	2.957834693272139e+05	1.457516060991437e+04	8.534704998557508e-03	3.721825059443933e+04	8.258373616510973e+03	8.386217726819115e+03	5.151223446110957e-17	-inf	
30	0.000000000000000e+00	1.000000000000000e+00	1.885164612886144e-03	6.649540385671364e-03	1.818989403545857e-18	-6.930349627509703e-16	2.957834693272139e+05	1.457516060991437e+04	8.534704998557508e-03	3.721825059443933e+04	8.258373616510973e+03	8.386217726819115e+03	3.059168494383642e-17	-inf	
31	2.000000000000000e-01	1.000000000000000e+00	1.885164612886144e-03	6.649540385671364e-03	0.000000000000000e+00	0.000000000000000e+00	2.957834693272139e+05	1.457516060991437e+04	8.534704998557508e-03	3.721825059443933e+04	8.258373616510973e+03	8.386217726819115e+03	0.000000000000000e+00	-inf	
32	3.999999999999999e-01	1.000000000000000e+00	1.885164612886144e-03	6.649540385671364e-03	0.000000000000000e+00	0.000000000000000e+00	2.957834693272139e+05	1.457516060991437e+04	8.534704998557508e-03	3.721825059443933e+04	8.258373616510973e+03	8.386217726819115e+03	0.000000000000000e+00	-inf	
33	6.000000000000000e-01	1.000000000000000e+00	1.885164612886144e-03	6.649540385671364e-03	3.640252543846145e-16	-8.503775461576615e-16	2.957834693272139e+05	1.457516060991437e+04	8.534704998557508e-03	3.721825059443933e+04	8.258373616510973e+03	8.386217726819115e+03	4.083160466264923e-17	-inf	
34	8.000000000000000e-01	1.000000000000000e+00	1.885164612886144e-03	6.649540385671364e-03	0.000000000000000e+00	4.274625098332689e-16	2.957834693272139e+05	1.457516060991437e+04	8.534704998557508e-03	3.721825059443933e+04	8.258373616510975e+03	8.386217726819114e+03	1.886882204622161e-17	-inf	
35	1.000000000000000e+00	1.000000000000000e+00	1.885164612886144e-03	6.649540385671364e-03	-7.262315193656830e-16	8.594724931754156e-17	2.957834693272139e+05	1.457516060991437e+04	8.534704998557508e-03	3.721825059443933e+04	8.258373616510973e+03	8.386217726819115e+03	3.228063811579777e-17	-inf	
EXT_ITER= 8791
AOA= 0.000000000000000e+00
SIDESLIP_ANGLE= 0.000000000000000e+00
INITIAL_BCTHRUST= 4.000000000000000e+03
DCD_DCL_VALUE= 0.000000000000000e+00
DCMX_DCL_VALUE= 0.000000000000000e+00
DCMY_DCL_VALUE= 0.000000000000000e+00
DCMZ_DCL_VALUE= 0.000000000000000e+00
