"PointID"	"x"	"y"	"Density[0]"	"Density[1]"	"Momentum_x"	"Momentum_y"	"Energy"	"Electronic_Energy"	"Total_Density"	"Pressure"	"Temperature"	"Tve"	"Mach"	"C<sub>p</sub>"
0	0.000000000000000e+00	0.000000000000000e+00	1.863889183958865e-03	6.670815814598640e-03	0.000000000000000e+00	0.000000000000000e+00	2.957834693272139e+05	1.424821424391721e+04	8.534704998557506e-03	3.701530239865038e+04	8.201849320271025e+03	8.318893923065629e+03	0.000000000000000e+00	-inf	
1	2.000000000000000e-01	0.000000000000000e+00	1.863889183958865e-03	6.670815814598640e-03	0.000000000000000e+00	1.492480805609426e-15	2.957834693272139e+05	1.424821424391721e+04	8.534704998557506e-03	3.701530239865038e+04	8.201849320271025e+03	8.318893923065629e+03	6.604845111227587e-17	-inf	
2	4.000000000000000e-01	0.000000000000000e+00	1.863889183958865e-03	6.670815814598640e-03	0.000000000000000e+00	-1.190073817269887e-15	2.957834693272139e+05	1.424821424391721e+04	8.534704998557506e-03	3.701530239865038e+04	8.201849320271025e+03	8.318893923065629e+03	5.266569060354102e-17	-inf	
3	6.000000000000001e-01	0.000000000000000e+00	1.863889183958865e-03	6.670815814598640e-03	0.000000000000000e+00	-1.254193193744888e-15	2.957834693272139e+05	1.424821424391721e+04	8.534704998557506e-03	3.701530239865038e+04	8.201849320271025e+03	8.318893923065629e+03	5.550323832043072e-17	-inf	
4	8.000000000000000e-01	0.000000000000000e+00	1.863889183958865e-03	6.670815814598640e-03	3.951754479203366e-16	0.000000000000000e+00	2.957834693272139e+05	1.424821424391721e+04	8.534704998557506e-03	3.701530239865038e+04	8.201849320271025e+03	8.318893923065629e+03	1.748814869487071e-17	-inf	
5	1.000000000000000e+00	0.000000000000000e+00	1.863889183958866e-03	6.670815814598640e-03	7.530616130679861e-16	-1.164153218269347e-16	2.957834693272139e+05	1.424821424391722e+04	8.534704998557506e-03	3.701530239865038e+04	8.201849320271025e+03	8.318893923065629e+03	3.372195261990358e-17	-inf	
6	0.000000000000000e+00	2.000000000000000e-01	1.863889183958865e-03	6.670815814598640e-03	0.000000000000000e+00	0.000000000000000e+00	2.957834693272139e+05	1.424821424391721e+04	8.534704998557506e-03	3.701530239865038e+04	8.201849320271025e+03	8.318893923065629e+03	0.000000000000000e+00	-inf	
7	2.000000000000000e-01	2.000000000000000e-01	1.863889183958865e-03	6.670815814598640e-03	-7.848939276300676e-16	-1.818989403545857e-18	2.957834693272139e+05	1.424821424391721e+04	8.534704998557506e-03	3.701530239865038e+04	8.201849320271025e+03	8.318893923065629e+03	3.473489724362155e-17	-inf	
8	4.000000000000000e-01	2.000000000000000e-01	1.863889183958865e-03	6.670815814598640e-03	-7.453309081029399e-16	3.969944373238824e-16	2.957834693272139e+05	1.424821424391721e+04	8.534704998557506e-03	3.701530239865038e+04	8.201849320271025e+03	8.318893923065629e+03	3.737111258352751e-17	-inf	
9	5.999999999999999e-01	2.000000000000000e-01	1.863889183958865e-03	6.670815814598640e-03	0.000000000000000e+00	1.040234565152782e-15	2.957834693272139e+05	1.424821424391721e+04	8.534704998557506e-03	3.701530239865038e+04	8.201849320271025e+03	8.318893923065629e+03	4.603468370485231e-17	-inf	
10	7.999999999999999e-01	2.000000000000000e-01	1.863889183958865e-03	6.670815814598640e-03	3.801687853410836e-16	-6.377831596182768e-16	2.957834693272139e+05	1.424821424391721e+04	8.534704998557506e-03	3.701530239865038e+04	8.201849320271025e+03	8.318893923065629e+03	3.285838178407779e-17	-inf	
11	1.000000000000000e+00	2.000000000000000e-01	1.863889183958866e-03	6.670815814598640e-03	7.489688869100080e-16	-3.719833330251280e-16	2.957834693272139e+05	1.424821424391722e+04	8.534704998557506e-03	3.701530239865038e+04	8.201849320271025e+03	8.318893923065629e+03	3.700783836057042e-17	-inf	
12	0.000000000000000e+00	3.999999999999999e-01	1.863889183958865e-03	6.670815814598640e-03	-1.254647941095819e-15	0.000000000000000e+00	2.957834693272139e+05	1.424821424391721e+04	8.534704998557506e-03	3.701530239865038e+04	8.201849320271025e+03	8.318893923065629e+03	5.552336277232552e-17	-inf	
13	2.000000000000000e-01	3.999999999999999e-01	1.863889183958865e-03	6.670815814598640e-03	7.722580836174902e-16	0.000000000000000e+00	2.957834693272139e+05	1.424821424391721e+04	8.534704998557506e-03	3.701530239865038e+04	8.201849320271025e+03	8.318893923065629e+03	3.417561558591848e-17	-inf	
14	3.999999999999999e-01	4.000000000000001e-01	1.863889183958866e-03	6.670815814598640e-03	3.025040701517686e-16	0.000000000000000e+00	2.957834693272139e+05	1.424821424391722e+04	8.534704998557506e-03	3.701530239865038e+04	8.201849320271025e+03	8.318893923065629e+03	1.338705678062315e-17	-inf	
15	6.000000000000001e-01	4.000000000000000e-01	1.863889183958866e-03	6.670815814598640e-03	-9.945324563886916e-16	-9.094947017729280e-19	2.957834693272139e+05	1.424821424391722e+04	8.534704998557506e-03	3.701530239865038e+04	8.201849320271025e+03	8.318893923065629e+03	4.401219469332426e-17	-inf	
16	8.000000000000000e-01	4.000000000000000e-01	1.863889183958865e-03	6.670815814598640e-03	-4.120010999031370e-16	0.000000000000000e+00	2.957834693272139e+05	1.424821424391721e+04	8.534704998557506e-03	3.701530239865038e+04	8.201849320271025e+03	8.318893923065629e+03	1.823275341490554e-17	-inf	
17	1.000000000000000e+00	4.000000000000000e-01	1.863889183958865e-03	6.670815814598640e-03	0.000000000000000e+00	0.000000000000000e+00	2.957834693272139e+05	1.424821424391721e+04	8.534704998557506e-03	3.701530239865038e+04	8.201849320271025e+03	8.318893923065629e+03	0.000000000000000e+00	-inf	
18	0.000000000000000e+00	6.000000000000000e-01	1.863889183958865e-03	6.670815814598640e-03	1.190073817269887e-15	3.951754479203365e-16	2.957834693272139e+05	1.424821424391721e+04	8.534704998557506e-03	3.701530239865038e+04	8.201849320271025e+03	8.318893923065629e+03	5.549333573972479e-17	-inf	
19	2.000000000000000e-01	6.000000000000000e-01	1.863889183958865e-03	6.670815814598640e-03	4.407728298508642e-17	1.818989403545857e-18	2.957834693272139e+05	1.424821424391721e+04	8.534704998557506e-03	3.701530239865038e+04	8.201849320271025e+03	8.318893923065629e+03	1.952262443991673e-18	-inf	
20	4.000000000000001e-01	6.000000000000002e-01	1.863889183958865e-03	6.670815814598640e-03	0.000000000000000e+00	-3.969944373238828e-16	2.957834693272139e+05	1.424821424391721e+04	8.534704998557506e-03	3.701530239865038e+04	8.201849320271025e+03	8.318893923065629e+03	1.756864650244205e-17	-inf	
21	6.000000000000000e-01	6.000000000000001e-01	1.863889183958865e-03	6.670815814598640e-03	-4.407728298508589e-17	-4.149569576838993e-16	2.957834693272139e+05	1.424821424391721e+04	8.534704998557506e-03	3.701530239865038e+04	8.201849320271025e+03	8.318893923065629e+03	1.846686955108154e-17	-inf	
22	8.000000000000000e-01	6.000000000000001e-01	1.863889183958865e-03	6.670815814598640e-03	7.819380698492729e-16	-9.094947017729286e-19	2.957834693272139e+05	1.424821424391721e+04	8.534704998557506e-03	3.701530239865038e+04	8.201849320271025e+03	8.318893923065629e+03	3.460401843704601e-17	-inf	
23	1.000000000000000e+00	6.000000000000001e-01	1.863889183958866e-03	6.670815814598640e-03	1.251919456990419e-15	-9.094947017729280e-19	2.957834693272139e+05	1.424821424391722e+04	8.534704998557506e-03	3.701530239865038e+04	8.201849320271025e+03	8.318893923065629e+03	5.540263068097890e-17	-inf	
24	0.000000000000000e+00	8.000000000000000e-01	1.863889183958866e-03	6.670815814598640e-03	-7.075868779793395e-16	0.000000000000000e+00	2.957834693272139e+05	1.424821424391722e+04	8.534704998557506e-03	3.701530239865038e+04	8.201849320271025e+03	8.318893923065629e+03	3.131364714524618e-17	-inf	
25	2.000000000000000e-01	8.000000000000000e-01	1.863889183958865e-03	6.670815814598640e-03	-4.149569576838993e-16	7.839844329282944e-16	2.957834693272139e+05	1.424821424391721e+04	8.534704998557506e-03	3.701530239865038e+04	8.201849320271025e+03	8.318893923065629e+03	3.925471402646923e-17	-inf	
26	3.999999999999999e-01	8.000000000000000e-01	1.863889183958865e-03	6.670815814598640e-03	-9.094947017729284e-19	0.000000000000000e+00	2.957834693272139e+05	1.424821424391721e+04	8.534704998557506e-03	3.701530239865038e+04	8.201849320271025e+03	8.318893923065629e+03	4.024890378566340e-20	-inf	
27	6.000000000000000e-01	8.000000000000000e-01	1.863889183958865e-03	6.670815814598640e-03	0.000000000000000e+00	-7.296421244973548e-16	2.957834693272139e+05	1.424821424391721e+04	8.534704998557506e-03	3.701530239865038e+04	8.201849320271025e+03	8.318893923065629e+03	3.228968306204948e-17	-inf	
28	8.000000000000000e-01	8.000000000000000e-01	1.863889183958865e-03	6.670815814598640e-03	0.000000000000000e+00	3.904006007360278e-16	2.957834693272139e+05	1.424821424391721e+04	8.534704998557506e-03	3.701530239865038e+04	8.201849320271025e+03	8.318893923065629e+03	1.727684194999595e-17	-inf	
29	1.000000000000000e+00	8.000000000000000e-01	1.863889183958865e-03	6.670815814598640e-03	-1.276475813938327e-15	-3.885816113324852e-16	2.957834693272139e+05	1.424821424391721e+04	8.534704998557506e-03	3.701530239865038e+04	8.201849320271025e+03	8.318893923065629e+03	5.904878818328970e-17	-inf	
30	0.000000000000000e+00	1.000000000000000e+00	1.863889183958865e-03	6.670815814598640e-03	1.818989403545857e-18	-7.921698852442192e-16	2.957834693272139e+05	1.424821424391721e+04	8.534704998557506e-03	3.701530239865038e+04	8.201849320271025e+03	8.318893923065629e+03	3.505688761717667e-17	-inf	
31	2.000000000000000e-01	1.000000000000000e+00	1.863889183958865e-03	6.670815814598640e-03	0.000000000000000e+00	0.000000000000000e+00	2.957834693272139e+05	1.424821424391721e+04	8.534704998557506e-03	3.701530239865038e+04	8.201849320271025e+03	8.318893923065629e+03	0.000000000000000e+00	-inf	
32	3.999999999999999e-01	1.000000000000000e+00	1.863889183958865e-03	6.670815814598640e-03	0.000000000000000e+00	0.000000000000000e+00	2.957834693272139e+05	1.424821424391721e+04	8.534704998557506e-03	3.701530239865038e+04	8.201849320271025e+03	8.318893923065629e+03	0.000000000000000e+00	-inf	
33	6.000000000000000e-01	1.000000000000000e+00	1.863889183958865e-03	6.670815814598640e-03	4.142748366575689e-16	-1.005446392809958e-15	2.957834693272139e+05	1.424821424391721e+04	8.534704998557506e-03	3.701530239865038e+04	8.201849320271025e+03	8.318893923065629e+03	4.812413330162224e-17	-inf	
34	8.000000000000000e-01	1.000000000000000e+00	1.863889183958866e-03	6.670815814598640e-03	0.000000000000000e+00	4.324647306930177e-16	2.957834693272139e+05	1.424821424391722e+04	8.534704998557506e-03	3.701530239865038e+04	8.201849320271025e+03	8.318893923065629e+03	1.913835375008251e-17	-inf	
35	1.000000000000000e+00	1.000000000000000e+00	1.863889183958865e-03	6.670815814598640e-03	-8.267306839115917e-16	8.594724931754156e-17	2.957834693272139e+05	1.424821424391721e+04	8.534704998557506e-03	3.701530239865038e+04	8.201849320271025e+03	8.318893923065629e+03	3.678343000969058e-17	-inf	
EXT_ITER= 9686
AOA= 0.000000000000000e+00
SIDESLIP_ANGLE= 0.000000000000000e+00
INITIAL_BCTHRUST= 4.000000000000000e+03
DCD_DCL_VALUE= 0.000000000000000e+00
DCMX_DCL_VALUE= 0.000000000000000e+00
DCMY_DCL_VALUE= 0.000000000000000e+00
DCMZ_DCL_VALUE= 0.000000000000000e+00
