"PointID"	"x"	"y"	"Density[0]"	"Density[1]"	"Momentum_x"	"Momentum_y"	"Energy"	"Electronic_Energy"	"Total_Density"	"Pressure"	"Temperature"	"Tve"	"Mach"	"C<sub>p</sub>"
0	0.000000000000000e+00	0.000000000000000e+00	1.891092307706903e-03	6.643612690850612e-03	0.000000000000000e+00	0.000000000000000e+00	2.957834693272139e+05	1.466683938999343e+04	8.534704998557515e-03	3.727434668265533e+04	8.274050863262317e+03	8.405055315043794e+03	0.000000000000000e+00	-inf	
1	2.000000000000000e-01	0.000000000000000e+00	1.891092307706903e-03	6.643612690850612e-03	0.000000000000000e+00	1.381522451993114e-15	2.957834693272139e+05	1.466683938999343e+04	8.534704998557515e-03	3.727434668265533e+04	8.274050863262317e+03	8.405055315043794e+03	6.093965978787637e-17	-inf	
2	4.000000000000000e-01	0.000000000000000e+00	1.891092307706903e-03	6.643612690850612e-03	0.000000000000000e+00	-1.098214852390809e-15	2.957834693272139e+05	1.466683938999343e+04	8.534704998557515e-03	3.727434668265533e+04	8.274050863262317e+03	8.405055315043794e+03	4.844281711248103e-17	-inf	
3	6.000000000000001e-01	0.000000000000000e+00	1.891092307706903e-03	6.643612690850612e-03	0.000000000000000e+00	-1.073658495442937e-15	2.957834693272139e+05	1.466683938999343e+04	8.534704998557515e-03	3.727434668265533e+04	8.274050863262317e+03	8.405055315043794e+03	4.735962368636330e-17	-inf	
4	8.000000000000000e-01	0.000000000000000e+00	1.891092307706903e-03	6.643612690850612e-03	3.421973815420639e-16	0.000000000000000e+00	2.957834693272139e+05	1.466683938999343e+04	8.534704998557515e-03	3.727434668265533e+04	8.274050863262317e+03	8.405055315043794e+03	1.509450098432381e-17	-inf	
5	1.000000000000000e+00	0.000000000000000e+00	1.891092307706903e-03	6.643612690850612e-03	6.557456799782829e-16	-1.164153218269347e-16	2.957834693272139e+05	1.466683938999343e+04	8.534704998557515e-03	3.727434668265528e+04	8.274050863262304e+03	8.405055315043794e+03	2.937756395566783e-17	-inf	
6	0.000000000000000e+00	2.000000000000000e-01	1.891092307706903e-03	6.643612690850612e-03	0.000000000000000e+00	0.000000000000000e+00	2.957834693272139e+05	1.466683938999343e+04	8.534704998557515e-03	3.727434668265533e+04	8.274050863262317e+03	8.405055315043794e+03	0.000000000000000e+00	-inf	
7	2.000000000000000e-01	2.000000000000000e-01	1.891092307706903e-03	6.643612690850612e-03	-6.898517312947840e-16	-1.818989403545857e-18	2.957834693272139e+05	1.466683938999343e+04	8.534704998557515e-03	3.727434668265533e+04	8.274050863262317e+03	8.405055315043794e+03	3.042981740190354e-17	-inf	
8	4.000000000000000e-01	2.000000000000000e-01	1.891092307706903e-03	6.643612690850612e-03	-6.898517312947839e-16	3.440163709456097e-16	2.957834693272139e+05	1.466683938999343e+04	8.534704998557515e-03	3.727434668265533e+04	8.274050863262317e+03	8.405055315043794e+03	3.400352935280911e-17	-inf	
9	5.999999999999999e-01	2.000000000000000e-01	1.891092307706903e-03	6.643612690850612e-03	0.000000000000000e+00	8.967617759481048e-16	2.957834693272139e+05	1.466683938999343e+04	8.534704998557515e-03	3.727434668265533e+04	8.274050863262317e+03	8.405055315043794e+03	3.955661919081262e-17	-inf	
10	7.999999999999999e-01	2.000000000000000e-01	1.891092307706903e-03	6.643612690850612e-03	3.274180926382542e-16	-5.363745003705819e-16	2.957834693272139e+05	1.466683938999343e+04	8.534704998557515e-03	3.727434668265533e+04	8.274050863262317e+03	8.405055315043794e+03	2.771952356543480e-17	-inf	
11	1.000000000000000e+00	2.000000000000000e-01	1.891092307706903e-03	6.643612690850612e-03	6.430127541534613e-16	-3.233253664802767e-16	2.957834693272139e+05	1.466683938999343e+04	8.534704998557515e-03	3.727434668265528e+04	8.274050863262304e+03	8.405055315043794e+03	3.174745570197763e-17	-inf	
12	0.000000000000000e+00	3.999999999999999e-01	1.891092307706903e-03	6.643612690850612e-03	-1.258285919902898e-15	0.000000000000000e+00	2.957834693272139e+05	1.466683938999343e+04	8.534704998557515e-03	3.727434668265533e+04	8.274050863262317e+03	8.405055315043794e+03	5.550363351976844e-17	-inf	
13	2.000000000000000e-01	3.999999999999999e-01	1.891092307706903e-03	6.643612690850612e-03	6.917417785110332e-16	0.000000000000000e+00	2.957834693272139e+05	1.466683938999343e+04	8.534704998557515e-03	3.727434668265533e+04	8.274050863262317e+03	8.405055315043794e+03	3.051308256532990e-17	-inf	
14	3.999999999999999e-01	4.000000000000001e-01	1.891092307706903e-03	6.643612690850612e-03	2.683719948357323e-16	0.000000000000000e+00	2.957834693272139e+05	1.466683938999343e+04	8.534704998557515e-03	3.727434668265528e+04	8.274050863262304e+03	8.405055315043794e+03	1.183802553356170e-17	-inf	
15	6.000000000000001e-01	4.000000000000000e-01	1.891092307706903e-03	6.643612690850612e-03	-8.435563358943874e-16	-9.094947017729280e-19	2.957834693272139e+05	1.466683938999343e+04	8.534704998557515e-03	3.727434668265528e+04	8.274050863262304e+03	8.405055315043794e+03	3.720972172798731e-17	-inf	
16	8.000000000000000e-01	4.000000000000000e-01	1.891092307706903e-03	6.643612690850612e-03	-3.556124283932153e-16	0.000000000000000e+00	2.957834693272139e+05	1.466683938999343e+04	8.534704998557515e-03	3.727434668265533e+04	8.274050863262317e+03	8.405055315043794e+03	1.568624554118437e-17	-inf	
17	1.000000000000000e+00	4.000000000000000e-01	1.891092307706903e-03	6.643612690850612e-03	0.000000000000000e+00	0.000000000000000e+00	2.957834693272139e+05	1.466683938999343e+04	8.534704998557515e-03	3.727434668265533e+04	8.274050863262317e+03	8.405055315043794e+03	0.000000000000000e+00	-inf	
18	0.000000000000000e+00	6.000000000000000e-01	1.891092307706903e-03	6.643612690850612e-03	1.098214852390809e-15	3.421973815420638e-16	2.957834693272139e+05	1.466683938999343e+04	8.534704998557515e-03	3.727434668265533e+04	8.274050863262317e+03	8.405055315043794e+03	5.074002847613546e-17	-inf	
19	2.000000000000000e-01	6.000000000000000e-01	1.891092307706903e-03	6.643612690850612e-03	2.606271462596651e-17	1.818989403545857e-18	2.957834693272139e+05	1.466683938999343e+04	8.534704998557515e-03	3.727434668265533e+04	8.274050863262317e+03	8.405055315043794e+03	1.152436196070153e-18	-inf	
20	4.000000000000001e-01	6.000000000000002e-01	1.891092307706903e-03	6.643612690850612e-03	0.000000000000000e+00	-3.440163709456098e-16	2.957834693272139e+05	1.466683938999343e+04	8.534704998557515e-03	3.727434668265533e+04	8.274050863262317e+03	8.405055315043794e+03	1.517473753440660e-17	-inf	
21	6.000000000000000e-01	6.000000000000001e-01	1.891092307706903e-03	6.643612690850612e-03	-2.606271462596608e-17	-3.617515176301829e-16	2.957834693272139e+05	1.466683938999343e+04	8.534704998557515e-03	3.727434668265533e+04	8.274050863262317e+03	8.405055315043794e+03	1.599840370898323e-17	-inf	
22	8.000000000000000e-01	6.000000000000001e-01	1.891092307706903e-03	6.643612690850612e-03	5.704805516870690e-16	-9.094947017729286e-19	2.957834693272139e+05	1.466683938999343e+04	8.534704998557515e-03	3.727434668265533e+04	8.274050863262317e+03	8.405055315043794e+03	2.516421999918680e-17	-inf	
23	1.000000000000000e+00	6.000000000000001e-01	1.891092307706903e-03	6.643612690850612e-03	1.260104909306387e-15	-9.094947017729280e-19	2.957834693272139e+05	1.466683938999343e+04	8.534704998557515e-03	3.727434668265528e+04	8.274050863262304e+03	8.405055315043794e+03	5.558388454775193e-17	-inf	
24	0.000000000000000e+00	8.000000000000000e-01	1.891092307706903e-03	6.643612690850612e-03	-6.039044819772260e-16	0.000000000000000e+00	2.957834693272139e+05	1.466683938999343e+04	8.534704998557515e-03	3.727434668265528e+04	8.274050863262304e+03	8.405055315043794e+03	2.663853462748452e-17	-inf	
25	2.000000000000000e-01	8.000000000000000e-01	1.891092307706903e-03	6.643612690850612e-03	-3.617515176301830e-16	6.889422365930108e-16	2.957834693272139e+05	1.466683938999343e+04	8.534704998557515e-03	3.727434668265533e+04	8.274050863262317e+03	8.405055315043794e+03	3.432425721786947e-17	-inf	
26	3.999999999999999e-01	8.000000000000000e-01	1.891092307706903e-03	6.643612690850612e-03	-9.094947017729284e-19	0.000000000000000e+00	2.957834693272139e+05	1.466683938999343e+04	8.534704998557515e-03	3.727434668265533e+04	8.274050863262317e+03	8.405055315043794e+03	4.011827504139224e-20	-inf	
27	6.000000000000000e-01	8.000000000000000e-01	1.891092307706903e-03	6.643612690850612e-03	0.000000000000000e+00	-6.764366844436314e-16	2.957834693272139e+05	1.466683938999343e+04	8.534704998557515e-03	3.727434668265533e+04	8.274050863262317e+03	8.405055315043794e+03	2.983796706203617e-17	-inf	
28	8.000000000000000e-01	8.000000000000000e-01	1.891092307706903e-03	6.643612690850612e-03	0.000000000000000e+00	3.376499080331985e-16	2.957834693272139e+05	1.466683938999343e+04	8.534704998557515e-03	3.727434668265533e+04	8.274050863262317e+03	8.405055315043794e+03	1.489390960911681e-17	-inf	
29	1.000000000000000e+00	8.000000000000000e-01	1.891092307706903e-03	6.643612690850612e-03	-1.071839506039391e-15	-3.321929398225636e-16	2.957834693272139e+05	1.466683938999343e+04	8.534704998557515e-03	3.727434668265533e+04	8.274050863262317e+03	8.405055315043794e+03	4.949804760813171e-17	-inf	
30	0.000000000000000e+00	1.000000000000000e+00	1.891092307706903e-03	6.643612690850612e-03	1.818989403545857e-18	-6.862137524876738e-16	2.957834693272139e+05	1.466683938999343e+04	8.534704998557515e-03	3.727434668265533e+04	8.274050863262317e+03	8.405055315043794e+03	3.026934486254637e-17	-inf	
31	2.000000000000000e-01	1.000000000000000e+00	1.891092307706903e-03	6.643612690850612e-03	0.000000000000000e+00	0.000000000000000e+00	2.957834693272139e+05	1.466683938999343e+04	8.534704998557515e-03	3.727434668265533e+04	8.274050863262317e+03	8.405055315043794e+03	0.000000000000000e+00	-inf	
32	3.999999999999999e-01	1.000000000000000e+00	1.891092307706903e-03	6.643612690850612e-03	0.000000000000000e+00	0.000000000000000e+00	2.957834693272139e+05	1.466683938999343e+04	8.534704998557515e-03	3.727434668265533e+04	8.274050863262317e+03	8.405055315043794e+03	0.000000000000000e+00	-inf	
33	6.000000000000000e-01	1.000000000000000e+00	1.891092307706903e-03	6.643612690850612e-03	3.578861651476473e-16	-8.153620001394067e-16	2.957834693272139e+05	1.466683938999343e+04	8.534704998557515e-03	3.727434668265533e+04	8.274050863262317e+03	8.405055315043794e+03	3.927811674530722e-17	-inf	
34	8.000000000000000e-01	1.000000000000000e+00	1.891092307706903e-03	6.643612690850612e-03	0.000000000000000e+00	4.329194780439068e-16	2.957834693272139e+05	1.466683938999343e+04	8.534704998557515e-03	3.727434668265528e+04	8.274050863262304e+03	8.405055315043794e+03	1.909629891970240e-17	-inf	
35	1.000000000000000e+00	1.000000000000000e+00	1.891092307706903e-03	6.643612690850612e-03	-7.139533408917486e-16	8.594724931754156e-17	2.957834693272139e+05	1.466683938999343e+04	8.534704998557515e-03	3.727434668265533e+04	8.274050863262317e+03	8.405055315043794e+03	3.172022014950874e-17	-inf	
EXT_ITER= 8559
AOA= 0.000000000000000e+00
SIDESLIP_ANGLE= 0.000000000000000e+00
INITIAL_BCTHRUST= 4.000000000000000e+03
DCD_DCL_VALUE= 0.000000000000000e+00
DCMX_DCL_VALUE= 0.000000000000000e+00
DCMY_DCL_VALUE= 0.000000000000000e+00
DCMZ_DCL_VALUE= 0.000000000000000e+00
