"PointID"	"x"	"y"	"Density[0]"	"Density[1]"	"Momentum_x"	"Momentum_y"	"Energy"	"Electronic_Energy"	"Total_Density"	"Pressure"	"Temperature"	"Tve"	"Mach"	"C<sub>p</sub>"
0	0.000000000000000e+00	0.000000000000000e+00	1.959874138082229e-03	6.574830860475261e-03	0.000000000000000e+00	0.000000000000000e+00	2.957834693272139e+05	1.575723783455010e+04	8.534704998557489e-03	3.790613398792502e+04	8.452596825754725e+03	8.627584830012509e+03	0.000000000000000e+00	-inf	
1	2.000000000000000e-01	0.000000000000000e+00	1.959874138082229e-03	6.574830860475261e-03	0.000000000000000e+00	1.186435838462795e-15	2.957834693272139e+05	1.575723783455010e+04	8.534704998557489e-03	3.790613398792502e+04	8.452596825754725e+03	8.627584830012509e+03	5.192740975389378e-17	-inf	
2	4.000000000000000e-01	0.000000000000000e+00	1.959874138082229e-03	6.574830860475261e-03	0.000000000000000e+00	-9.026734915096036e-16	2.957834693272139e+05	1.575723783455010e+04	8.534704998557489e-03	3.790613398792502e+04	8.452596825754725e+03	8.627584830012509e+03	3.950782229263132e-17	-inf	
3	6.000000000000001e-01	0.000000000000000e+00	1.959874138082229e-03	6.574830860475261e-03	0.000000000000000e+00	-6.780283001717061e-16	2.957834693272139e+05	1.575723783455010e+04	8.534704998557489e-03	3.790613398792502e+04	8.452596825754725e+03	8.627584830012509e+03	2.967564888580055e-17	-inf	
4	8.000000000000000e-01	0.000000000000000e+00	1.959874138082229e-03	6.574830860475261e-03	1.396074367221442e-16	0.000000000000000e+00	2.957834693272139e+05	1.575723783455010e+04	8.534704998557489e-03	3.790613398792502e+04	8.452596825754725e+03	8.627584830012509e+03	6.110277805460034e-18	-inf	
5	1.000000000000000e+00	0.000000000000000e+00	1.959874138082230e-03	6.574830860475261e-03	2.146407496184085e-16	5.093170329928390e-17	2.957834693272139e+05	1.575723783455010e+04	8.534704998557491e-03	3.790613398792507e+04	8.452596825754736e+03	8.627584830012509e+03	9.655157941206936e-18	-inf	
6	0.000000000000000e+00	2.000000000000000e-01	1.959874138082229e-03	6.574830860475261e-03	0.000000000000000e+00	0.000000000000000e+00	2.957834693272139e+05	1.575723783455010e+04	8.534704998557489e-03	3.790613398792502e+04	8.452596825754725e+03	8.627584830012509e+03	0.000000000000000e+00	-inf	
7	2.000000000000000e-01	2.000000000000000e-01	1.959874138082229e-03	6.574830860475261e-03	-4.943103704135784e-16	-1.818989403545857e-18	2.957834693272139e+05	1.575723783455010e+04	8.534704998557489e-03	3.790613398792502e+04	8.452596825754725e+03	8.627584830012509e+03	2.163490861312240e-17	-inf	
8	4.000000000000000e-01	2.000000000000000e-01	1.959874138082229e-03	6.574830860475261e-03	-5.923084245296244e-16	1.414264261256901e-16	2.957834693272139e+05	1.575723783455010e+04	8.534704998557489e-03	3.790613398792502e+04	8.452596825754725e+03	8.627584830012509e+03	2.665264074648913e-17	-inf	
9	5.999999999999999e-01	2.000000000000000e-01	1.959874138082229e-03	6.574830860475261e-03	0.000000000000000e+00	4.818048182642187e-16	2.957834693272139e+05	1.575723783455010e+04	8.534704998557489e-03	3.790613398792502e+04	8.452596825754725e+03	8.627584830012509e+03	2.108742454359952e-17	-inf	
10	7.999999999999999e-01	2.000000000000000e-01	1.959874138082229e-03	6.574830860475261e-03	1.282387529499833e-16	-3.410605131648420e-16	2.957834693272139e+05	1.575723783455010e+04	8.534704998557489e-03	3.790613398792502e+04	8.452596825754725e+03	8.627584830012509e+03	1.594770568175564e-17	-inf	
11	1.000000000000000e+00	2.000000000000000e-01	1.959874138082230e-03	6.574830860475261e-03	2.228262019343668e-16	-1.066382537828751e-16	2.957834693272139e+05	1.575723783455010e+04	8.534704998557491e-03	3.790613398792507e+04	8.452596825754736e+03	8.627584830012509e+03	1.081184997220851e-17	-inf	
12	0.000000000000000e+00	3.999999999999999e-01	1.959874138082229e-03	6.574830860475261e-03	-1.268745108973262e-15	0.000000000000000e+00	2.957834693272139e+05	1.575723783455010e+04	8.534704998557489e-03	3.790613398792502e+04	8.452596825754725e+03	8.627584830012509e+03	5.552988624506152e-17	-inf	
13	2.000000000000000e-01	3.999999999999999e-01	1.959874138082229e-03	6.574830860475261e-03	4.283425047057003e-16	0.000000000000000e+00	2.957834693272139e+05	1.575723783455010e+04	8.534704998557489e-03	3.790613398792502e+04	8.452596825754725e+03	8.627584830012509e+03	1.874750916634552e-17	-inf	
14	3.999999999999999e-01	4.000000000000001e-01	1.959874138082230e-03	6.574830860475261e-03	1.209332955064500e-16	0.000000000000000e+00	2.957834693272139e+05	1.575723783455010e+04	8.534704998557491e-03	3.790613398792507e+04	8.452596825754736e+03	8.627584830012509e+03	5.292956083312945e-18	-inf	
15	6.000000000000001e-01	4.000000000000000e-01	1.959874138082230e-03	6.574830860475261e-03	-4.363300831755734e-16	-9.094947017729280e-19	2.957834693272139e+05	1.575723783455010e+04	8.534704998557491e-03	3.790613398792507e+04	8.452596825754736e+03	8.627584830012509e+03	1.909714752672372e-17	-inf	
16	8.000000000000000e-01	4.000000000000000e-01	1.959874138082229e-03	6.574830860475261e-03	-1.468833943363279e-16	0.000000000000000e+00	2.957834693272139e+05	1.575723783455010e+04	8.534704998557489e-03	3.790613398792502e+04	8.452596825754725e+03	8.627584830012509e+03	6.428728766005195e-18	-inf	
17	1.000000000000000e+00	4.000000000000000e-01	1.959874138082229e-03	6.574830860475261e-03	0.000000000000000e+00	0.000000000000000e+00	2.957834693272139e+05	1.575723783455010e+04	8.534704998557489e-03	3.790613398792502e+04	8.452596825754725e+03	8.627584830012509e+03	0.000000000000000e+00	-inf	
18	0.000000000000000e+00	6.000000000000000e-01	1.959874138082229e-03	6.574830860475261e-03	9.026734915096036e-16	1.396074367221442e-16	2.957834693272139e+05	1.575723783455010e+04	8.534704998557489e-03	3.790613398792502e+04	8.452596825754725e+03	8.627584830012509e+03	3.997753765761511e-17	-inf	
19	2.000000000000000e-01	6.000000000000000e-01	1.959874138082229e-03	6.574830860475261e-03	1.176443146435090e-17	1.818989403545857e-18	2.957834693272139e+05	1.575723783455010e+04	8.534704998557489e-03	3.790613398792502e+04	8.452596825754725e+03	8.627584830012509e+03	5.210189572862327e-19	-inf	
20	4.000000000000001e-01	6.000000000000002e-01	1.959874138082229e-03	6.574830860475261e-03	0.000000000000000e+00	-1.414264261256902e-16	2.957834693272139e+05	1.575723783455010e+04	8.534704998557489e-03	3.790613398792502e+04	8.452596825754725e+03	8.627584830012509e+03	6.189890545596327e-18	-inf	
21	6.000000000000000e-01	6.000000000000001e-01	1.959874138082229e-03	6.574830860475261e-03	-1.176443146435052e-17	-1.446096575818958e-16	2.957834693272139e+05	1.575723783455010e+04	8.534704998557489e-03	3.790613398792502e+04	8.452596825754725e+03	8.627584830012509e+03	6.350122656299504e-18	-inf	
22	8.000000000000000e-01	6.000000000000001e-01	1.959874138082229e-03	6.574830860475261e-03	1.477928890381007e-16	-9.094947017729286e-19	2.957834693272139e+05	1.575723783455010e+04	8.534704998557489e-03	3.790613398792502e+04	8.452596825754725e+03	8.627584830012509e+03	6.468657616052438e-18	-inf	
23	1.000000000000000e+00	6.000000000000001e-01	1.959874138082230e-03	6.574830860475261e-03	8.735696610529197e-16	-9.094947017729280e-19	2.957834693272139e+05	1.575723783455010e+04	8.534704998557491e-03	3.790613398792507e+04	8.452596825754736e+03	8.627584830012509e+03	3.823403917213912e-17	-inf	
24	0.000000000000000e+00	8.000000000000000e-01	1.959874138082230e-03	6.574830860475261e-03	-2.019078237935912e-16	0.000000000000000e+00	2.957834693272139e+05	1.575723783455010e+04	8.534704998557491e-03	3.790613398792507e+04	8.452596825754736e+03	8.627584830012509e+03	8.837014155127925e-18	-inf	
25	2.000000000000000e-01	8.000000000000000e-01	1.959874138082229e-03	6.574830860475261e-03	-1.446096575818958e-16	4.934008757118053e-16	2.957834693272139e+05	1.575723783455010e+04	8.534704998557489e-03	3.790613398792502e+04	8.452596825754725e+03	8.627584830012509e+03	2.250335640623247e-17	-inf	
26	3.999999999999999e-01	8.000000000000000e-01	1.959874138082229e-03	6.574830860475261e-03	-9.094947017729284e-19	0.000000000000000e+00	2.957834693272139e+05	1.575723783455010e+04	8.534704998557489e-03	3.790613398792502e+04	8.452596825754725e+03	8.627584830012509e+03	3.980637006814363e-20	-inf	
27	6.000000000000000e-01	8.000000000000000e-01	1.959874138082229e-03	6.574830860475261e-03	0.000000000000000e+00	-5.763922672485960e-16	2.957834693272139e+05	1.575723783455010e+04	8.534704998557489e-03	3.790613398792502e+04	8.452596825754725e+03	8.627584830012509e+03	2.522728703068613e-17	-inf	
28	8.000000000000000e-01	8.000000000000000e-01	1.959874138082229e-03	6.574830860475261e-03	0.000000000000000e+00	1.384705683449277e-16	2.957834693272139e+05	1.575723783455010e+04	8.534704998557489e-03	3.790613398792502e+04	8.452596825754725e+03	8.627584830012509e+03	6.060519842874837e-18	-inf	
29	1.000000000000000e+00	8.000000000000000e-01	1.959874138082229e-03	6.574830860475261e-03	-6.762093107681604e-16	-1.264197635464382e-16	2.957834693272139e+05	1.575723783455010e+04	8.534704998557489e-03	3.790613398792502e+04	8.452596825754725e+03	8.627584830012509e+03	3.010880917631853e-17	-inf	
30	0.000000000000000e+00	1.000000000000000e+00	1.959874138082229e-03	6.574830860475261e-03	1.818989403545857e-18	-2.810338628478346e-16	2.957834693272139e+05	1.575723783455010e+04	8.534704998557489e-03	3.790613398792502e+04	8.452596825754725e+03	8.627584830012509e+03	1.230042599476622e-17	-inf	
31	2.000000000000000e-01	1.000000000000000e+00	1.959874138082229e-03	6.574830860475261e-03	0.000000000000000e+00	0.000000000000000e+00	2.957834693272139e+05	1.575723783455010e+04	8.534704998557489e-03	3.790613398792502e+04	8.452596825754725e+03	8.627584830012509e+03	0.000000000000000e+00	-inf	
32	3.999999999999999e-01	1.000000000000000e+00	1.959874138082229e-03	6.574830860475261e-03	0.000000000000000e+00	0.000000000000000e+00	2.957834693272139e+05	1.575723783455010e+04	8.534704998557489e-03	3.790613398792502e+04	8.452596825754725e+03	8.627584830012509e+03	0.000000000000000e+00	-inf	
33	6.000000000000000e-01	1.000000000000000e+00	1.959874138082229e-03	6.574830860475261e-03	1.491571310907599e-16	-4.242792783770784e-16	2.957834693272139e+05	1.575723783455010e+04	8.534704998557489e-03	3.790613398792502e+04	8.452596825754725e+03	8.627584830012509e+03	1.968376700344828e-17	-inf	
34	8.000000000000000e-01	1.000000000000000e+00	1.959874138082230e-03	6.574830860475261e-03	0.000000000000000e+00	2.232809492852487e-16	2.957834693272139e+05	1.575723783455010e+04	8.534704998557491e-03	3.790613398792507e+04	8.452596825754736e+03	8.627584830012509e+03	9.772463851729020e-18	-inf	
35	1.000000000000000e+00	1.000000000000000e+00	1.959874138082229e-03	6.574830860475261e-03	-2.964952727779738e-16	-7.685230229981223e-17	2.957834693272139e+05	1.575723783455010e+04	8.534704998557489e-03	3.790613398792502e+04	8.452596825754725e+03	8.627584830012509e+03	1.340572227833205e-17	-inf	
EXT_ITER= 6328
AOA= 0.000000000000000e+00
SIDESLIP_ANGLE= 0.000000000000000e+00
INITIAL_BCTHRUST= 4.000000000000000e+03
DCD_DCL_VALUE= 0.000000000000000e+00
DCMX_DCL_VALUE= 0.000000000000000e+00
DCMY_DCL_VALUE= 0.000000000000000e+00
DCMZ_DCL_VALUE= 0.000000000000000e+00
