"PointID"	"x"	"y"	"Density[0]"	"Density[1]"	"Momentum_x"	"Momentum_y"	"Energy"	"Electronic_Energy"	"Total_Density"	"Pressure"	"Temperature"	"Tve"	"Mach"	"C<sub>p</sub>"
0	0.000000000000000e+00	0.000000000000000e+00	1.905618104373479e-03	6.629086894184037e-03	0.000000000000000e+00	0.000000000000000e+00	2.957834693272139e+05	1.489292071027541e+04	8.534704998557515e-03	3.741077328518680e+04	8.312289384205871e+03	8.451679730233574e+03	0.000000000000000e+00	-inf	
1	2.000000000000000e-01	0.000000000000000e+00	1.905618104373479e-03	6.629086894184037e-03	0.000000000000000e+00	1.333773980150029e-15	2.957834693272139e+05	1.489292071027541e+04	8.534704998557515e-03	3.741077328518680e+04	8.312289384205871e+03	8.451679730233574e+03	5.873349290241303e-17	-inf	
2	4.000000000000000e-01	0.000000000000000e+00	1.905618104373479e-03	6.629086894184037e-03	0.000000000000000e+00	-1.056832843460135e-15	2.957834693272139e+05	1.489292071027541e+04	8.534704998557515e-03	3.741077328518680e+04	8.312289384205871e+03	8.451679730233574e+03	4.653823303961948e-17	-inf	
3	6.000000000000001e-01	0.000000000000000e+00	1.905618104373479e-03	6.629086894184037e-03	0.000000000000000e+00	-9.740688255987879e-16	2.957834693272139e+05	1.489292071027541e+04	8.534704998557515e-03	3.741077328518680e+04	8.312289384205871e+03	8.451679730233574e+03	4.289367262085359e-17	-inf	
4	8.000000000000000e-01	0.000000000000000e+00	1.905618104373479e-03	6.629086894184037e-03	3.137756721116605e-16	0.000000000000000e+00	2.957834693272139e+05	1.489292071027541e+04	8.534704998557515e-03	3.741077328518680e+04	8.312289384205871e+03	8.451679730233574e+03	1.381728949971501e-17	-inf	
5	1.000000000000000e+00	0.000000000000000e+00	1.905618104373479e-03	6.629086894184037e-03	5.884430720470850e-16	-1.068656274583188e-16	2.957834693272139e+05	1.489292071027541e+04	8.534704998557517e-03	3.741077328518685e+04	8.312289384205882e+03	8.451679730233574e+03	2.633626981254247e-17	-inf	
6	0.000000000000000e+00	2.000000000000000e-01	1.905618104373479e-03	6.629086894184037e-03	0.000000000000000e+00	0.000000000000000e+00	2.957834693272139e+05	1.489292071027541e+04	8.534704998557515e-03	3.741077328518680e+04	8.312289384205871e+03	8.451679730233574e+03	0.000000000000000e+00	-inf	
7	2.000000000000000e-01	2.000000000000000e-01	1.905618104373479e-03	6.629086894184037e-03	-6.443769962061315e-16	-1.818989403545857e-18	2.957834693272139e+05	1.489292071027541e+04	8.534704998557515e-03	3.741077328518680e+04	8.312289384205871e+03	8.451679730233574e+03	2.837561917338074e-17	-inf	
8	4.000000000000000e-01	2.000000000000000e-01	1.905618104373479e-03	6.629086894184037e-03	-6.659774953732413e-16	3.155946615152063e-16	2.957834693272139e+05	1.489292071027541e+04	8.534704998557515e-03	3.741077328518680e+04	8.312289384205871e+03	8.451679730233574e+03	3.245292836243307e-17	-inf	
9	5.999999999999999e-01	2.000000000000000e-01	1.905618104373479e-03	6.629086894184037e-03	0.000000000000000e+00	8.114966476568950e-16	2.957834693272139e+05	1.489292071027541e+04	8.534704998557515e-03	3.741077328518680e+04	8.312289384205871e+03	8.451679730233574e+03	3.573471465542233e-17	-inf	
10	7.999999999999999e-01	2.000000000000000e-01	1.905618104373479e-03	6.629086894184037e-03	2.980868885060777e-16	-4.918092599837025e-16	2.957834693272139e+05	1.489292071027541e+04	8.534704998557515e-03	3.741077328518680e+04	8.312289384205871e+03	8.451679730233574e+03	2.532455308292412e-17	-inf	
11	1.000000000000000e+00	2.000000000000000e-01	1.905618104373479e-03	6.629086894184037e-03	5.811671144329018e-16	-2.935394149972133e-16	2.957834693272139e+05	1.489292071027541e+04	8.534704998557517e-03	3.741077328518685e+04	8.312289384205882e+03	8.451679730233574e+03	2.867119870898275e-17	-inf	
12	0.000000000000000e+00	3.999999999999999e-01	1.905618104373479e-03	6.629086894184037e-03	-1.260559656657325e-15	0.000000000000000e+00	2.957834693272139e+05	1.489292071027541e+04	8.534704998557515e-03	3.741077328518680e+04	8.312289384205871e+03	8.451679730233574e+03	5.550945868581359e-17	-inf	
13	2.000000000000000e-01	3.999999999999999e-01	1.905618104373479e-03	6.629086894184037e-03	6.452379195019876e-16	0.000000000000000e+00	2.957834693272139e+05	1.489292071027541e+04	8.534704998557515e-03	3.741077328518680e+04	8.312289384205871e+03	8.451679730233574e+03	2.841341736264408e-17	-inf	
14	3.999999999999999e-01	4.000000000000001e-01	1.905618104373479e-03	6.629086894184037e-03	2.527909556869664e-16	0.000000000000000e+00	2.957834693272139e+05	1.489292071027541e+04	8.534704998557517e-03	3.741077328518685e+04	8.312289384205882e+03	8.451679730233574e+03	1.113179295937723e-17	-inf	
15	6.000000000000001e-01	4.000000000000000e-01	1.905618104373479e-03	6.629086894184037e-03	-7.667040335945779e-16	-9.094947017729280e-19	2.957834693272139e+05	1.489292071027541e+04	8.534704998557517e-03	3.741077328518685e+04	8.312289384205882e+03	8.451679730233574e+03	3.376227027120281e-17	-inf	
16	8.000000000000000e-01	4.000000000000000e-01	1.905618104373479e-03	6.629086894184037e-03	-3.215063770767303e-16	0.000000000000000e+00	2.957834693272139e+05	1.489292071027541e+04	8.534704998557515e-03	3.741077328518680e+04	8.312289384205871e+03	8.451679730233574e+03	1.415771547289639e-17	-inf	
17	1.000000000000000e+00	4.000000000000000e-01	1.905618104373479e-03	6.629086894184037e-03	0.000000000000000e+00	0.000000000000000e+00	2.957834693272139e+05	1.489292071027541e+04	8.534704998557515e-03	3.741077328518680e+04	8.312289384205871e+03	8.451679730233574e+03	0.000000000000000e+00	-inf	
18	0.000000000000000e+00	6.000000000000000e-01	1.905618104373479e-03	6.629086894184037e-03	1.056832843460135e-15	3.137756721116604e-16	2.957834693272139e+05	1.489292071027541e+04	8.534704998557515e-03	3.741077328518680e+04	8.312289384205871e+03	8.451679730233574e+03	4.854610822268726e-17	-inf	
19	2.000000000000000e-01	6.000000000000000e-01	1.905618104373479e-03	6.629086894184037e-03	1.650113549554220e-17	1.818989403545857e-18	2.957834693272139e+05	1.489292071027541e+04	8.534704998557515e-03	3.741077328518680e+04	8.312289384205871e+03	8.451679730233574e+03	7.310384117871603e-19	-inf	
20	4.000000000000001e-01	6.000000000000002e-01	1.905618104373479e-03	6.629086894184037e-03	0.000000000000000e+00	-3.155946615152064e-16	2.957834693272139e+05	1.489292071027541e+04	8.534704998557515e-03	3.741077328518680e+04	8.312289384205871e+03	8.451679730233574e+03	1.389738972869887e-17	-inf	
21	6.000000000000000e-01	6.000000000000001e-01	1.905618104373479e-03	6.629086894184037e-03	-1.650113549554179e-17	-3.262812242610386e-16	2.957834693272139e+05	1.489292071027541e+04	8.534704998557515e-03	3.741077328518680e+04	8.312289384205871e+03	8.451679730233574e+03	1.438634107113916e-17	-inf	
22	8.000000000000000e-01	6.000000000000001e-01	1.905618104373479e-03	6.629086894184037e-03	4.556568455882377e-16	-9.094947017729286e-19	2.957834693272139e+05	1.489292071027541e+04	8.534704998557515e-03	3.741077328518680e+04	8.312289384205871e+03	8.451679730233574e+03	2.006514733059005e-17	-inf	
23	1.000000000000000e+00	6.000000000000001e-01	1.905618104373479e-03	6.629086894184037e-03	1.267835614271461e-15	-9.094947017729280e-19	2.957834693272139e+05	1.489292071027541e+04	8.534704998557517e-03	3.741077328518685e+04	8.312289384205882e+03	8.451679730233574e+03	5.582987396692242e-17	-inf	
24	0.000000000000000e+00	8.000000000000000e-01	1.905618104373479e-03	6.629086894184037e-03	-5.525180313270563e-16	0.000000000000000e+00	2.957834693272139e+05	1.489292071027541e+04	8.534704998557517e-03	3.741077328518685e+04	8.312289384205882e+03	8.451679730233574e+03	2.433044455384607e-17	-inf	
25	2.000000000000000e-01	8.000000000000000e-01	1.905618104373479e-03	6.629086894184037e-03	-3.262812242610386e-16	6.434675015043584e-16	2.957834693272139e+05	1.489292071027541e+04	8.534704998557515e-03	3.741077328518680e+04	8.312289384205871e+03	8.451679730233574e+03	3.177006256214321e-17	-inf	
26	3.999999999999999e-01	8.000000000000000e-01	1.905618104373479e-03	6.629086894184037e-03	-9.094947017729284e-19	0.000000000000000e+00	2.957834693272139e+05	1.489292071027541e+04	8.534704998557515e-03	3.741077328518680e+04	8.312289384205871e+03	8.451679730233574e+03	4.005011449192754e-20	-inf	
27	6.000000000000000e-01	8.000000000000000e-01	1.905618104373479e-03	6.629086894184037e-03	0.000000000000000e+00	-6.514255801448726e-16	2.957834693272139e+05	1.489292071027541e+04	8.534704998557515e-03	3.741077328518680e+04	8.312289384205871e+03	8.451679730233574e+03	2.868589450484366e-17	-inf	
28	8.000000000000000e-01	8.000000000000000e-01	1.905618104373479e-03	6.629086894184037e-03	0.000000000000000e+00	3.083187039010220e-16	2.957834693272139e+05	1.489292071027541e+04	8.534704998557515e-03	3.741077328518680e+04	8.312289384205871e+03	8.451679730233574e+03	1.357698881276341e-17	-inf	
29	1.000000000000000e+00	8.000000000000000e-01	1.905618104373479e-03	6.629086894184037e-03	-9.722498361952418e-16	-3.005879989359544e-16	2.957834693272139e+05	1.489292071027541e+04	8.534704998557515e-03	3.741077328518680e+04	8.312289384205871e+03	8.451679730233574e+03	4.481304025348064e-17	-inf	
30	0.000000000000000e+00	1.000000000000000e+00	1.905618104373479e-03	6.629086894184037e-03	1.818989403545857e-18	-6.293703336268670e-16	2.957834693272139e+05	1.489292071027541e+04	8.534704998557515e-03	3.741077328518680e+04	8.312289384205871e+03	8.451679730233574e+03	2.771479497994815e-17	-inf	
31	2.000000000000000e-01	1.000000000000000e+00	1.905618104373479e-03	6.629086894184037e-03	0.000000000000000e+00	0.000000000000000e+00	2.957834693272139e+05	1.489292071027541e+04	8.534704998557515e-03	3.741077328518680e+04	8.312289384205871e+03	8.451679730233574e+03	0.000000000000000e+00	-inf	
32	3.999999999999999e-01	1.000000000000000e+00	1.905618104373479e-03	6.629086894184037e-03	0.000000000000000e+00	0.000000000000000e+00	2.957834693272139e+05	1.489292071027541e+04	8.534704998557515e-03	3.741077328518680e+04	8.312289384205871e+03	8.451679730233574e+03	0.000000000000000e+00	-inf	
33	6.000000000000000e-01	1.000000000000000e+00	1.905618104373479e-03	6.629086894184037e-03	3.237801138311623e-16	-7.244125299621216e-16	2.957834693272139e+05	1.489292071027541e+04	8.534704998557515e-03	3.741077328518680e+04	8.312289384205871e+03	8.451679730233574e+03	3.494124605994344e-17	-inf	
34	8.000000000000000e-01	1.000000000000000e+00	1.905618104373479e-03	6.629086894184037e-03	0.000000000000000e+00	4.256435204297243e-16	2.957834693272139e+05	1.489292071027541e+04	8.534704998557517e-03	3.741077328518685e+04	8.312289384205882e+03	8.451679730233574e+03	1.874345358222180e-17	-inf	
35	1.000000000000000e+00	1.000000000000000e+00	1.905618104373479e-03	6.629086894184037e-03	-6.457412382587786e-16	7.730704965069877e-17	2.957834693272139e+05	1.489292071027541e+04	8.534704998557515e-03	3.741077328518680e+04	8.312289384205871e+03	8.451679730233574e+03	2.863863243208809e-17	-inf	
EXT_ITER= 8020
AOA= 0.000000000000000e+00
SIDESLIP_ANGLE= 0.000000000000000e+00
INITIAL_BCTHRUST= 4.000000000000000e+03
DCD_DCL_VALUE= 0.000000000000000e+00
DCMX_DCL_VALUE= 0.000000000000000e+00
DCMY_DCL_VALUE= 0.000000000000000e+00
DCMZ_DCL_VALUE= 0.000000000000000e+00
