"PointID"	"x"	"y"	"Density[0]"	"Density[1]"	"Momentum_x"	"Momentum_y"	"Energy"	"Electronic_Energy"	"Total_Density"	"Pressure"	"Temperature"	"Tve"	"Mach"	"C<sub>p</sub>"
0	0.000000000000000e+00	0.000000000000000e+00	2.029082311972753e-03	6.505622686584726e-03	0.000000000000000e+00	0.000000000000000e+00	2.957834693272139e+05	1.692069528667868e+04	8.534704998557479e-03	3.849617705891271e+04	8.623669212844003e+03	8.861922904583062e+03	0.000000000000000e+00	-inf	
1	2.000000000000000e-01	0.000000000000000e+00	2.029082311972753e-03	6.505622686584726e-03	0.000000000000000e+00	9.817995305638588e-16	2.957834693272139e+05	1.692069528667868e+04	8.534704998557479e-03	3.849617705891271e+04	8.623669212844003e+03	8.861922904583062e+03	4.266619181251176e-17	-inf	
2	4.000000000000000e-01	0.000000000000000e+00	2.029082311972753e-03	6.505622686584726e-03	0.000000000000000e+00	-7.635208021383542e-16	2.957834693272139e+05	1.692069528667868e+04	8.534704998557479e-03	3.849617705891271e+04	8.623669212844003e+03	8.861922904583062e+03	3.318042429513974e-17	-inf	
3	6.000000000000001e-01	0.000000000000000e+00	2.029082311972753e-03	6.505622686584726e-03	0.000000000000000e+00	-3.997229214292087e-16	2.957834693272139e+05	1.692069528667868e+04	8.534704998557479e-03	3.849617705891271e+04	8.623669212844003e+03	8.861922904583062e+03	1.737081176618765e-17	-inf	
4	8.000000000000000e-01	0.000000000000000e+00	2.029082311972753e-03	6.505622686584726e-03	1.382431946694847e-16	0.000000000000000e+00	2.957834693272139e+05	1.692069528667868e+04	8.534704998557479e-03	3.849617705891271e+04	8.623669212844003e+03	8.861922904583062e+03	6.007652761002205e-18	-inf	
5	1.000000000000000e+00	0.000000000000000e+00	2.029082311972753e-03	6.505622686584726e-03	2.087290340568846e-16	2.291926648467805e-16	2.957834693272139e+05	1.692069528667868e+04	8.534704998557479e-03	3.849617705891272e+04	8.623669212844005e+03	8.861922904583062e+03	1.347150676432082e-17	-inf	
6	0.000000000000000e+00	2.000000000000000e-01	2.029082311972753e-03	6.505622686584726e-03	0.000000000000000e+00	0.000000000000000e+00	2.957834693272139e+05	1.692069528667868e+04	8.534704998557479e-03	3.849617705891271e+04	8.623669212844003e+03	8.861922904583062e+03	0.000000000000000e+00	-inf	
7	2.000000000000000e-01	2.000000000000000e-01	2.029082311972753e-03	6.505622686584726e-03	-3.858531272271550e-16	-1.818989403545857e-18	2.957834693272139e+05	1.692069528667868e+04	8.534704998557479e-03	3.849617705891271e+04	8.623669212844003e+03	8.861922904583062e+03	1.676825661173441e-17	-inf	
8	4.000000000000000e-01	2.000000000000000e-01	2.029082311972753e-03	6.505622686584726e-03	-4.899902705801564e-16	1.400621840730304e-16	2.957834693272139e+05	1.692069528667868e+04	8.534704998557479e-03	3.849617705891271e+04	8.623669212844003e+03	8.861922904583062e+03	2.214642477036741e-17	-inf	
9	5.999999999999999e-01	2.000000000000000e-01	2.029082311972753e-03	6.505622686584726e-03	0.000000000000000e+00	3.385594027349780e-16	2.957834693272139e+05	1.692069528667868e+04	8.534704998557479e-03	3.849617705891271e+04	8.623669212844003e+03	8.861922904583062e+03	1.471282065975733e-17	-inf	
10	7.999999999999999e-01	2.000000000000000e-01	2.029082311972753e-03	6.505622686584726e-03	1.225544110639023e-16	-2.548858901718643e-16	2.957834693272139e+05	1.692069528667868e+04	8.534704998557479e-03	3.849617705891271e+04	8.623669212844003e+03	8.861922904583062e+03	1.229048832316131e-17	-inf	
11	1.000000000000000e+00	2.000000000000000e-01	2.029082311972753e-03	6.505622686584726e-03	2.214619598817073e-16	-1.059561327565454e-16	2.957834693272139e+05	1.692069528667868e+04	8.534704998557479e-03	3.849617705891272e+04	8.623669212844005e+03	8.861922904583062e+03	1.066888980154285e-17	-inf	
12	0.000000000000000e+00	3.999999999999999e-01	2.029082311972753e-03	6.505622686584726e-03	-1.064563548425206e-15	0.000000000000000e+00	2.957834693272139e+05	1.692069528667868e+04	8.534704998557479e-03	3.849617705891271e+04	8.623669212844003e+03	8.861922904583062e+03	4.626287866284909e-17	-inf	
13	2.000000000000000e-01	3.999999999999999e-01	2.029082311972753e-03	6.505622686584726e-03	3.628127039425147e-16	0.000000000000000e+00	2.957834693272139e+05	1.692069528667868e+04	8.534704998557479e-03	3.849617705891271e+04	8.623669212844003e+03	8.861922904583062e+03	1.576679957214598e-17	-inf	
14	3.999999999999999e-01	4.000000000000001e-01	2.029082311972753e-03	6.505622686584726e-03	9.905924042836408e-17	0.000000000000000e+00	2.957834693272139e+05	1.692069528667868e+04	8.534704998557479e-03	3.849617705891272e+04	8.623669212844005e+03	8.861922904583062e+03	4.304830488654832e-18	-inf	
15	6.000000000000001e-01	4.000000000000000e-01	2.029082311972753e-03	6.505622686584726e-03	-2.839897206286008e-16	-9.094947017729280e-19	2.957834693272139e+05	1.692069528667868e+04	8.534704998557479e-03	3.849617705891272e+04	8.623669212844005e+03	8.861922904583062e+03	1.234144206933338e-17	-inf	
16	8.000000000000000e-01	4.000000000000000e-01	2.029082311972753e-03	6.505622686584726e-03	-1.443822839064523e-16	0.000000000000000e+00	2.957834693272139e+05	1.692069528667868e+04	8.534704998557479e-03	3.849617705891271e+04	8.623669212844003e+03	8.861922904583062e+03	6.274439972428307e-18	-inf	
17	1.000000000000000e+00	4.000000000000000e-01	2.029082311972753e-03	6.505622686584726e-03	0.000000000000000e+00	0.000000000000000e+00	2.957834693272139e+05	1.692069528667868e+04	8.534704998557479e-03	3.849617705891271e+04	8.623669212844003e+03	8.861922904583062e+03	0.000000000000000e+00	-inf	
18	0.000000000000000e+00	6.000000000000000e-01	2.029082311972753e-03	6.505622686584726e-03	7.635208021383542e-16	1.382431946694846e-16	2.957834693272139e+05	1.692069528667868e+04	8.534704998557479e-03	3.849617705891271e+04	8.623669212844003e+03	8.861922904583062e+03	3.371991174517331e-17	-inf	
19	2.000000000000000e-01	6.000000000000000e-01	2.029082311972753e-03	6.505622686584726e-03	-2.425297372675079e-17	1.818989403545857e-18	2.957834693272139e+05	1.692069528667868e+04	8.534704998557479e-03	3.849617705891271e+04	8.623669212844003e+03	8.861922904583062e+03	1.056924853066918e-18	-inf	
20	4.000000000000001e-01	6.000000000000002e-01	2.029082311972753e-03	6.505622686584726e-03	0.000000000000000e+00	-1.400621840730306e-16	2.957834693272139e+05	1.692069528667868e+04	8.534704998557479e-03	3.849617705891271e+04	8.623669212844003e+03	8.861922904583062e+03	6.086700823646975e-18	-inf	
21	6.000000000000000e-01	6.000000000000001e-01	2.029082311972753e-03	6.505622686584726e-03	2.425297372675109e-17	-1.405169314239174e-16	2.957834693272139e+05	1.692069528667868e+04	8.534704998557479e-03	3.849617705891271e+04	8.623669212844003e+03	8.861922904583062e+03	6.196751564866416e-18	-inf	
22	8.000000000000000e-01	6.000000000000001e-01	2.029082311972753e-03	6.505622686584726e-03	1.452917786082250e-16	-9.094947017729286e-19	2.957834693272139e+05	1.692069528667868e+04	8.534704998557479e-03	3.849617705891271e+04	8.623669212844003e+03	8.861922904583062e+03	6.314087708427187e-18	-inf	
23	1.000000000000000e+00	6.000000000000001e-01	2.029082311972753e-03	6.505622686584726e-03	5.688889359589746e-16	-9.094947017729280e-19	2.957834693272139e+05	1.692069528667868e+04	8.534704998557479e-03	3.849617705891272e+04	8.623669212844005e+03	8.861922904583062e+03	2.472231318608065e-17	-inf	
24	0.000000000000000e+00	8.000000000000000e-01	2.029082311972753e-03	6.505622686584726e-03	-1.787157088983815e-16	0.000000000000000e+00	2.957834693272139e+05	1.692069528667868e+04	8.534704998557479e-03	3.849617705891272e+04	8.623669212844005e+03	8.861922904583062e+03	7.766472154848318e-18	-inf	
25	2.000000000000000e-01	8.000000000000000e-01	2.029082311972753e-03	6.505622686584726e-03	-1.405169314239174e-16	3.849436325253821e-16	2.957834693272139e+05	1.692069528667868e+04	8.534704998557479e-03	3.849617705891271e+04	8.623669212844003e+03	8.861922904583062e+03	1.780823259863459e-17	-inf	
26	3.999999999999999e-01	8.000000000000000e-01	2.029082311972753e-03	6.505622686584726e-03	-9.094947017729284e-19	0.000000000000000e+00	2.957834693272139e+05	1.692069528667868e+04	8.534704998557479e-03	3.849617705891271e+04	8.623669212844003e+03	8.861922904583062e+03	3.952403132238307e-20	-inf	
27	6.000000000000000e-01	8.000000000000000e-01	2.029082311972753e-03	6.505622686584726e-03	0.000000000000000e+00	-4.461071512196068e-16	2.957834693272139e+05	1.692069528667868e+04	8.534704998557479e-03	3.849617705891271e+04	8.623669212844003e+03	8.861922904583062e+03	1.938653736362826e-17	-inf	
28	8.000000000000000e-01	8.000000000000000e-01	2.029082311972753e-03	6.505622686584726e-03	0.000000000000000e+00	1.380158209940411e-16	2.957834693272139e+05	1.692069528667868e+04	8.534704998557479e-03	3.849617705891271e+04	8.623669212844003e+03	8.861922904583062e+03	5.997771753171595e-18	-inf	
29	1.000000000000000e+00	8.000000000000000e-01	2.029082311972753e-03	6.505622686584726e-03	-3.979039320256628e-16	-1.230091584147894e-16	2.957834693272139e+05	1.692069528667868e+04	8.534704998557479e-03	3.849617705891271e+04	8.623669212844003e+03	8.861922904583062e+03	1.809919338386907e-17	-inf	
30	0.000000000000000e+00	1.000000000000000e+00	2.029082311972753e-03	6.505622686584726e-03	1.818989403545857e-18	-2.783053787425154e-16	2.957834693272139e+05	1.692069528667868e+04	8.534704998557479e-03	3.849617705891271e+04	8.623669212844003e+03	8.861922904583062e+03	1.209461190889251e-17	-inf	
31	2.000000000000000e-01	1.000000000000000e+00	2.029082311972753e-03	6.505622686584726e-03	0.000000000000000e+00	0.000000000000000e+00	2.957834693272139e+05	1.692069528667868e+04	8.534704998557479e-03	3.849617705891271e+04	8.623669212844003e+03	8.861922904583062e+03	0.000000000000000e+00	-inf	
32	3.999999999999999e-01	1.000000000000000e+00	2.029082311972753e-03	6.505622686584726e-03	0.000000000000000e+00	0.000000000000000e+00	2.957834693272139e+05	1.692069528667868e+04	8.534704998557479e-03	3.849617705891271e+04	8.623669212844003e+03	8.861922904583062e+03	0.000000000000000e+00	-inf	
33	6.000000000000000e-01	1.000000000000000e+00	2.029082311972753e-03	6.505622686584726e-03	1.466560206608841e-16	-2.673914423212444e-16	2.957834693272139e+05	1.692069528667868e+04	8.534704998557479e-03	3.849617705891271e+04	8.623669212844003e+03	8.861922904583062e+03	1.325308385491850e-17	-inf	
34	8.000000000000000e-01	1.000000000000000e+00	2.029082311972753e-03	6.505622686584726e-03	0.000000000000000e+00	4.647517926059628e-16	2.957834693272139e+05	1.692069528667868e+04	8.534704998557479e-03	3.849617705891272e+04	8.623669212844005e+03	8.861922904583062e+03	2.019678000573758e-17	-inf	
35	1.000000000000000e+00	1.000000000000000e+00	2.029082311972753e-03	6.505622686584726e-03	-2.914930519182224e-16	-2.396518539171694e-16	2.957834693272139e+05	1.692069528667868e+04	8.534704998557479e-03	3.849617705891271e+04	8.623669212844003e+03	8.861922904583062e+03	1.639902023505473e-17	-inf	
EXT_ITER= 4739
AOA= 0.000000000000000e+00
SIDESLIP_ANGLE= 0.000000000000000e+00
INITIAL_BCTHRUST= 4.000000000000000e+03
DCD_DCL_VALUE= 0.000000000000000e+00
DCMX_DCL_VALUE= 0.000000000000000e+00
DCMY_DCL_VALUE= 0.000000000000000e+00
DCMZ_DCL_VALUE= 0.000000000000000e+00
