"PointID"	"x"	"y"	"Density[0]"	"Density[1]"	"Momentum_x"	"Momentum_y"	"Energy"	"Electronic_Energy"	"Total_Density"	"Pressure"	"Temperature"	"Tve"	"Mach"	"C<sub>p</sub>"
0	0.000000000000000e+00	0.000000000000000e+00	2.073802477900456e-03	6.460902520657024e-03	0.000000000000000e+00	0.000000000000000e+00	2.957834693272139e+05	1.772803210215734e+04	8.534704998557480e-03	3.884094215481675e+04	8.726849282803783e+03	9.022849923869822e+03	0.000000000000000e+00	-inf	
1	2.000000000000000e-01	0.000000000000000e+00	2.073802477900456e-03	6.460902520657024e-03	0.000000000000000e+00	8.521965355612072e-16	2.957834693272139e+05	1.772803210215734e+04	8.534704998557480e-03	3.884094215481675e+04	8.726849282803783e+03	9.022849923869822e+03	3.688375002028997e-17	-inf	
2	4.000000000000000e-01	0.000000000000000e+00	2.073802477900456e-03	6.460902520657024e-03	0.000000000000000e+00	-6.984919309615953e-16	2.957834693272139e+05	1.772803210215734e+04	8.534704998557480e-03	3.884094215481675e+04	8.726849282803783e+03	9.022849923869822e+03	3.023129137202030e-17	-inf	
3	6.000000000000001e-01	0.000000000000000e+00	2.073802477900456e-03	6.460902520657024e-03	0.000000000000000e+00	-2.478373062331260e-16	2.957834693272139e+05	1.772803210215734e+04	8.534704998557480e-03	3.884094215481675e+04	8.726849282803783e+03	9.022849923869822e+03	1.072659752457786e-17	-inf	
4	8.000000000000000e-01	0.000000000000000e+00	2.073802477900456e-03	6.460902520657024e-03	1.225544110639015e-16	0.000000000000000e+00	2.957834693272139e+05	1.772803210215734e+04	8.534704998557480e-03	3.884094215481675e+04	8.726849282803783e+03	9.022849923869822e+03	5.304253271327860e-18	-inf	
5	1.000000000000000e+00	0.000000000000000e+00	2.073802477900456e-03	6.460902520657024e-03	1.923581294249719e-16	3.710738383233608e-16	2.957834693272139e+05	1.772803210215733e+04	8.534704998557480e-03	3.884094215481670e+04	8.726849282803772e+03	9.022849923869819e+03	1.809000056149765e-17	-inf	
6	0.000000000000000e+00	2.000000000000000e-01	2.073802477900456e-03	6.460902520657024e-03	0.000000000000000e+00	0.000000000000000e+00	2.957834693272139e+05	1.772803210215734e+04	8.534704998557480e-03	3.884094215481675e+04	8.726849282803783e+03	9.022849923869822e+03	0.000000000000000e+00	-inf	
7	2.000000000000000e-01	2.000000000000000e-01	2.073802477900456e-03	6.460902520657024e-03	-3.503828338580138e-16	-1.818989403545857e-18	2.957834693272139e+05	1.772803210215734e+04	8.534704998557480e-03	3.884094215481675e+04	8.726849282803783e+03	9.022849923869822e+03	1.516505461428557e-17	-inf	
8	4.000000000000000e-01	2.000000000000000e-01	2.073802477900456e-03	6.460902520657024e-03	-4.251887730788308e-16	1.243734004674473e-16	2.957834693272139e+05	1.772803210215734e+04	8.534704998557480e-03	3.884094215481675e+04	8.726849282803783e+03	9.022849923869822e+03	1.917365129622010e-17	-inf	
9	5.999999999999999e-01	2.000000000000000e-01	2.073802477900456e-03	6.460902520657024e-03	0.000000000000000e+00	2.546585164964225e-16	2.957834693272139e+05	1.772803210215734e+04	8.534704998557480e-03	3.884094215481675e+04	8.726849282803783e+03	9.022849923869822e+03	1.102182497938273e-17	-inf	
10	7.999999999999999e-01	2.000000000000000e-01	2.073802477900456e-03	6.460902520657024e-03	1.139142113970595e-16	-2.223714545834848e-16	2.957834693272139e+05	1.772803210215734e+04	8.534704998557480e-03	3.884094215481675e+04	8.726849282803783e+03	9.022849923869822e+03	1.081375086901808e-17	-inf	
11	1.000000000000000e+00	2.000000000000000e-01	2.073802477900456e-03	6.460902520657024e-03	2.032720658462486e-16	-9.686118573881604e-17	2.957834693272139e+05	1.772803210215733e+04	8.534704998557480e-03	3.884094215481670e+04	8.726849282803772e+03	9.022849923869819e+03	9.745547271287670e-18	-inf	
12	0.000000000000000e+00	3.999999999999999e-01	2.073802477900456e-03	6.460902520657024e-03	-9.276845958083624e-16	0.000000000000000e+00	2.957834693272139e+05	1.772803210215734e+04	8.534704998557480e-03	3.884094215481675e+04	8.726849282803783e+03	9.022849923869822e+03	4.015093385346419e-17	-inf	
13	2.000000000000000e-01	3.999999999999999e-01	2.073802477900456e-03	6.460902520657024e-03	3.114377659150075e-16	0.000000000000000e+00	2.957834693272139e+05	1.772803210215734e+04	8.534704998557480e-03	3.884094215481675e+04	8.726849282803783e+03	9.022849923869822e+03	1.347927646446257e-17	-inf	
14	3.999999999999999e-01	4.000000000000001e-01	2.073802477900456e-03	6.460902520657024e-03	8.292722209455810e-17	0.000000000000000e+00	2.957834693272139e+05	1.772803210215733e+04	8.534704998557480e-03	3.884094215481670e+04	8.726849282803772e+03	9.022849923869819e+03	3.589156728498655e-18	-inf	
15	6.000000000000001e-01	4.000000000000000e-01	2.073802477900456e-03	6.460902520657024e-03	-2.041815605480245e-16	-9.094947017729280e-19	2.957834693272139e+05	1.772803210215733e+04	8.534704998557480e-03	3.884094215481670e+04	8.726849282803772e+03	9.022849923869819e+03	8.837229483014459e-18	-inf	
16	8.000000000000000e-01	4.000000000000000e-01	2.073802477900456e-03	6.460902520657024e-03	-1.302851160289717e-16	0.000000000000000e+00	2.957834693272139e+05	1.772803210215734e+04	8.534704998557480e-03	3.884094215481675e+04	8.726849282803783e+03	9.022849923869822e+03	5.638844386773416e-18	-inf	
17	1.000000000000000e+00	4.000000000000000e-01	2.073802477900456e-03	6.460902520657024e-03	0.000000000000000e+00	0.000000000000000e+00	2.957834693272139e+05	1.772803210215734e+04	8.534704998557480e-03	3.884094215481675e+04	8.726849282803783e+03	9.022849923869822e+03	0.000000000000000e+00	-inf	
18	0.000000000000000e+00	6.000000000000000e-01	2.073802477900456e-03	6.460902520657024e-03	6.984919309615953e-16	1.225544110639014e-16	2.957834693272139e+05	1.772803210215734e+04	8.534704998557480e-03	3.884094215481675e+04	8.726849282803783e+03	9.022849923869822e+03	3.069309500174887e-17	-inf	
19	2.000000000000000e-01	6.000000000000000e-01	2.073802477900456e-03	6.460902520657024e-03	-4.128297413966633e-17	1.818989403545857e-18	2.957834693272139e+05	1.772803210215734e+04	8.534704998557480e-03	3.884094215481675e+04	8.726849282803783e+03	9.022849923869822e+03	1.788493834507902e-18	-inf	
20	4.000000000000001e-01	6.000000000000002e-01	2.073802477900456e-03	6.460902520657024e-03	0.000000000000000e+00	-1.243734004674475e-16	2.957834693272139e+05	1.772803210215734e+04	8.534704998557480e-03	3.884094215481675e+04	8.726849282803783e+03	9.022849923869822e+03	5.382980592609170e-18	-inf	
21	6.000000000000000e-01	6.000000000000001e-01	2.073802477900456e-03	6.460902520657024e-03	4.128297413966656e-17	-1.325588527834041e-16	2.957834693272139e+05	1.772803210215734e+04	8.534704998557480e-03	3.884094215481675e+04	8.726849282803783e+03	9.022849923869822e+03	6.009042383654298e-18	-inf	
22	8.000000000000000e-01	6.000000000000001e-01	2.073802477900456e-03	6.460902520657024e-03	1.311946107307444e-16	-9.094947017729286e-19	2.957834693272139e+05	1.772803210215734e+04	8.534704998557480e-03	3.884094215481675e+04	8.726849282803783e+03	9.022849923869822e+03	5.678344488272687e-18	-inf	
23	1.000000000000000e+00	6.000000000000001e-01	2.073802477900456e-03	6.460902520657024e-03	4.092726157978219e-16	-9.094947017729280e-19	2.957834693272139e+05	1.772803210215733e+04	8.534704998557480e-03	3.884094215481670e+04	8.726849282803772e+03	9.022849923869819e+03	1.771369102564040e-17	-inf	
24	0.000000000000000e+00	8.000000000000000e-01	2.073802477900456e-03	6.460902520657024e-03	-1.587068254593770e-16	0.000000000000000e+00	2.957834693272139e+05	1.772803210215733e+04	8.534704998557480e-03	3.884094215481670e+04	8.726849282803772e+03	9.022849923869819e+03	6.868958781793859e-18	-inf	
25	2.000000000000000e-01	8.000000000000000e-01	2.073802477900456e-03	6.460902520657024e-03	-1.325588527834041e-16	3.494733391562409e-16	2.957834693272139e+05	1.772803210215734e+04	8.534704998557480e-03	3.884094215481675e+04	8.726849282803783e+03	9.022849923869822e+03	1.617703381605477e-17	-inf	
26	3.999999999999999e-01	8.000000000000000e-01	2.073802477900456e-03	6.460902520657024e-03	-9.094947017729284e-19	0.000000000000000e+00	2.957834693272139e+05	1.772803210215734e+04	8.534704998557480e-03	3.884094215481675e+04	8.726849282803783e+03	9.022849923869822e+03	3.936366064065221e-20	-inf	
27	6.000000000000000e-01	8.000000000000000e-01	2.073802477900456e-03	6.460902520657024e-03	0.000000000000000e+00	-3.701643436215732e-16	2.957834693272139e+05	1.772803210215734e+04	8.534704998557480e-03	3.884094215481675e+04	8.726849282803783e+03	9.022849923869822e+03	1.602100988074508e-17	-inf	
28	8.000000000000000e-01	8.000000000000000e-01	2.073802477900456e-03	6.460902520657024e-03	0.000000000000000e+00	1.223270373884580e-16	2.957834693272139e+05	1.772803210215734e+04	8.534704998557480e-03	3.884094215481675e+04	8.726849282803783e+03	9.022849923869822e+03	5.294412356167682e-18	-inf	
29	1.000000000000000e+00	8.000000000000000e-01	2.073802477900456e-03	6.460902520657024e-03	-2.460183168295801e-16	-1.143689587479465e-16	2.957834693272139e+05	1.772803210215734e+04	8.534704998557480e-03	3.884094215481675e+04	8.726849282803783e+03	9.022849923869822e+03	1.174220784561838e-17	-inf	
30	0.000000000000000e+00	1.000000000000000e+00	2.073802477900456e-03	6.460902520657024e-03	1.818989403545857e-18	-2.469278115313492e-16	2.957834693272139e+05	1.772803210215734e+04	8.534704998557480e-03	3.884094215481675e+04	8.726849282803783e+03	9.022849923869822e+03	1.068752383172074e-17	-inf	
31	2.000000000000000e-01	1.000000000000000e+00	2.073802477900456e-03	6.460902520657024e-03	0.000000000000000e+00	0.000000000000000e+00	2.957834693272139e+05	1.772803210215734e+04	8.534704998557480e-03	3.884094215481675e+04	8.726849282803783e+03	9.022849923869822e+03	0.000000000000000e+00	-inf	
32	3.999999999999999e-01	1.000000000000000e+00	2.073802477900456e-03	6.460902520657024e-03	0.000000000000000e+00	0.000000000000000e+00	2.957834693272139e+05	1.772803210215734e+04	8.534704998557480e-03	3.884094215481675e+04	8.726849282803783e+03	9.022849923869822e+03	0.000000000000000e+00	-inf	
33	6.000000000000000e-01	1.000000000000000e+00	2.073802477900456e-03	6.460902520657024e-03	1.325588527834035e-16	-2.023625711444785e-16	2.957834693272139e+05	1.772803210215734e+04	8.534704998557480e-03	3.884094215481675e+04	8.726849282803783e+03	9.022849923869822e+03	1.047023889826887e-17	-inf	
34	8.000000000000000e-01	1.000000000000000e+00	2.073802477900456e-03	6.460902520657024e-03	0.000000000000000e+00	5.970832717139307e-16	2.957834693272139e+05	1.772803210215733e+04	8.534704998557480e-03	3.884094215481670e+04	8.726849282803772e+03	9.022849923869819e+03	2.584224321058833e-17	-inf	
35	1.000000000000000e+00	1.000000000000000e+00	2.073802477900456e-03	6.460902520657024e-03	-2.632987161632611e-16	-3.692548489198148e-16	2.957834693272139e+05	1.772803210215734e+04	8.534704998557480e-03	3.884094215481675e+04	8.726849282803783e+03	9.022849923869822e+03	1.962846942937094e-17	-inf	
EXT_ITER= 3961
AOA= 0.000000000000000e+00
SIDESLIP_ANGLE= 0.000000000000000e+00
INITIAL_BCTHRUST= 4.000000000000000e+03
DCD_DCL_VALUE= 0.000000000000000e+00
DCMX_DCL_VALUE= 0.000000000000000e+00
DCMY_DCL_VALUE= 0.000000000000000e+00
DCMZ_DCL_VALUE= 0.000000000000000e+00
