"PointID"	"x"	"y"	"Density[0]"	"Density[1]"	"Momentum_x"	"Momentum_y"	"Energy"	"Electronic_Energy"	"Total_Density"	"Pressure"	"Temperature"	"Tve"	"Mach"	"C<sub>p</sub>"
0	0.000000000000000e+00	0.000000000000000e+00	2.485679662625655e-03	6.049025335931837e-03	0.000000000000000e+00	0.000000000000000e+00	2.957834693272139e+05	2.856797912350823e+04	8.534704998557491e-03	3.988806946834407e+04	9.215229954525903e+03	1.109620290578791e+04	0.000000000000000e+00	-inf	
1	2.000000000000000e-01	0.000000000000000e+00	2.485679662625655e-03	6.049025335931837e-03	0.000000000000000e+00	2.205524651799375e-16	2.957834693272139e+05	2.856797912350823e+04	8.534704998557491e-03	3.988806946834407e+04	9.215229954525903e+03	1.109620290578791e+04	9.454104282353479e-18	-inf	
2	4.000000000000000e-01	0.000000000000000e+00	2.485679662625655e-03	6.049025335931837e-03	0.000000000000000e+00	-1.705302565824253e-16	2.957834693272139e+05	2.856797912350823e+04	8.534704998557491e-03	3.988806946834407e+04	9.215229954525903e+03	1.109620290578791e+04	7.309874445118639e-18	-inf	
3	6.000000000000001e-01	0.000000000000000e+00	2.485679662625655e-03	6.049025335931837e-03	0.000000000000000e+00	-9.003997547551973e-17	2.957834693272139e+05	2.856797912350823e+04	8.534704998557491e-03	3.988806946834407e+04	9.215229954525903e+03	1.109620290578791e+04	3.859613707022607e-18	-inf	
4	8.000000000000000e-01	0.000000000000000e+00	2.485679662625655e-03	6.049025335931837e-03	3.292370820417999e-16	0.000000000000000e+00	2.957834693272139e+05	2.856797912350823e+04	8.534704998557491e-03	3.988806946834407e+04	9.215229954525903e+03	1.109620290578791e+04	1.411293092870895e-17	-inf	
5	1.000000000000000e+00	0.000000000000000e+00	2.485679662625655e-03	6.049025335931837e-03	6.389200279954809e-16	4.229150363244109e-17	2.957834693272139e+05	2.856797912350824e+04	8.534704998557492e-03	3.988806946834409e+04	9.215229954525907e+03	1.109620290578792e+04	2.744759554632443e-17	-inf	
6	0.000000000000000e+00	2.000000000000000e-01	2.485679662625655e-03	6.049025335931837e-03	0.000000000000000e+00	0.000000000000000e+00	2.957834693272139e+05	2.856797912350823e+04	8.534704998557491e-03	3.988806946834407e+04	9.215229954525903e+03	1.109620290578791e+04	0.000000000000000e+00	-inf	
7	2.000000000000000e-01	2.000000000000000e-01	2.485679662625655e-03	6.049025335931837e-03	-1.007265382213528e-16	-1.818989403545857e-18	2.957834693272139e+05	2.856797912350823e+04	8.534704998557491e-03	3.988806946834407e+04	9.215229954525903e+03	1.109620290578791e+04	4.318403150923974e-18	-inf	
8	4.000000000000000e-01	2.000000000000000e-01	2.485679662625655e-03	6.049025335931837e-03	-1.093667378881958e-16	3.310560714453456e-16	2.957834693272139e+05	2.856797912350823e+04	8.534704998557491e-03	3.988806946834407e+04	9.215229954525903e+03	1.109620290578791e+04	1.494522298046606e-17	-inf	
9	5.999999999999999e-01	2.000000000000000e-01	2.485679662625655e-03	6.049025335931837e-03	0.000000000000000e+00	3.719833330251277e-16	2.957834693272139e+05	2.856797912350823e+04	8.534704998557491e-03	3.988806946834407e+04	9.215229954525903e+03	1.109620290578791e+04	1.594527278961868e-17	-inf	
10	7.999999999999999e-01	2.000000000000000e-01	2.485679662625655e-03	6.049025335931837e-03	3.237801138311622e-16	-6.752998160664010e-17	2.957834693272139e+05	2.856797912350823e+04	8.534704998557491e-03	3.988806946834407e+04	9.215229954525903e+03	1.109620290578791e+04	1.417767271067033e-17	-inf	
11	1.000000000000000e+00	2.000000000000000e-01	2.485679662625655e-03	6.049025335931837e-03	6.421032594516871e-16	-3.196873876731842e-16	2.957834693272139e+05	2.856797912350824e+04	8.534704998557492e-03	3.988806946834409e+04	9.215229954525907e+03	1.109620290578792e+04	3.074678675029763e-17	-inf	
12	0.000000000000000e+00	3.999999999999999e-01	2.485679662625655e-03	6.049025335931837e-03	-2.642082108650391e-16	0.000000000000000e+00	2.957834693272139e+05	2.856797912350823e+04	8.534704998557491e-03	3.988806946834407e+04	9.215229954525903e+03	1.109620290578791e+04	1.132543214030388e-17	-inf	
13	2.000000000000000e-01	3.999999999999999e-01	2.485679662625655e-03	6.049025335931837e-03	4.066994329601188e-16	0.000000000000000e+00	2.957834693272139e+05	2.856797912350823e+04	8.534704998557491e-03	3.988806946834407e+04	9.215229954525903e+03	1.109620290578791e+04	1.743339775251239e-17	-inf	
14	3.999999999999999e-01	4.000000000000001e-01	2.485679662625655e-03	6.049025335931837e-03	2.975600687473673e-16	0.000000000000000e+00	2.957834693272139e+05	2.856797912350824e+04	8.534704998557492e-03	3.988806946834409e+04	9.215229954525907e+03	1.109620290578792e+04	1.275507810763648e-17	-inf	
15	6.000000000000001e-01	4.000000000000000e-01	2.485679662625655e-03	6.049025335931837e-03	-3.574314177967607e-16	-9.094947017729280e-19	2.957834693272139e+05	2.856797912350824e+04	8.534704998557492e-03	3.988806946834409e+04	9.215229954525907e+03	1.109620290578792e+04	1.532154643739340e-17	-inf	
16	8.000000000000000e-01	4.000000000000000e-01	2.485679662625655e-03	6.049025335931837e-03	-3.287823346909138e-16	0.000000000000000e+00	2.957834693272139e+05	2.856797912350823e+04	8.534704998557491e-03	3.988806946834407e+04	9.215229954525903e+03	1.109620290578791e+04	1.409343793018865e-17	-inf	
17	1.000000000000000e+00	4.000000000000000e-01	2.485679662625655e-03	6.049025335931837e-03	0.000000000000000e+00	0.000000000000000e+00	2.957834693272139e+05	2.856797912350823e+04	8.534704998557491e-03	3.988806946834407e+04	9.215229954525903e+03	1.109620290578791e+04	0.000000000000000e+00	-inf	
18	0.000000000000000e+00	6.000000000000000e-01	2.485679662625655e-03	6.049025335931837e-03	1.705302565824253e-16	3.292370820417998e-16	2.957834693272139e+05	2.856797912350823e+04	8.534704998557491e-03	3.988806946834407e+04	9.215229954525903e+03	1.109620290578791e+04	1.589368062476115e-17	-inf	
19	2.000000000000000e-01	6.000000000000000e-01	2.485679662625655e-03	6.049025335931837e-03	-7.192728754386917e-18	1.818989403545857e-18	2.957834693272139e+05	2.856797912350823e+04	8.534704998557491e-03	3.988806946834407e+04	9.215229954525903e+03	1.109620290578791e+04	3.180268142763013e-19	-inf	
20	4.000000000000001e-01	6.000000000000002e-01	2.485679662625655e-03	6.049025335931837e-03	0.000000000000000e+00	-3.310560714453460e-16	2.957834693272139e+05	2.856797912350823e+04	8.534704998557491e-03	3.988806946834407e+04	9.215229954525903e+03	1.109620290578791e+04	1.419090292279022e-17	-inf	
21	6.000000000000000e-01	6.000000000000001e-01	2.485679662625655e-03	6.049025335931837e-03	7.192728754386814e-18	-3.287823346909136e-16	2.957834693272139e+05	2.856797912350823e+04	8.534704998557491e-03	3.988806946834407e+04	9.215229954525903e+03	1.109620290578791e+04	1.409681006876441e-17	-inf	
22	8.000000000000000e-01	6.000000000000001e-01	2.485679662625655e-03	6.049025335931837e-03	3.296918293926866e-16	-9.094947017729286e-19	2.957834693272139e+05	2.856797912350823e+04	8.534704998557491e-03	3.988806946834407e+04	9.215229954525903e+03	1.109620290578791e+04	1.413247770091599e-17	-inf	
23	1.000000000000000e+00	6.000000000000001e-01	2.485679662625655e-03	6.049025335931837e-03	7.157723302952942e-16	-9.094947017729280e-19	2.957834693272139e+05	2.856797912350824e+04	8.534704998557492e-03	3.988806946834409e+04	9.215229954525907e+03	1.109620290578792e+04	3.068200443970791e-17	-inf	
24	0.000000000000000e+00	8.000000000000000e-01	2.485679662625655e-03	6.049025335931837e-03	-6.275513442233201e-16	0.000000000000000e+00	2.957834693272139e+05	2.856797912350824e+04	8.534704998557492e-03	3.988806946834409e+04	9.215229954525907e+03	1.109620290578792e+04	2.690033795803638e-17	-inf	
25	2.000000000000000e-01	8.000000000000000e-01	2.485679662625655e-03	6.049025335931837e-03	-3.287823346909136e-16	9.981704351957983e-17	2.957834693272139e+05	2.856797912350823e+04	8.534704998557491e-03	3.988806946834407e+04	9.215229954525903e+03	1.109620290578791e+04	1.472862448186492e-17	-inf	
26	3.999999999999999e-01	8.000000000000000e-01	2.485679662625655e-03	6.049025335931837e-03	-9.094947017729284e-19	0.000000000000000e+00	2.957834693272139e+05	2.856797912350823e+04	8.534704998557491e-03	3.988806946834407e+04	9.215229954525903e+03	1.109620290578791e+04	3.898599704063248e-20	-inf	
27	6.000000000000000e-01	8.000000000000000e-01	2.485679662625655e-03	6.049025335931837e-03	0.000000000000000e+00	-8.481038094032615e-17	2.957834693272139e+05	2.856797912350823e+04	8.534704998557491e-03	3.988806946834407e+04	9.215229954525903e+03	1.109620290578791e+04	3.635444224039004e-18	-inf	
28	8.000000000000000e-01	8.000000000000000e-01	2.485679662625655e-03	6.049025335931837e-03	0.000000000000000e+00	3.331024345243351e-16	2.957834693272139e+05	2.856797912350823e+04	8.534704998557491e-03	3.988806946834407e+04	9.215229954525903e+03	1.109620290578791e+04	1.427862141613165e-17	-inf	
29	1.000000000000000e+00	8.000000000000000e-01	2.485679662625655e-03	6.049025335931837e-03	-8.822098607197387e-17	-3.251443558838215e-16	2.957834693272139e+05	2.856797912350823e+04	8.534704998557491e-03	3.988806946834407e+04	9.215229954525903e+03	1.109620290578791e+04	1.444141791615602e-17	-inf	
30	0.000000000000000e+00	1.000000000000000e+00	2.485679662625655e-03	6.049025335931837e-03	1.818989403545857e-18	-6.602931534871458e-16	2.957834693272139e+05	2.856797912350823e+04	8.534704998557491e-03	3.988806946834407e+04	9.215229954525903e+03	1.109620290578791e+04	2.830394125073629e-17	-inf	
31	2.000000000000000e-01	1.000000000000000e+00	2.485679662625655e-03	6.049025335931837e-03	0.000000000000000e+00	0.000000000000000e+00	2.957834693272139e+05	2.856797912350823e+04	8.534704998557491e-03	3.988806946834407e+04	9.215229954525903e+03	1.109620290578791e+04	0.000000000000000e+00	-inf	
32	3.999999999999999e-01	1.000000000000000e+00	2.485679662625655e-03	6.049025335931837e-03	0.000000000000000e+00	0.000000000000000e+00	2.957834693272139e+05	2.856797912350823e+04	8.534704998557491e-03	3.988806946834407e+04	9.215229954525903e+03	1.109620290578791e+04	0.000000000000000e+00	-inf	
33	6.000000000000000e-01	1.000000000000000e+00	2.485679662625655e-03	6.049025335931837e-03	3.310560714453459e-16	-8.731149137020095e-17	2.957834693272139e+05	2.856797912350823e+04	8.534704998557491e-03	3.988806946834407e+04	9.215229954525903e+03	1.109620290578791e+04	1.467614382499096e-17	-inf	
34	8.000000000000000e-01	1.000000000000000e+00	2.485679662625655e-03	6.049025335931837e-03	0.000000000000000e+00	6.375557859428235e-16	2.957834693272139e+05	2.856797912350824e+04	8.534704998557492e-03	3.988806946834409e+04	9.215229954525907e+03	1.109620290578792e+04	2.732918392548339e-17	-inf	
35	1.000000000000000e+00	1.000000000000000e+00	2.485679662625655e-03	6.049025335931837e-03	-6.602931534871459e-16	-3.228706191293889e-17	2.957834693272139e+05	2.856797912350823e+04	8.534704998557491e-03	3.988806946834407e+04	9.215229954525903e+03	1.109620290578791e+04	2.833765118541901e-17	-inf	
EXT_ITER= 994
AOA= 0.000000000000000e+00
SIDESLIP_ANGLE= 0.000000000000000e+00
INITIAL_BCTHRUST= 4.000000000000000e+03
DCD_DCL_VALUE= 0.000000000000000e+00
DCMX_DCL_VALUE= 0.000000000000000e+00
DCMY_DCL_VALUE= 0.000000000000000e+00
DCMZ_DCL_VALUE= 0.000000000000000e+00
