"PointID"	"x"	"y"	"Density[0]"	"Density[1]"	"Momentum_x"	"Momentum_y"	"Energy"	"Electronic_Energy"	"Total_Density"	"Pressure"	"Temperature"	"Tve"	"Mach"	"C<sub>p</sub>"
0	0.000000000000000e+00	0.000000000000000e+00	1.859513087314030e-03	6.675191911243473e-03	0.000000000000000e+00	0.000000000000000e+00	2.957834693272139e+05	1.418148785875468e+04	8.534704998557505e-03	3.697317510922241e+04	8.190157657823042e+03	8.304995646666956e+03	0.000000000000000e+00	-inf	
1	2.000000000000000e-01	0.000000000000000e+00	1.859513087314030e-03	6.675191911243473e-03	0.000000000000000e+00	1.508396962890454e-15	2.957834693272139e+05	1.418148785875468e+04	8.534704998557505e-03	3.697317510922241e+04	8.190157657823042e+03	8.304995646666956e+03	6.678829014712382e-17	-inf	
2	4.000000000000000e-01	0.000000000000000e+00	1.859513087314030e-03	6.675191911243473e-03	0.000000000000000e+00	-1.205080479849142e-15	2.957834693272139e+05	1.418148785875468e+04	8.534704998557505e-03	3.697317510922241e+04	8.190157657823042e+03	8.304995646666956e+03	5.335814558030563e-17	-inf	
3	6.000000000000001e-01	0.000000000000000e+00	1.859513087314030e-03	6.675191911243473e-03	0.000000000000000e+00	-1.253283699043117e-15	2.957834693272139e+05	1.418148785875468e+04	8.534704998557505e-03	3.697317510922241e+04	8.190157657823042e+03	8.304995646666956e+03	5.549247140351824e-17	-inf	
4	8.000000000000000e-01	0.000000000000000e+00	1.859513087314030e-03	6.675191911243473e-03	4.147295840084545e-16	0.000000000000000e+00	2.957834693272139e+05	1.418148785875468e+04	8.534704998557505e-03	3.697317510922241e+04	8.190157657823042e+03	8.304995646666956e+03	1.836325613933514e-17	-inf	
5	1.000000000000000e+00	0.000000000000000e+00	1.859513087314031e-03	6.675191911243473e-03	7.871676643844706e-16	-1.164153218269347e-16	2.957834693272139e+05	1.418148785875468e+04	8.534704998557505e-03	3.697317510922241e+04	8.190157657823042e+03	8.304995646666956e+03	3.523304206292529e-17	-inf	
6	0.000000000000000e+00	2.000000000000000e-01	1.859513087314030e-03	6.675191911243473e-03	0.000000000000000e+00	0.000000000000000e+00	2.957834693272139e+05	1.418148785875468e+04	8.534704998557505e-03	3.697317510922241e+04	8.190157657823042e+03	8.304995646666956e+03	0.000000000000000e+00	-inf	
7	2.000000000000000e-01	2.000000000000000e-01	1.859513087314030e-03	6.675191911243473e-03	-8.012648322619825e-16	-1.818989403545857e-18	2.957834693272139e+05	1.418148785875468e+04	8.534704998557505e-03	3.697317510922241e+04	8.190157657823042e+03	8.304995646666956e+03	3.547822444298762e-17	-inf	
8	4.000000000000000e-01	2.000000000000000e-01	1.859513087314030e-03	6.675191911243473e-03	-7.532889867434540e-16	4.165485734120003e-16	2.957834693272139e+05	1.418148785875468e+04	8.534704998557505e-03	3.697317510922241e+04	8.190157657823042e+03	8.304995646666956e+03	3.811370620343971e-17	-inf	
9	5.999999999999999e-01	2.000000000000000e-01	1.859513087314030e-03	6.675191911243473e-03	0.000000000000000e+00	1.060016074916344e-15	2.957834693272139e+05	1.418148785875468e+04	8.534704998557505e-03	3.697317510922241e+04	8.190157657823042e+03	8.304995646666956e+03	4.693503296139271e-17	-inf	
10	7.999999999999999e-01	2.000000000000000e-01	1.859513087314030e-03	6.675191911243473e-03	3.969944373238823e-16	-6.532445695484187e-16	2.957834693272139e+05	1.418148785875468e+04	8.534704998557505e-03	3.697317510922241e+04	8.190157657823042e+03	8.304995646666956e+03	3.384658852034475e-17	-inf	
11	1.000000000000000e+00	2.000000000000000e-01	1.859513087314031e-03	6.675191911243473e-03	7.821654435247198e-16	-3.892637323588135e-16	2.957834693272139e+05	1.418148785875468e+04	8.534704998557505e-03	3.697317510922241e+04	8.190157657823042e+03	8.304995646666956e+03	3.868431198902994e-17	-inf	
12	0.000000000000000e+00	3.999999999999999e-01	1.859513087314030e-03	6.675191911243473e-03	-1.253738446394048e-15	0.000000000000000e+00	2.957834693272139e+05	1.418148785875468e+04	8.534704998557505e-03	3.697317510922241e+04	8.190157657823042e+03	8.304995646666956e+03	5.551260655279579e-17	-inf	
13	2.000000000000000e-01	3.999999999999999e-01	1.859513087314030e-03	6.675191911243473e-03	7.968561822272290e-16	0.000000000000000e+00	2.957834693272139e+05	1.418148785875468e+04	8.534704998557505e-03	3.697317510922241e+04	8.190157657823042e+03	8.304995646666956e+03	3.528292830962604e-17	-inf	
14	3.999999999999999e-01	4.000000000000001e-01	1.859513087314031e-03	6.675191911243473e-03	3.177798480683344e-16	0.000000000000000e+00	2.957834693272139e+05	1.418148785875468e+04	8.534704998557505e-03	3.697317510922241e+04	8.190157657823042e+03	8.304995646666956e+03	1.407054854779511e-17	-inf	
15	6.000000000000001e-01	4.000000000000000e-01	1.859513087314031e-03	6.675191911243473e-03	-1.029093255056064e-15	-9.094947017729280e-19	2.957834693272139e+05	1.418148785875468e+04	8.534704998557505e-03	3.697317510922241e+04	8.190157657823042e+03	8.304995646666956e+03	4.556586060574366e-17	-inf	
16	8.000000000000000e-01	4.000000000000000e-01	1.859513087314030e-03	6.675191911243473e-03	-4.333742253948010e-16	0.000000000000000e+00	2.957834693272139e+05	1.418148785875468e+04	8.534704998557505e-03	3.697317510922241e+04	8.190157657823042e+03	8.304995646666956e+03	1.918879725963427e-17	-inf	
17	1.000000000000000e+00	4.000000000000000e-01	1.859513087314030e-03	6.675191911243473e-03	0.000000000000000e+00	0.000000000000000e+00	2.957834693272139e+05	1.418148785875468e+04	8.534704998557505e-03	3.697317510922241e+04	8.190157657823042e+03	8.304995646666956e+03	0.000000000000000e+00	-inf	
18	0.000000000000000e+00	6.000000000000000e-01	1.859513087314030e-03	6.675191911243473e-03	1.205080479849142e-15	4.147295840084544e-16	2.957834693272139e+05	1.418148785875468e+04	8.534704998557505e-03	3.697317510922241e+04	8.190157657823042e+03	8.304995646666956e+03	5.642960992074922e-17	-inf	
19	2.000000000000000e-01	6.000000000000000e-01	1.859513087314030e-03	6.675191911243473e-03	5.029985554579205e-17	1.818989403545857e-18	2.957834693272139e+05	1.418148785875468e+04	8.534704998557505e-03	3.697317510922241e+04	8.190157657823042e+03	8.304995646666956e+03	2.228615793488448e-18	-inf	
20	4.000000000000001e-01	6.000000000000002e-01	1.859513087314030e-03	6.675191911243473e-03	0.000000000000000e+00	-4.165485734120007e-16	2.957834693272139e+05	1.418148785875468e+04	8.534704998557505e-03	3.697317510922241e+04	8.190157657823042e+03	8.304995646666956e+03	1.844379673643750e-17	-inf	
21	6.000000000000000e-01	6.000000000000001e-01	1.859513087314030e-03	6.675191911243473e-03	-5.029985554579151e-17	-4.351932147983469e-16	2.957834693272139e+05	1.418148785875468e+04	8.534704998557505e-03	3.697317510922241e+04	8.190157657823042e+03	8.304995646666956e+03	1.939761900348255e-17	-inf	
22	8.000000000000000e-01	6.000000000000001e-01	1.859513087314030e-03	6.675191911243473e-03	8.342340152012152e-16	-9.094947017729286e-19	2.957834693272139e+05	1.418148785875468e+04	8.534704998557505e-03	3.697317510922241e+04	8.190157657823042e+03	8.304995646666956e+03	3.693795329770552e-17	-inf	
23	1.000000000000000e+00	6.000000000000001e-01	1.859513087314031e-03	6.675191911243473e-03	1.259195414604600e-15	-9.094947017729280e-19	2.957834693272139e+05	1.418148785875468e+04	8.534704998557505e-03	3.697317510922241e+04	8.190157657823042e+03	8.304995646666956e+03	5.575424288736134e-17	-inf	
24	0.000000000000000e+00	8.000000000000000e-01	1.859513087314031e-03	6.675191911243473e-03	-7.430571713484842e-16	0.000000000000000e+00	2.957834693272139e+05	1.418148785875468e+04	8.534704998557505e-03	3.697317510922241e+04	8.190157657823042e+03	8.304995646666956e+03	3.290083391630894e-17	-inf	
25	2.000000000000000e-01	8.000000000000000e-01	1.859513087314030e-03	6.675191911243473e-03	-4.351932147983469e-16	8.003553375602093e-16	2.957834693272139e+05	1.418148785875468e+04	8.534704998557505e-03	3.697317510922241e+04	8.190157657823042e+03	8.304995646666956e+03	4.033794114670993e-17	-inf	
26	3.999999999999999e-01	8.000000000000000e-01	1.859513087314030e-03	6.675191911243473e-03	-9.094947017729284e-19	0.000000000000000e+00	2.957834693272139e+05	1.418148785875468e+04	8.534704998557505e-03	3.697317510922241e+04	8.190157657823042e+03	8.304995646666956e+03	4.027029855117365e-20	-inf	
27	6.000000000000000e-01	8.000000000000000e-01	1.859513087314030e-03	6.675191911243473e-03	0.000000000000000e+00	-7.387370715150853e-16	2.957834693272139e+05	1.418148785875468e+04	8.534704998557505e-03	3.697317510922241e+04	8.190157657823042e+03	8.304995646666956e+03	3.270954999819186e-17	-inf	
28	8.000000000000000e-01	8.000000000000000e-01	1.859513087314030e-03	6.675191911243473e-03	0.000000000000000e+00	4.072262527188266e-16	2.957834693272139e+05	1.418148785875468e+04	8.534704998557505e-03	3.697317510922241e+04	8.190157657823042e+03	8.304995646666956e+03	1.803102617628791e-17	-inf	
29	1.000000000000000e+00	8.000000000000000e-01	1.859513087314030e-03	6.675191911243473e-03	-1.312400854658362e-15	-4.099547368241493e-16	2.957834693272139e+05	1.418148785875468e+04	8.534704998557505e-03	3.697317510922241e+04	8.190157657823042e+03	8.304995646666956e+03	6.087910997994324e-17	-inf	
30	0.000000000000000e+00	1.000000000000000e+00	1.859513087314030e-03	6.675191911243473e-03	1.818989403545857e-18	-8.312781574204550e-16	2.957834693272139e+05	1.418148785875468e+04	8.534704998557505e-03	3.697317510922241e+04	8.190157657823042e+03	8.304995646666956e+03	3.680714099448237e-17	-inf	
31	2.000000000000000e-01	1.000000000000000e+00	1.859513087314030e-03	6.675191911243473e-03	0.000000000000000e+00	0.000000000000000e+00	2.957834693272139e+05	1.418148785875468e+04	8.534704998557505e-03	3.697317510922241e+04	8.190157657823042e+03	8.304995646666956e+03	0.000000000000000e+00	-inf	
32	3.999999999999999e-01	1.000000000000000e+00	1.859513087314030e-03	6.675191911243473e-03	0.000000000000000e+00	0.000000000000000e+00	2.957834693272139e+05	1.418148785875468e+04	8.534704998557505e-03	3.697317510922241e+04	8.190157657823042e+03	8.304995646666956e+03	0.000000000000000e+00	-inf	
33	6.000000000000000e-01	1.000000000000000e+00	1.859513087314030e-03	6.675191911243473e-03	4.356479621492330e-16	-1.038188202073788e-15	2.957834693272139e+05	1.418148785875468e+04	8.534704998557505e-03	3.697317510922241e+04	8.190157657823042e+03	8.304995646666956e+03	4.985168975535058e-17	-inf	
34	8.000000000000000e-01	1.000000000000000e+00	1.859513087314031e-03	6.675191911243473e-03	0.000000000000000e+00	4.520188667811355e-16	2.957834693272139e+05	1.418148785875468e+04	8.534704998557505e-03	3.697317510922241e+04	8.190157657823042e+03	8.304995646666956e+03	2.001433837993287e-17	-inf	
35	1.000000000000000e+00	1.000000000000000e+00	1.859513087314030e-03	6.675191911243473e-03	-8.694769348949198e-16	8.594724931754156e-17	2.957834693272139e+05	1.418148785875468e+04	8.534704998557505e-03	3.697317510922241e+04	8.190157657823042e+03	8.304995646666956e+03	3.868603596439368e-17	-inf	
EXT_ITER= 9883
AOA= 0.000000000000000e+00
SIDESLIP_ANGLE= 0.000000000000000e+00
INITIAL_BCTHRUST= 4.000000000000000e+03
DCD_DCL_VALUE= 0.000000000000000e+00
DCMX_DCL_VALUE= 0.000000000000000e+00
DCMY_DCL_VALUE= 0.000000000000000e+00
DCMZ_DCL_VALUE= 0.000000000000000e+00
