"PointID"	"x"	"y"	"Density[0]"	"Density[1]"	"Momentum_x"	"Momentum_y"	"Energy"	"Electronic_Energy"	"Total_Density"	"Pressure"	"Temperature"	"Tve"	"Mach"	"C<sub>p</sub>"
0	0.000000000000000e+00	0.000000000000000e+00	1.986380736269281e-03	6.548324262288200e-03	0.000000000000000e+00	0.000000000000000e+00	2.957834693272139e+05	1.619304406604608e+04	8.534704998557480e-03	3.813869870195060e+04	8.519401418694000e+03	8.715905557151053e+03	0.000000000000000e+00	-inf	
1	2.000000000000000e-01	0.000000000000000e+00	1.986380736269281e-03	6.548324262288200e-03	0.000000000000000e+00	1.125954440794887e-15	2.957834693272139e+05	1.619304406604608e+04	8.534704998557480e-03	3.813869870195060e+04	8.519401418694000e+03	8.715905557151053e+03	4.914117381947610e-17	-inf	
2	4.000000000000000e-01	0.000000000000000e+00	1.986380736269281e-03	6.548324262288200e-03	0.000000000000000e+00	-8.367351256310688e-16	2.957834693272139e+05	1.619304406604608e+04	8.534704998557480e-03	3.813869870195060e+04	8.519401418694000e+03	8.715905557151053e+03	3.651848135211355e-17	-inf	
3	6.000000000000001e-01	0.000000000000000e+00	1.986380736269281e-03	6.548324262288200e-03	0.000000000000000e+00	-5.616129783447811e-16	2.957834693272139e+05	1.619304406604608e+04	8.534704998557480e-03	3.813869870195060e+04	8.519401418694000e+03	8.715905557151053e+03	2.451104590753338e-17	-inf	
4	8.000000000000000e-01	0.000000000000000e+00	1.986380736269281e-03	6.548324262288200e-03	9.049472282640579e-17	0.000000000000000e+00	2.957834693272139e+05	1.619304406604608e+04	8.534704998557480e-03	3.813869870195060e+04	8.519401418694000e+03	8.715905557151053e+03	3.949553146234113e-18	-inf	
5	1.000000000000000e+00	0.000000000000000e+00	1.986380736269281e-03	6.548324262288200e-03	1.173248165287050e-16	1.164153218269347e-16	2.957834693272139e+05	1.619304406604608e+04	8.534704998557482e-03	3.813869870195057e+04	8.519401418693993e+03	8.715905557151053e+03	7.213504292791058e-18	-inf	
6	0.000000000000000e+00	2.000000000000000e-01	1.986380736269281e-03	6.548324262288200e-03	0.000000000000000e+00	0.000000000000000e+00	2.957834693272139e+05	1.619304406604608e+04	8.534704998557480e-03	3.813869870195060e+04	8.519401418694000e+03	8.715905557151053e+03	0.000000000000000e+00	-inf	
7	2.000000000000000e-01	2.000000000000000e-01	1.986380736269281e-03	6.548324262288200e-03	-4.347384674474458e-16	-1.818989403545857e-18	2.957834693272139e+05	1.619304406604608e+04	8.534704998557480e-03	3.813869870195060e+04	8.519401418694000e+03	8.715905557151053e+03	1.897389878547240e-17	-inf	
8	4.000000000000000e-01	2.000000000000000e-01	1.986380736269281e-03	6.548324262288200e-03	-5.620677256956705e-16	9.231371222995160e-17	2.957834693272139e+05	1.619304406604608e+04	8.534704998557480e-03	3.813869870195060e+04	8.519401418694000e+03	8.715905557151053e+03	2.485954693192203e-17	-inf	
9	5.999999999999999e-01	2.000000000000000e-01	1.986380736269281e-03	6.548324262288200e-03	0.000000000000000e+00	3.740296961041261e-16	2.957834693272139e+05	1.619304406604608e+04	8.534704998557480e-03	3.813869870195060e+04	8.519401418694000e+03	8.715905557151053e+03	1.632415810441035e-17	-inf	
10	7.999999999999999e-01	2.000000000000000e-01	1.986380736269281e-03	6.548324262288200e-03	7.958078640513158e-17	-2.914930519182216e-16	2.957834693272139e+05	1.619304406604608e+04	8.534704998557480e-03	3.813869870195060e+04	8.519401418694000e+03	8.715905557151053e+03	1.318752180556346e-17	-inf	
11	1.000000000000000e+00	2.000000000000000e-01	1.986380736269281e-03	6.548324262288200e-03	1.300577423535280e-16	-5.798028723802332e-17	2.957834693272139e+05	1.619304406604608e+04	8.534704998557482e-03	3.813869870195057e+04	8.519401418693993e+03	8.715905557151053e+03	6.214750066993794e-18	-inf	
12	0.000000000000000e+00	3.999999999999999e-01	1.986380736269281e-03	6.548324262288200e-03	-1.246007741428930e-15	0.000000000000000e+00	2.957834693272139e+05	1.619304406604608e+04	8.534704998557480e-03	3.813869870195060e+04	8.519401418694000e+03	8.715905557151053e+03	5.438078201347584e-17	-inf	
13	2.000000000000000e-01	3.999999999999999e-01	1.986380736269281e-03	6.548324262288200e-03	3.762197779001010e-16	0.000000000000000e+00	2.957834693272139e+05	1.619304406604608e+04	8.534704998557480e-03	3.813869870195060e+04	8.519401418694000e+03	8.715905557151053e+03	1.641974206972506e-17	-inf	
14	3.999999999999999e-01	4.000000000000001e-01	1.986380736269281e-03	6.548324262288200e-03	7.199380015705492e-17	0.000000000000000e+00	2.957834693272139e+05	1.619304406604608e+04	8.534704998557482e-03	3.813869870195057e+04	8.519401418693993e+03	8.715905557151053e+03	3.142098578113737e-18	-inf	
15	6.000000000000001e-01	4.000000000000000e-01	1.986380736269281e-03	6.548324262288200e-03	-3.274180926382628e-16	-9.094947017729280e-19	2.957834693272139e+05	1.619304406604608e+04	8.534704998557482e-03	3.813869870195057e+04	8.519401418693993e+03	8.715905557151053e+03	1.428989565953997e-17	-inf	
16	8.000000000000000e-01	4.000000000000000e-01	1.986380736269281e-03	6.548324262288200e-03	-1.009539118967950e-16	0.000000000000000e+00	2.957834693272139e+05	1.619304406604608e+04	8.534704998557480e-03	3.813869870195060e+04	8.519401418694000e+03	8.715905557151053e+03	4.406034163135570e-18	-inf	
17	1.000000000000000e+00	4.000000000000000e-01	1.986380736269281e-03	6.548324262288200e-03	0.000000000000000e+00	0.000000000000000e+00	2.957834693272139e+05	1.619304406604608e+04	8.534704998557480e-03	3.813869870195060e+04	8.519401418694000e+03	8.715905557151053e+03	0.000000000000000e+00	-inf	
18	0.000000000000000e+00	6.000000000000000e-01	1.986380736269281e-03	6.548324262288200e-03	8.367351256310688e-16	9.049472282640572e-17	2.957834693272139e+05	1.619304406604608e+04	8.534704998557480e-03	3.813869870195060e+04	8.519401418694000e+03	8.715905557151053e+03	3.673143681262132e-17	-inf	
19	2.000000000000000e-01	6.000000000000000e-01	1.986380736269281e-03	6.548324262288200e-03	6.426526670956578e-18	1.818989403545857e-18	2.957834693272139e+05	1.619304406604608e+04	8.534704998557480e-03	3.813869870195060e+04	8.519401418694000e+03	8.715905557151053e+03	2.914981438574016e-19	-inf	
20	4.000000000000001e-01	6.000000000000002e-01	1.986380736269281e-03	6.548324262288200e-03	0.000000000000000e+00	-9.231371222995175e-17	2.957834693272139e+05	1.619304406604608e+04	8.534704998557480e-03	3.813869870195060e+04	8.519401418694000e+03	8.715905557151053e+03	4.028941149173498e-18	-inf	
21	6.000000000000000e-01	6.000000000000001e-01	1.986380736269281e-03	6.548324262288200e-03	-6.426526670956221e-18	-9.504219633527102e-17	2.957834693272139e+05	1.619304406604608e+04	8.534704998557480e-03	3.813869870195060e+04	8.519401418694000e+03	8.715905557151053e+03	4.157495014491160e-18	-inf	
22	8.000000000000000e-01	6.000000000000001e-01	1.986380736269281e-03	6.548324262288200e-03	1.018634065985677e-16	-9.094947017729286e-19	2.957834693272139e+05	1.619304406604608e+04	8.534704998557480e-03	3.813869870195060e+04	8.519401418694000e+03	8.715905557151053e+03	4.445905366437421e-18	-inf	
23	1.000000000000000e+00	6.000000000000001e-01	1.986380736269281e-03	6.548324262288200e-03	6.557456799782985e-16	-9.094947017729280e-19	2.957834693272139e+05	1.619304406604608e+04	8.534704998557482e-03	3.813869870195057e+04	8.519401418693993e+03	8.715905557151053e+03	2.861940258668068e-17	-inf	
24	0.000000000000000e+00	8.000000000000000e-01	1.986380736269281e-03	6.548324262288200e-03	-1.077751221600930e-16	0.000000000000000e+00	2.957834693272139e+05	1.619304406604608e+04	8.534704998557482e-03	3.813869870195057e+04	8.519401418693993e+03	8.715905557151053e+03	4.703739174158291e-18	-inf	
25	2.000000000000000e-01	8.000000000000000e-01	1.986380736269281e-03	6.548324262288200e-03	-9.504219633527107e-17	4.338289727456729e-16	2.957834693272139e+05	1.619304406604608e+04	8.534704998557480e-03	3.813869870195060e+04	8.519401418694000e+03	8.715905557151053e+03	1.938308328453429e-17	-inf	
26	3.999999999999999e-01	8.000000000000000e-01	1.986380736269281e-03	6.548324262288200e-03	-9.094947017729284e-19	0.000000000000000e+00	2.957834693272139e+05	1.619304406604608e+04	8.534704998557480e-03	3.813869870195060e+04	8.519401418694000e+03	8.715905557151053e+03	3.969400146968984e-20	-inf	
27	6.000000000000000e-01	8.000000000000000e-01	1.986380736269281e-03	6.548324262288200e-03	0.000000000000000e+00	-5.270521796774081e-16	2.957834693272139e+05	1.619304406604608e+04	8.534704998557480e-03	3.813869870195060e+04	8.519401418694000e+03	8.715905557151053e+03	2.300267385168509e-17	-inf	
28	8.000000000000000e-01	8.000000000000000e-01	1.986380736269281e-03	6.548324262288200e-03	0.000000000000000e+00	9.026734915096223e-17	2.957834693272139e+05	1.619304406604608e+04	8.534704998557480e-03	3.813869870195060e+04	8.519401418694000e+03	8.715905557151053e+03	3.939629645866677e-18	-inf	
29	1.000000000000000e+00	8.000000000000000e-01	1.986380736269281e-03	6.548324262288200e-03	-5.597939889412354e-16	-7.730704965069985e-17	2.957834693272139e+05	1.619304406604608e+04	8.534704998557480e-03	3.813869870195060e+04	8.519401418694000e+03	8.715905557151053e+03	2.466353010682358e-17	-inf	
30	0.000000000000000e+00	1.000000000000000e+00	1.986380736269281e-03	6.548324262288200e-03	1.818989403545857e-18	-1.828084350563577e-16	2.957834693272139e+05	1.619304406604608e+04	8.534704998557480e-03	3.813869870195060e+04	8.519401418694000e+03	8.715905557151053e+03	7.978889250820731e-18	-inf	
31	2.000000000000000e-01	1.000000000000000e+00	1.986380736269281e-03	6.548324262288200e-03	0.000000000000000e+00	0.000000000000000e+00	2.957834693272139e+05	1.619304406604608e+04	8.534704998557480e-03	3.813869870195060e+04	8.519401418694000e+03	8.715905557151053e+03	0.000000000000000e+00	-inf	
32	3.999999999999999e-01	1.000000000000000e+00	1.986380736269281e-03	6.548324262288200e-03	0.000000000000000e+00	0.000000000000000e+00	2.957834693272139e+05	1.619304406604608e+04	8.534704998557480e-03	3.813869870195060e+04	8.519401418694000e+03	8.715905557151053e+03	0.000000000000000e+00	-inf	
33	6.000000000000000e-01	1.000000000000000e+00	1.986380736269281e-03	6.548324262288200e-03	1.032276486512269e-16	-3.406057658139669e-16	2.957834693272139e+05	1.619304406604608e+04	8.534704998557480e-03	3.813869870195060e+04	8.519401418694000e+03	8.715905557151053e+03	1.553311536626263e-17	-inf	
34	8.000000000000000e-01	1.000000000000000e+00	1.986380736269281e-03	6.548324262288200e-03	0.000000000000000e+00	2.169144863728384e-16	2.957834693272139e+05	1.619304406604608e+04	8.534704998557482e-03	3.813869870195057e+04	8.519401418693993e+03	8.715905557151053e+03	9.467019350520810e-18	-inf	
35	1.000000000000000e+00	1.000000000000000e+00	1.986380736269281e-03	6.548324262288200e-03	-2.046363078989080e-16	-1.427906681783502e-16	2.957834693272139e+05	1.619304406604608e+04	8.534704998557480e-03	3.813869870195060e+04	8.519401418694000e+03	8.715905557151053e+03	1.089048895224237e-17	-inf	
EXT_ITER= 5655
AOA= 0.000000000000000e+00
SIDESLIP_ANGLE= 0.000000000000000e+00
INITIAL_BCTHRUST= 4.000000000000000e+03
DCD_DCL_VALUE= 0.000000000000000e+00
DCMX_DCL_VALUE= 0.000000000000000e+00
DCMY_DCL_VALUE= 0.000000000000000e+00
DCMZ_DCL_VALUE= 0.000000000000000e+00
