"PointID"	"x"	"y"	"Density[0]"	"Density[1]"	"Momentum_x"	"Momentum_y"	"Energy"	"Electronic_Energy"	"Total_Density"	"Pressure"	"Temperature"	"Tve"	"Mach"	"C<sub>p</sub>"
0	0.000000000000000e+00	0.000000000000000e+00	2.008962199662906e-03	6.525742798894571e-03	0.000000000000000e+00	0.000000000000000e+00	2.957834693272139e+05	1.657334678735189e+04	8.534704998557477e-03	3.833072038888833e+04	8.575133324392798e+03	8.792219099986836e+03	0.000000000000000e+00	-inf	
1	2.000000000000000e-01	0.000000000000000e+00	2.008962199662906e-03	6.525742798894571e-03	0.000000000000000e+00	1.052740117302157e-15	2.957834693272139e+05	1.657334678735189e+04	8.534704998557477e-03	3.833072038888833e+04	8.575133324392798e+03	8.792219099986836e+03	4.583962547016945e-17	-inf	
2	4.000000000000000e-01	0.000000000000000e+00	2.008962199662906e-03	6.525742798894571e-03	0.000000000000000e+00	-7.948983693495176e-16	2.957834693272139e+05	1.657334678735189e+04	8.534704998557477e-03	3.833072038888833e+04	8.575133324392798e+03	8.792219099986836e+03	3.461238242844692e-17	-inf	
3	6.000000000000001e-01	0.000000000000000e+00	2.008962199662906e-03	6.525742798894571e-03	0.000000000000000e+00	-4.743014869745873e-16	2.957834693272139e+05	1.657334678735189e+04	8.534704998557477e-03	3.833072038888833e+04	8.575133324392798e+03	8.792219099986836e+03	2.065258287921712e-17	-inf	
4	8.000000000000000e-01	0.000000000000000e+00	2.008962199662906e-03	6.525742798894571e-03	1.082298695109780e-16	0.000000000000000e+00	2.957834693272139e+05	1.657334678735189e+04	8.534704998557477e-03	3.833072038888833e+04	8.575133324392798e+03	8.792219099986836e+03	4.712669918747456e-18	-inf	
5	1.000000000000000e+00	0.000000000000000e+00	2.008962199662907e-03	6.525742798894571e-03	1.409716787748011e-16	1.718944986350847e-16	2.957834693272139e+05	1.657334678735189e+04	8.534704998557479e-03	3.833072038888835e+04	8.575133324392802e+03	8.792219099986834e+03	9.679980405045251e-18	-inf	
6	0.000000000000000e+00	2.000000000000000e-01	2.008962199662906e-03	6.525742798894571e-03	0.000000000000000e+00	0.000000000000000e+00	2.957834693272139e+05	1.657334678735189e+04	8.534704998557477e-03	3.833072038888833e+04	8.575133324392798e+03	8.792219099986836e+03	0.000000000000000e+00	-inf	
7	2.000000000000000e-01	2.000000000000000e-01	2.008962199662906e-03	6.525742798894571e-03	-4.035882739117256e-16	-1.818989403545857e-18	2.957834693272139e+05	1.657334678735189e+04	8.534704998557477e-03	3.833072038888833e+04	8.575133324392798e+03	8.792219099986836e+03	1.757368501293043e-17	-inf	
8	4.000000000000000e-01	2.000000000000000e-01	2.008962199662906e-03	6.525742798894571e-03	-5.254605639493053e-16	1.100488589145237e-16	2.957834693272139e+05	1.657334678735189e+04	8.534704998557477e-03	3.833072038888833e+04	8.575133324392798e+03	8.792219099986836e+03	2.337661420741201e-17	-inf	
9	5.999999999999999e-01	2.000000000000000e-01	2.008962199662906e-03	6.525742798894571e-03	0.000000000000000e+00	3.476543497527088e-16	2.957834693272139e+05	1.657334678735189e+04	8.534704998557477e-03	3.833072038888833e+04	8.575133324392798e+03	8.792219099986836e+03	1.513796702891815e-17	-inf	
10	7.999999999999999e-01	2.000000000000000e-01	2.008962199662906e-03	6.525742798894571e-03	9.663381206337405e-17	-2.705746737774460e-16	2.957834693272139e+05	1.657334678735189e+04	8.534704998557477e-03	3.833072038888833e+04	8.575133324392798e+03	8.792219099986836e+03	1.251051339205713e-17	-inf	
11	1.000000000000000e+00	2.000000000000000e-01	2.008962199662907e-03	6.525742798894571e-03	1.441549102310084e-16	-6.980371836107140e-17	2.957834693272139e+05	1.657334678735189e+04	8.534704998557479e-03	3.833072038888835e+04	8.575133324392802e+03	8.792219099986834e+03	6.974139621249968e-18	-inf	
12	0.000000000000000e+00	3.999999999999999e-01	2.008962199662906e-03	6.525742798894571e-03	-1.144144334830348e-15	0.000000000000000e+00	2.957834693272139e+05	1.657334678735189e+04	8.534704998557477e-03	3.833072038888833e+04	8.575133324392798e+03	8.792219099986836e+03	4.981965342675924e-17	-inf	
13	2.000000000000000e-01	3.999999999999999e-01	2.008962199662906e-03	6.525742798894571e-03	3.579085698656317e-16	0.000000000000000e+00	2.957834693272139e+05	1.657334678735189e+04	8.534704998557477e-03	3.833072038888833e+04	8.575133324392798e+03	8.792219099986836e+03	1.558446811854096e-17	-inf	
14	3.999999999999999e-01	4.000000000000001e-01	2.008962199662907e-03	6.525742798894571e-03	7.028087042994160e-17	0.000000000000000e+00	2.957834693272139e+05	1.657334678735189e+04	8.534704998557479e-03	3.833072038888835e+04	8.575133324392802e+03	8.792219099986834e+03	3.060250792457788e-18	-inf	
15	6.000000000000001e-01	4.000000000000000e-01	2.008962199662907e-03	6.525742798894571e-03	-2.871729520848082e-16	-9.094947017729280e-19	2.957834693272139e+05	1.657334678735189e+04	8.534704998557479e-03	3.833072038888835e+04	8.575133324392802e+03	8.792219099986834e+03	1.250447890324402e-17	-inf	
16	8.000000000000000e-01	4.000000000000000e-01	2.008962199662906e-03	6.525742798894571e-03	-1.159605744760483e-16	0.000000000000000e+00	2.957834693272139e+05	1.657334678735189e+04	8.534704998557477e-03	3.833072038888833e+04	8.575133324392798e+03	8.792219099986836e+03	5.049289198658010e-18	-inf	
17	1.000000000000000e+00	4.000000000000000e-01	2.008962199662906e-03	6.525742798894571e-03	0.000000000000000e+00	0.000000000000000e+00	2.957834693272139e+05	1.657334678735189e+04	8.534704998557477e-03	3.833072038888833e+04	8.575133324392798e+03	8.792219099986836e+03	0.000000000000000e+00	-inf	
18	0.000000000000000e+00	6.000000000000000e-01	2.008962199662906e-03	6.525742798894571e-03	7.948983693495176e-16	1.082298695109779e-16	2.957834693272139e+05	1.657334678735189e+04	8.534704998557477e-03	3.833072038888833e+04	8.575133324392798e+03	8.792219099986836e+03	3.493173736211996e-17	-inf	
19	2.000000000000000e-01	6.000000000000000e-01	2.008962199662906e-03	6.525742798894571e-03	-1.109650066075056e-17	1.818989403545857e-18	2.957834693272139e+05	1.657334678735189e+04	8.534704998557477e-03	3.833072038888833e+04	8.575133324392798e+03	8.792219099986836e+03	4.896253930789882e-19	-inf	
20	4.000000000000001e-01	6.000000000000002e-01	2.008962199662906e-03	6.525742798894571e-03	0.000000000000000e+00	-1.100488589145239e-16	2.957834693272139e+05	1.657334678735189e+04	8.534704998557477e-03	3.833072038888833e+04	8.575133324392798e+03	8.792219099986836e+03	4.791874455196999e-18	-inf	
21	6.000000000000000e-01	6.000000000000001e-01	2.008962199662906e-03	6.525742798894571e-03	1.109650066075088e-17	-1.123225956689567e-16	2.957834693272139e+05	1.657334678735189e+04	8.534704998557477e-03	3.833072038888833e+04	8.575133324392798e+03	8.792219099986836e+03	4.914689010659509e-18	-inf	
22	8.000000000000000e-01	6.000000000000001e-01	2.008962199662906e-03	6.525742798894571e-03	1.168700691778210e-16	-9.094947017729286e-19	2.957834693272139e+05	1.657334678735189e+04	8.534704998557477e-03	3.833072038888833e+04	8.575133324392798e+03	8.792219099986836e+03	5.089045558978698e-18	-inf	
23	1.000000000000000e+00	6.000000000000001e-01	2.008962199662907e-03	6.525742798894571e-03	5.752553988713893e-16	-9.094947017729280e-19	2.957834693272139e+05	1.657334678735189e+04	8.534704998557479e-03	3.833072038888835e+04	8.575133324392802e+03	8.792219099986834e+03	2.504846595828806e-17	-inf	
24	0.000000000000000e+00	8.000000000000000e-01	2.008962199662907e-03	6.525742798894571e-03	-1.100488589145254e-16	0.000000000000000e+00	2.957834693272139e+05	1.657334678735189e+04	8.534704998557479e-03	3.833072038888835e+04	8.575133324392802e+03	8.792219099986834e+03	4.791874455197059e-18	-inf	
25	2.000000000000000e-01	8.000000000000000e-01	2.008962199662906e-03	6.525742798894571e-03	-1.123225956689567e-16	4.026787792099527e-16	2.957834693272139e+05	1.657334678735189e+04	8.534704998557477e-03	3.833072038888833e+04	8.575133324392798e+03	8.792219099986836e+03	1.820325539240739e-17	-inf	
26	3.999999999999999e-01	8.000000000000000e-01	2.008962199662906e-03	6.525742798894571e-03	-9.094947017729284e-19	0.000000000000000e+00	2.957834693272139e+05	1.657334678735189e+04	8.534704998557477e-03	3.833072038888833e+04	8.575133324392798e+03	8.792219099986836e+03	3.960226822476873e-20	-inf	
27	6.000000000000000e-01	8.000000000000000e-01	2.008962199662906e-03	6.525742798894571e-03	0.000000000000000e+00	-4.833964339923018e-16	2.957834693272139e+05	1.657334678735189e+04	8.534704998557477e-03	3.833072038888833e+04	8.575133324392798e+03	8.792219099986836e+03	2.104860556146416e-17	-inf	
28	8.000000000000000e-01	8.000000000000000e-01	2.008962199662906e-03	6.525742798894571e-03	0.000000000000000e+00	1.080024958355344e-16	2.957834693272139e+05	1.657334678735189e+04	8.534704998557477e-03	3.833072038888833e+04	8.575133324392798e+03	8.792219099986836e+03	4.702769351691250e-18	-inf	
29	1.000000000000000e+00	8.000000000000000e-01	2.008962199662906e-03	6.525742798894571e-03	-4.724824975710416e-16	-9.504219633527196e-17	2.957834693272139e+05	1.657334678735189e+04	8.534704998557477e-03	3.833072038888833e+04	8.575133324392798e+03	8.792219099986836e+03	2.098548444715296e-17	-inf	
30	0.000000000000000e+00	1.000000000000000e+00	2.008962199662906e-03	6.525742798894571e-03	1.818989403545857e-18	-2.182787284255020e-16	2.957834693272139e+05	1.657334678735189e+04	8.534704998557477e-03	3.833072038888833e+04	8.575133324392798e+03	8.792219099986836e+03	9.504874387117038e-18	-inf	
31	2.000000000000000e-01	1.000000000000000e+00	2.008962199662906e-03	6.525742798894571e-03	0.000000000000000e+00	0.000000000000000e+00	2.957834693272139e+05	1.657334678735189e+04	8.534704998557477e-03	3.833072038888833e+04	8.575133324392798e+03	8.792219099986836e+03	0.000000000000000e+00	-inf	
32	3.999999999999999e-01	1.000000000000000e+00	2.008962199662906e-03	6.525742798894571e-03	0.000000000000000e+00	0.000000000000000e+00	2.957834693272139e+05	1.657334678735189e+04	8.534704998557477e-03	3.833072038888833e+04	8.575133324392798e+03	8.792219099986836e+03	0.000000000000000e+00	-inf	
33	6.000000000000000e-01	1.000000000000000e+00	2.008962199662906e-03	6.525742798894571e-03	1.182343112304801e-16	-2.987690095324112e-16	2.957834693272139e+05	1.657334678735189e+04	8.534704998557477e-03	3.833072038888833e+04	8.575133324392798e+03	8.792219099986836e+03	1.399099711597804e-17	-inf	
34	8.000000000000000e-01	1.000000000000000e+00	2.008962199662907e-03	6.525742798894571e-03	0.000000000000000e+00	3.201421350240657e-16	2.957834693272139e+05	1.657334678735189e+04	8.534704998557479e-03	3.833072038888835e+04	8.575133324392802e+03	8.792219099986834e+03	1.393999841511837e-17	-inf	
35	1.000000000000000e+00	1.000000000000000e+00	2.008962199662906e-03	6.525742798894571e-03	-2.346496330574144e-16	-1.846274244599059e-16	2.957834693272139e+05	1.657334678735189e+04	8.534704998557477e-03	3.833072038888833e+04	8.575133324392798e+03	8.792219099986836e+03	1.300094877087072e-17	-inf	
EXT_ITER= 5147
AOA= 0.000000000000000e+00
SIDESLIP_ANGLE= 0.000000000000000e+00
INITIAL_BCTHRUST= 4.000000000000000e+03
DCD_DCL_VALUE= 0.000000000000000e+00
DCMX_DCL_VALUE= 0.000000000000000e+00
DCMY_DCL_VALUE= 0.000000000000000e+00
DCMZ_DCL_VALUE= 0.000000000000000e+00
