"PointID"	"x"	"y"	"Density[0]"	"Density[1]"	"Momentum_x"	"Momentum_y"	"Energy"	"Electronic_Energy"	"Total_Density"	"Pressure"	"Temperature"	"Tve"	"Mach"	"C<sub>p</sub>"
0	0.000000000000000e+00	0.000000000000000e+00	2.388981897610833e-03	6.145723100946650e-03	0.000000000000000e+00	0.000000000000000e+00	2.957834693272139e+05	2.564555827555631e+04	8.534704998557484e-03	3.987676247932429e+04	9.151935609173150e+03	1.055086206233084e+04	0.000000000000000e+00	-inf	
1	2.000000000000000e-01	0.000000000000000e+00	2.388981897610833e-03	6.145723100946650e-03	0.000000000000000e+00	3.110471880063461e-16	2.957834693272139e+05	2.564555827555631e+04	8.534704998557484e-03	3.987676247932429e+04	9.151935609173150e+03	1.055086206233084e+04	1.332353942590596e-17	-inf	
2	4.000000000000000e-01	0.000000000000000e+00	2.388981897610833e-03	6.145723100946650e-03	0.000000000000000e+00	-2.301021595485535e-16	2.957834693272139e+05	2.564555827555631e+04	8.534704998557484e-03	3.987676247932429e+04	9.151935609173150e+03	1.055086206233084e+04	9.856302557760808e-18	-inf	
3	6.000000000000001e-01	0.000000000000000e+00	2.388981897610833e-03	6.145723100946650e-03	0.000000000000000e+00	-9.003997547551973e-17	2.957834693272139e+05	2.564555827555631e+04	8.534704998557484e-03	3.987676247932429e+04	9.151935609173150e+03	1.055086206233084e+04	3.856814044341134e-18	-inf	
4	8.000000000000000e-01	0.000000000000000e+00	2.388981897610833e-03	6.145723100946650e-03	4.945377440890296e-16	0.000000000000000e+00	2.957834693272139e+05	2.564555827555631e+04	8.534704998557484e-03	3.987676247932429e+04	9.151935609173150e+03	1.055086206233084e+04	2.118325895566157e-17	-inf	
5	1.000000000000000e+00	0.000000000000000e+00	2.388981897610834e-03	6.145723100946651e-03	9.581526683177785e-16	7.275957614183410e-17	2.957834693272139e+05	2.564555827555630e+04	8.534704998557484e-03	3.987676247932424e+04	9.151935609173139e+03	1.055086206233084e+04	4.116011924603309e-17	-inf	
6	0.000000000000000e+00	2.000000000000000e-01	2.388981897610833e-03	6.145723100946650e-03	0.000000000000000e+00	0.000000000000000e+00	2.957834693272139e+05	2.564555827555631e+04	8.534704998557484e-03	3.987676247932429e+04	9.151935609173150e+03	1.055086206233084e+04	0.000000000000000e+00	-inf	
7	2.000000000000000e-01	2.000000000000000e-01	2.388981897610833e-03	6.145723100946650e-03	-1.296029950026440e-16	-1.818989403545857e-18	2.957834693272139e+05	2.564555827555631e+04	8.534704998557484e-03	3.987676247932429e+04	9.151935609173150e+03	1.055086206233084e+04	5.552021508854489e-18	-inf	
8	4.000000000000000e-01	2.000000000000000e-01	2.388981897610833e-03	6.145723100946650e-03	-1.546140993014001e-16	4.963567334925753e-16	2.957834693272139e+05	2.564555827555631e+04	8.534704998557484e-03	3.987676247932429e+04	9.151935609173150e+03	1.055086206233084e+04	2.226879375282430e-17	-inf	
9	5.999999999999999e-01	2.000000000000000e-01	2.388981897610833e-03	6.145723100946650e-03	0.000000000000000e+00	5.368292477214699e-16	2.957834693272139e+05	2.564555827555631e+04	8.534704998557484e-03	3.987676247932429e+04	9.151935609173150e+03	1.055086206233084e+04	2.299479282497328e-17	-inf	
10	7.999999999999999e-01	2.000000000000000e-01	2.388981897610833e-03	6.145723100946650e-03	4.836238076677538e-16	-7.867129170335874e-17	2.957834693272139e+05	2.564555827555631e+04	8.534704998557484e-03	3.987676247932429e+04	9.151935609173150e+03	1.055086206233084e+04	2.098806361251003e-17	-inf	
11	1.000000000000000e+00	2.000000000000000e-01	2.388981897610834e-03	6.145723100946651e-03	9.681571100372808e-16	-4.827143129659810e-16	2.957834693272139e+05	2.564555827555630e+04	8.534704998557484e-03	3.987676247932424e+04	9.151935609173139e+03	1.055086206233084e+04	4.633931364944281e-17	-inf	
12	0.000000000000000e+00	3.999999999999999e-01	2.388981897610833e-03	6.145723100946650e-03	-3.528839442879018e-16	0.000000000000000e+00	2.957834693272139e+05	2.564555827555631e+04	8.534704998557484e-03	3.987676247932429e+04	9.151935609173150e+03	1.055086206233084e+04	1.511559443640795e-17	-inf	
13	2.000000000000000e-01	3.999999999999999e-01	2.388981897610833e-03	6.145723100946650e-03	5.841576750556802e-16	0.000000000000000e+00	2.957834693272139e+05	2.564555827555631e+04	8.534704998557484e-03	3.987676247932429e+04	9.151935609173150e+03	1.055086206233084e+04	2.502208061881314e-17	-inf	
14	3.999999999999999e-01	4.000000000000001e-01	2.388981897610834e-03	6.145723100946651e-03	4.552368010793666e-16	0.000000000000000e+00	2.957834693272139e+05	2.564555827555630e+04	8.534704998557484e-03	3.987676247932424e+04	9.151935609173139e+03	1.055086206233084e+04	1.949982414623374e-17	-inf	
15	6.000000000000001e-01	4.000000000000000e-01	2.388981897610834e-03	6.145723100946651e-03	-5.179572326596822e-16	-9.094947017729280e-19	2.957834693272139e+05	2.564555827555630e+04	8.534704998557484e-03	3.987676247932424e+04	9.151935609173139e+03	1.055086206233084e+04	2.218645438777962e-17	-inf	
16	8.000000000000000e-01	4.000000000000000e-01	2.388981897610833e-03	6.145723100946650e-03	-4.936282493872563e-16	0.000000000000000e+00	2.957834693272139e+05	2.564555827555631e+04	8.534704998557484e-03	3.987676247932429e+04	9.151935609173150e+03	1.055086206233084e+04	2.114430123804194e-17	-inf	
17	1.000000000000000e+00	4.000000000000000e-01	2.388981897610833e-03	6.145723100946650e-03	0.000000000000000e+00	0.000000000000000e+00	2.957834693272139e+05	2.564555827555631e+04	8.534704998557484e-03	3.987676247932429e+04	9.151935609173150e+03	1.055086206233084e+04	0.000000000000000e+00	-inf	
18	0.000000000000000e+00	6.000000000000000e-01	2.388981897610833e-03	6.145723100946650e-03	2.301021595485535e-16	4.945377440890295e-16	2.957834693272139e+05	2.564555827555631e+04	8.534704998557484e-03	3.987676247932429e+04	9.151935609173150e+03	1.055086206233084e+04	2.336401421187588e-17	-inf	
19	2.000000000000000e-01	6.000000000000000e-01	2.388981897610833e-03	6.145723100946650e-03	-8.570793982809424e-18	1.818989403545857e-18	2.957834693272139e+05	2.564555827555631e+04	8.534704998557484e-03	3.987676247932429e+04	9.151935609173150e+03	1.055086206233084e+04	3.753023402261699e-19	-inf	
20	4.000000000000001e-01	6.000000000000002e-01	2.388981897610833e-03	6.145723100946650e-03	0.000000000000000e+00	-4.963567334925757e-16	2.957834693272139e+05	2.564555827555631e+04	8.534704998557484e-03	3.987676247932429e+04	9.151935609173150e+03	1.055086206233084e+04	2.126117439090080e-17	-inf	
21	6.000000000000000e-01	6.000000000000001e-01	2.388981897610833e-03	6.145723100946650e-03	8.570793982809258e-18	-4.936282493872559e-16	2.957834693272139e+05	2.564555827555631e+04	8.534704998557484e-03	3.987676247932429e+04	9.151935609173150e+03	1.055086206233084e+04	2.114748816943970e-17	-inf	
22	8.000000000000000e-01	6.000000000000001e-01	2.388981897610833e-03	6.145723100946650e-03	4.945377440890290e-16	-9.094947017729286e-19	2.957834693272139e+05	2.564555827555631e+04	8.534704998557484e-03	3.987676247932429e+04	9.151935609173150e+03	1.055086206233084e+04	2.118329477881987e-17	-inf	
23	1.000000000000000e+00	6.000000000000001e-01	2.388981897610834e-03	6.145723100946651e-03	1.036823960021137e-15	-9.094947017729280e-19	2.957834693272139e+05	2.564555827555630e+04	8.534704998557484e-03	3.987676247932424e+04	9.151935609173139e+03	1.055086206233084e+04	4.441181517306749e-17	-inf	
24	0.000000000000000e+00	8.000000000000000e-01	2.388981897610834e-03	6.145723100946651e-03	-9.486029739491632e-16	0.000000000000000e+00	2.957834693272139e+05	2.564555827555630e+04	8.534704998557484e-03	3.987676247932424e+04	9.151935609173139e+03	1.055086206233084e+04	4.063289947725060e-17	-inf	
25	2.000000000000000e-01	8.000000000000000e-01	2.388981897610833e-03	6.145723100946650e-03	-4.936282493872559e-16	1.286935003008710e-16	2.957834693272139e+05	2.564555827555631e+04	8.534704998557484e-03	3.987676247932429e+04	9.151935609173150e+03	1.055086206233084e+04	2.185107134664914e-17	-inf	
26	3.999999999999999e-01	8.000000000000000e-01	2.388981897610833e-03	6.145723100946650e-03	-9.094947017729284e-19	0.000000000000000e+00	2.957834693272139e+05	2.564555827555631e+04	8.534704998557484e-03	3.987676247932429e+04	9.151935609173150e+03	1.055086206233084e+04	3.895771761960750e-20	-inf	
27	6.000000000000000e-01	8.000000000000000e-01	2.388981897610833e-03	6.145723100946650e-03	0.000000000000000e+00	-1.145963324233903e-16	2.957834693272139e+05	2.564555827555631e+04	8.534704998557484e-03	3.987676247932429e+04	9.151935609173150e+03	1.055086206233084e+04	4.908672420070600e-18	-inf	
28	8.000000000000000e-01	8.000000000000000e-01	2.388981897610833e-03	6.145723100946650e-03	0.000000000000000e+00	4.927187546854833e-16	2.957834693272139e+05	2.564555827555631e+04	8.534704998557484e-03	3.987676247932429e+04	9.151935609173150e+03	1.055086206233084e+04	2.110534352042233e-17	-inf	
29	1.000000000000000e+00	8.000000000000000e-01	2.388981897610833e-03	6.145723100946650e-03	-8.822098607197387e-17	-4.849880497204131e-16	2.957834693272139e+05	2.564555827555631e+04	8.534704998557484e-03	3.987676247932429e+04	9.151935609173150e+03	1.055086206233084e+04	2.111510316542286e-17	-inf	
30	0.000000000000000e+00	1.000000000000000e+00	2.388981897610833e-03	6.145723100946650e-03	1.818989403545857e-18	-9.908944775816051e-16	2.957834693272139e+05	2.564555827555631e+04	8.534704998557484e-03	3.987676247932429e+04	9.151935609173150e+03	1.055086206233084e+04	4.244450486135777e-17	-inf	
31	2.000000000000000e-01	1.000000000000000e+00	2.388981897610833e-03	6.145723100946650e-03	0.000000000000000e+00	0.000000000000000e+00	2.957834693272139e+05	2.564555827555631e+04	8.534704998557484e-03	3.987676247932429e+04	9.151935609173150e+03	1.055086206233084e+04	0.000000000000000e+00	-inf	
32	3.999999999999999e-01	1.000000000000000e+00	2.388981897610833e-03	6.145723100946650e-03	0.000000000000000e+00	0.000000000000000e+00	2.957834693272139e+05	2.564555827555631e+04	8.534704998557484e-03	3.987676247932429e+04	9.151935609173150e+03	1.055086206233084e+04	0.000000000000000e+00	-inf	
33	6.000000000000000e-01	1.000000000000000e+00	2.388981897610833e-03	6.145723100946650e-03	4.959019861416881e-16	-8.731149137020095e-17	2.957834693272139e+05	2.564555827555631e+04	8.534704998557484e-03	3.987676247932429e+04	9.151935609173150e+03	1.055086206233084e+04	2.156842105833976e-17	-inf	
34	8.000000000000000e-01	1.000000000000000e+00	2.388981897610834e-03	6.145723100946651e-03	0.000000000000000e+00	9.913492249324936e-16	2.957834693272139e+05	2.564555827555630e+04	8.534704998557484e-03	3.987676247932424e+04	9.151935609173139e+03	1.055086206233084e+04	4.246391220537227e-17	-inf	
35	1.000000000000000e+00	1.000000000000000e+00	2.388981897610833e-03	6.145723100946650e-03	-9.899849828798303e-16	-6.775735528208300e-17	2.957834693272139e+05	2.564555827555631e+04	8.534704998557484e-03	3.987676247932429e+04	9.151935609173150e+03	1.055086206233084e+04	4.250468207883229e-17	-inf	
EXT_ITER= 1320
AOA= 0.000000000000000e+00
SIDESLIP_ANGLE= 0.000000000000000e+00
INITIAL_BCTHRUST= 4.000000000000000e+03
DCD_DCL_VALUE= 0.000000000000000e+00
DCMX_DCL_VALUE= 0.000000000000000e+00
DCMY_DCL_VALUE= 0.000000000000000e+00
DCMZ_DCL_VALUE= 0.000000000000000e+00
