"PointID"	"x"	"y"	"Density[0]"	"Density[1]"	"Momentum_x"	"Momentum_y"	"Energy"	"Electronic_Energy"	"Total_Density"	"Pressure"	"Temperature"	"Tve"	"Mach"	"C<sub>p</sub>"
0	0.000000000000000e+00	0.000000000000000e+00	2.112931166172254e-03	6.421773832385227e-03	0.000000000000000e+00	0.000000000000000e+00	2.957834693272139e+05	1.848562838481965e+04	8.534704998557480e-03	3.910984106895747e+04	8.810254930349418e+03	9.172998006396729e+03	0.000000000000000e+00	-inf	
1	2.000000000000000e-01	0.000000000000000e+00	2.112931166172254e-03	6.421773832385227e-03	0.000000000000000e+00	7.480593922082157e-16	2.957834693272139e+05	1.848562838481965e+04	8.534704998557480e-03	3.910984106895747e+04	8.810254930349418e+03	9.172998006396729e+03	3.227621706485728e-17	-inf	
2	4.000000000000000e-01	0.000000000000000e+00	2.112931166172254e-03	6.421773832385227e-03	0.000000000000000e+00	-6.129994289949472e-16	2.957834693272139e+05	1.848562838481965e+04	8.534704998557480e-03	3.910984106895747e+04	8.810254930349418e+03	9.172998006396729e+03	2.644883927260073e-17	-inf	
3	6.000000000000001e-01	0.000000000000000e+00	2.112931166172254e-03	6.421773832385227e-03	0.000000000000000e+00	-1.855369191616789e-16	2.957834693272139e+05	1.848562838481965e+04	8.534704998557480e-03	3.910984106895747e+04	8.810254930349418e+03	9.172998006396729e+03	8.005286664110757e-18	-inf	
4	8.000000000000000e-01	0.000000000000000e+00	2.112931166172254e-03	6.421773832385227e-03	1.557509676786131e-16	0.000000000000000e+00	2.957834693272139e+05	1.848562838481965e+04	8.534704998557480e-03	3.910984106895747e+04	8.810254930349418e+03	9.172998006396729e+03	6.720124221710531e-18	-inf	
5	1.000000000000000e+00	0.000000000000000e+00	2.112931166172255e-03	6.421773832385227e-03	2.455635694786882e-16	3.296918293926915e-16	2.957834693272139e+05	1.848562838481965e+04	8.534704998557482e-03	3.910984106895755e+04	8.810254930349436e+03	9.172998006396729e+03	1.773730145483234e-17	-inf	
6	0.000000000000000e+00	2.000000000000000e-01	2.112931166172254e-03	6.421773832385227e-03	0.000000000000000e+00	0.000000000000000e+00	2.957834693272139e+05	1.848562838481965e+04	8.534704998557480e-03	3.910984106895747e+04	8.810254930349418e+03	9.172998006396729e+03	0.000000000000000e+00	-inf	
7	2.000000000000000e-01	2.000000000000000e-01	2.112931166172254e-03	6.421773832385227e-03	-3.219611244276121e-16	-1.818989403545857e-18	2.957834693272139e+05	1.848562838481965e+04	8.534704998557480e-03	3.910984106895747e+04	8.810254930349418e+03	9.172998006396729e+03	1.389174856050252e-17	-inf	
8	4.000000000000000e-01	2.000000000000000e-01	2.112931166172254e-03	6.421773832385227e-03	-3.731202014023350e-16	1.575699570821589e-16	2.957834693272139e+05	1.848562838481965e+04	8.534704998557480e-03	3.910984106895747e+04	8.810254930349418e+03	9.172998006396729e+03	1.747554231994259e-17	-inf	
9	5.999999999999999e-01	2.000000000000000e-01	2.112931166172254e-03	6.421773832385227e-03	0.000000000000000e+00	2.517026587156588e-16	2.957834693272139e+05	1.848562838481965e+04	8.534704998557480e-03	3.910984106895747e+04	8.810254930349418e+03	9.172998006396729e+03	1.086011315829726e-17	-inf	
10	7.999999999999999e-01	2.000000000000000e-01	2.112931166172254e-03	6.421773832385227e-03	1.446096575818956e-16	-1.796252036001562e-16	2.957834693272139e+05	1.848562838481965e+04	8.534704998557480e-03	3.910984106895747e+04	8.810254930349418e+03	9.172998006396729e+03	9.949680730242235e-18	-inf	
11	1.000000000000000e+00	2.000000000000000e-01	2.112931166172255e-03	6.421773832385227e-03	2.532942744437594e-16	-1.218722900375714e-16	2.957834693272139e+05	1.848562838481965e+04	8.534704998557482e-03	3.910984106895755e+04	8.810254930349436e+03	9.172998006396729e+03	1.212801986009515e-17	-inf	
12	0.000000000000000e+00	3.999999999999999e-01	2.112931166172254e-03	6.421773832385227e-03	-8.212737157009303e-16	0.000000000000000e+00	2.957834693272139e+05	1.848562838481965e+04	8.534704998557480e-03	3.910984106895747e+04	8.810254930349418e+03	9.172998006396729e+03	3.543516596907717e-17	-inf	
13	2.000000000000000e-01	3.999999999999999e-01	2.112931166172254e-03	6.421773832385227e-03	3.145653384226626e-16	0.000000000000000e+00	2.957834693272139e+05	1.848562838481965e+04	8.534704998557480e-03	3.910984106895747e+04	8.810254930349418e+03	9.172998006396729e+03	1.357242386067677e-17	-inf	
14	3.999999999999999e-01	4.000000000000001e-01	2.112931166172255e-03	6.421773832385227e-03	1.026530729095693e-16	0.000000000000000e+00	2.957834693272139e+05	1.848562838481965e+04	8.534704998557482e-03	3.910984106895755e+04	8.810254930349436e+03	9.172998006396729e+03	4.429130759020882e-18	-inf	
15	6.000000000000001e-01	4.000000000000000e-01	2.112931166172255e-03	6.421773832385227e-03	-1.962234819075107e-16	-9.094947017729280e-19	2.957834693272139e+05	1.848562838481965e+04	8.534704998557482e-03	3.910984106895755e+04	8.810254930349436e+03	9.172998006396729e+03	8.466466421131895e-18	-inf	
16	8.000000000000000e-01	4.000000000000000e-01	2.112931166172254e-03	6.421773832385227e-03	-1.607531885383646e-16	0.000000000000000e+00	2.957834693272139e+05	1.848562838481965e+04	8.534704998557480e-03	3.910984106895747e+04	8.810254930349418e+03	9.172998006396729e+03	6.935953028831179e-18	-inf	
17	1.000000000000000e+00	4.000000000000000e-01	2.112931166172254e-03	6.421773832385227e-03	0.000000000000000e+00	0.000000000000000e+00	2.957834693272139e+05	1.848562838481965e+04	8.534704998557480e-03	3.910984106895747e+04	8.810254930349418e+03	9.172998006396729e+03	0.000000000000000e+00	-inf	
18	0.000000000000000e+00	6.000000000000000e-01	2.112931166172254e-03	6.421773832385227e-03	6.129994289949472e-16	1.557509676786130e-16	2.957834693272139e+05	1.848562838481965e+04	8.534704998557480e-03	3.910984106895747e+04	8.810254930349418e+03	9.172998006396729e+03	2.728921340792158e-17	-inf	
19	2.000000000000000e-01	6.000000000000000e-01	2.112931166172254e-03	6.421773832385227e-03	-2.934348723827515e-17	1.818989403545857e-18	2.957834693272139e+05	1.848562838481965e+04	8.534704998557480e-03	3.910984106895747e+04	8.810254930349418e+03	9.172998006396729e+03	1.268501852533186e-18	-inf	
20	4.000000000000001e-01	6.000000000000002e-01	2.112931166172254e-03	6.421773832385227e-03	0.000000000000000e+00	-1.575699570821591e-16	2.957834693272139e+05	1.848562838481965e+04	8.534704998557480e-03	3.910984106895747e+04	8.810254930349418e+03	9.172998006396729e+03	6.798607424299856e-18	-inf	
21	6.000000000000000e-01	6.000000000000001e-01	2.112931166172254e-03	6.421773832385227e-03	2.934348723827534e-17	-1.607531885383646e-16	2.957834693272139e+05	1.848562838481965e+04	8.534704998557480e-03	3.910984106895747e+04	8.810254930349418e+03	9.172998006396729e+03	7.050558967553131e-18	-inf	
22	8.000000000000000e-01	6.000000000000001e-01	2.112931166172254e-03	6.421773832385227e-03	1.616626832401374e-16	-9.094947017729286e-19	2.957834693272139e+05	1.848562838481965e+04	8.534704998557480e-03	3.910984106895747e+04	8.810254930349418e+03	9.172998006396729e+03	6.975305013503595e-18	-inf	
23	1.000000000000000e+00	6.000000000000001e-01	2.112931166172255e-03	6.421773832385227e-03	3.933564585167943e-16	-9.094947017729280e-19	2.957834693272139e+05	1.848562838481965e+04	8.534704998557482e-03	3.910984106895755e+04	8.810254930349436e+03	9.172998006396729e+03	1.697203792589309e-17	-inf	
24	0.000000000000000e+00	8.000000000000000e-01	2.112931166172255e-03	6.421773832385227e-03	-2.096385287586611e-16	0.000000000000000e+00	2.957834693272139e+05	1.848562838481965e+04	8.534704998557482e-03	3.910984106895755e+04	8.810254930349436e+03	9.172998006396729e+03	9.045189098419224e-18	-inf	
25	2.000000000000000e-01	8.000000000000000e-01	2.112931166172254e-03	6.421773832385227e-03	-1.607531885383646e-16	3.210516297258392e-16	2.957834693272139e+05	1.848562838481965e+04	8.534704998557480e-03	3.910984106895747e+04	8.810254930349418e+03	9.172998006396729e+03	1.549171556864714e-17	-inf	
26	3.999999999999999e-01	8.000000000000000e-01	2.112931166172254e-03	6.421773832385227e-03	-9.094947017729284e-19	0.000000000000000e+00	2.957834693272139e+05	1.848562838481965e+04	8.534704998557480e-03	3.910984106895747e+04	8.810254930349418e+03	9.172998006396729e+03	3.924160129466025e-20	-inf	
27	6.000000000000000e-01	8.000000000000000e-01	2.112931166172254e-03	6.421773832385227e-03	0.000000000000000e+00	-3.205968823749528e-16	2.957834693272139e+05	1.848562838481965e+04	8.534704998557480e-03	3.910984106895747e+04	8.810254930349418e+03	9.172998006396729e+03	1.383266445636754e-17	-inf	
28	8.000000000000000e-01	8.000000000000000e-01	2.112931166172254e-03	6.421773832385227e-03	0.000000000000000e+00	1.555235940031696e-16	2.957834693272139e+05	1.848562838481965e+04	8.534704998557480e-03	3.910984106895747e+04	8.810254930349418e+03	9.172998006396729e+03	6.710313821386851e-18	-inf	
29	1.000000000000000e+00	8.000000000000000e-01	2.112931166172254e-03	6.421773832385227e-03	-1.837179297581330e-16	-1.450644049327825e-16	2.957834693272139e+05	1.848562838481965e+04	8.534704998557480e-03	3.910984106895747e+04	8.810254930349418e+03	9.172998006396729e+03	1.009998699689202e-17	-inf	
30	0.000000000000000e+00	1.000000000000000e+00	2.112931166172254e-03	6.421773832385227e-03	1.818989403545857e-18	-3.133209247607724e-16	2.957834693272139e+05	1.848562838481965e+04	8.534704998557480e-03	3.910984106895747e+04	8.810254930349418e+03	9.172998006396729e+03	1.351895946180517e-17	-inf	
31	2.000000000000000e-01	1.000000000000000e+00	2.112931166172254e-03	6.421773832385227e-03	0.000000000000000e+00	0.000000000000000e+00	2.957834693272139e+05	1.848562838481965e+04	8.534704998557480e-03	3.910984106895747e+04	8.810254930349418e+03	9.172998006396729e+03	0.000000000000000e+00	-inf	
32	3.999999999999999e-01	1.000000000000000e+00	2.112931166172254e-03	6.421773832385227e-03	0.000000000000000e+00	0.000000000000000e+00	2.957834693272139e+05	1.848562838481965e+04	8.534704998557480e-03	3.910984106895747e+04	8.810254930349418e+03	9.172998006396729e+03	0.000000000000000e+00	-inf	
33	6.000000000000000e-01	1.000000000000000e+00	2.112931166172254e-03	6.421773832385227e-03	1.630269252927965e-16	-1.537046045996257e-16	2.957834693272139e+05	1.848562838481965e+04	8.534704998557480e-03	3.910984106895747e+04	8.810254930349418e+03	9.172998006396729e+03	9.667426528647847e-18	-inf	
34	8.000000000000000e-01	1.000000000000000e+00	2.112931166172255e-03	6.421773832385227e-03	0.000000000000000e+00	5.584297468885804e-16	2.957834693272139e+05	1.848562838481965e+04	8.534704998557482e-03	3.910984106895755e+04	8.810254930349436e+03	9.172998006396729e+03	2.409434319492147e-17	-inf	
35	1.000000000000000e+00	1.000000000000000e+00	2.112931166172254e-03	6.421773832385227e-03	-3.242348611820471e-16	-3.242348611820538e-16	2.957834693272139e+05	1.848562838481965e+04	8.534704998557480e-03	3.910984106895747e+04	8.810254930349418e+03	9.172998006396729e+03	1.978432569699218e-17	-inf	
EXT_ITER= 3402
AOA= 0.000000000000000e+00
SIDESLIP_ANGLE= 0.000000000000000e+00
INITIAL_BCTHRUST= 4.000000000000000e+03
DCD_DCL_VALUE= 0.000000000000000e+00
DCMX_DCL_VALUE= 0.000000000000000e+00
DCMY_DCL_VALUE= 0.000000000000000e+00
DCMZ_DCL_VALUE= 0.000000000000000e+00
