"PointID"	"x"	"y"	"Density[0]"	"Density[1]"	"Momentum_x"	"Momentum_y"	"Energy"	"Electronic_Energy"	"Total_Density"	"Pressure"	"Temperature"	"Tve"	"Mach"	"C<sub>p</sub>"
0	0.000000000000000e+00	0.000000000000000e+00	2.025488875864769e-03	6.509216122692708e-03	0.000000000000000e+00	0.000000000000000e+00	2.957834693272139e+05	1.685802276498567e+04	8.534704998557477e-03	3.846704543664301e+04	8.615085015054699e+03	8.849452928758163e+03	0.000000000000000e+00	-inf	
1	2.000000000000000e-01	0.000000000000000e+00	2.025488875864769e-03	6.509216122692708e-03	0.000000000000000e+00	9.945324563886815e-16	2.957834693272139e+05	1.685802276498567e+04	8.534704998557477e-03	3.846704543664301e+04	8.615085015054699e+03	8.849452928758163e+03	4.323452996973834e-17	-inf	
2	4.000000000000000e-01	0.000000000000000e+00	2.025488875864769e-03	6.509216122692708e-03	0.000000000000000e+00	-7.689777703489913e-16	2.957834693272139e+05	1.685802276498567e+04	8.534704998557477e-03	3.846704543664301e+04	8.615085015054699e+03	8.849452928758163e+03	3.342916789155319e-17	-inf	
3	6.000000000000001e-01	0.000000000000000e+00	2.025488875864769e-03	6.509216122692708e-03	0.000000000000000e+00	-4.106368578504841e-16	2.957834693272139e+05	1.685802276498567e+04	8.534704998557477e-03	3.846704543664301e+04	8.615085015054699e+03	8.849452928758163e+03	1.785129426734111e-17	-inf	
4	8.000000000000000e-01	0.000000000000000e+00	2.025488875864769e-03	6.509216122692708e-03	1.359694579150522e-16	0.000000000000000e+00	2.957834693272139e+05	1.685802276498567e+04	8.534704998557477e-03	3.846704543664301e+04	8.615085015054699e+03	8.849452928758163e+03	5.910893672131648e-18	-inf	
5	1.000000000000000e+00	0.000000000000000e+00	2.025488875864770e-03	6.509216122692708e-03	1.987245923373824e-16	2.164597390219592e-16	2.957834693272139e+05	1.685802276498567e+04	8.534704998557479e-03	3.846704543664303e+04	8.615085015054705e+03	8.849452928758161e+03	1.277419679728592e-17	-inf	
6	0.000000000000000e+00	2.000000000000000e-01	2.025488875864769e-03	6.509216122692708e-03	0.000000000000000e+00	0.000000000000000e+00	2.957834693272139e+05	1.685802276498567e+04	8.534704998557477e-03	3.846704543664301e+04	8.615085015054699e+03	8.849452928758163e+03	0.000000000000000e+00	-inf	
7	2.000000000000000e-01	2.000000000000000e-01	2.025488875864769e-03	6.509216122692708e-03	-3.883542376570303e-16	-1.818989403545857e-18	2.957834693272139e+05	1.685802276498567e+04	8.534704998557477e-03	3.846704543664301e+04	8.615085015054699e+03	8.849452928758163e+03	1.688280457212684e-17	-inf	
8	4.000000000000000e-01	2.000000000000000e-01	2.025488875864769e-03	6.509216122692708e-03	-4.963567334925677e-16	1.377884473185980e-16	2.957834693272139e+05	1.685802276498567e+04	8.534704998557477e-03	3.846704543664301e+04	8.615085015054699e+03	8.849452928758163e+03	2.239370543924008e-17	-inf	
9	5.999999999999999e-01	2.000000000000000e-01	2.025488875864769e-03	6.509216122692708e-03	0.000000000000000e+00	3.424247552175131e-16	2.957834693272139e+05	1.685802276498567e+04	8.534704998557477e-03	3.846704543664301e+04	8.615085015054699e+03	8.849452928758163e+03	1.488596299369639e-17	-inf	
10	7.999999999999999e-01	2.000000000000000e-01	2.025488875864769e-03	6.509216122692708e-03	1.214175426866861e-16	-2.576143742771828e-16	2.957834693272139e+05	1.685802276498567e+04	8.534704998557477e-03	3.846704543664301e+04	8.615085015054699e+03	8.849452928758163e+03	1.238060825965340e-17	-inf	
11	1.000000000000000e+00	2.000000000000000e-01	2.025488875864770e-03	6.509216122692708e-03	2.096385287586593e-16	-1.000444171950214e-16	2.957834693272139e+05	1.685802276498567e+04	8.534704998557479e-03	3.846704543664303e+04	8.615085015054705e+03	8.849452928758161e+03	1.009802580007114e-17	-inf	
12	0.000000000000000e+00	3.999999999999999e-01	2.025488875864769e-03	6.509216122692708e-03	-1.080024958355348e-15	0.000000000000000e+00	2.957834693272139e+05	1.685802276498567e+04	8.534704998557477e-03	3.846704543664301e+04	8.615085015054699e+03	8.849452928758163e+03	4.695107849937347e-17	-inf	
13	2.000000000000000e-01	3.999999999999999e-01	2.025488875864769e-03	6.509216122692708e-03	3.656748937790505e-16	0.000000000000000e+00	2.957834693272139e+05	1.685802276498567e+04	8.534704998557477e-03	3.846704543664301e+04	8.615085015054699e+03	8.849452928758163e+03	1.589669804410334e-17	-inf	
14	3.999999999999999e-01	4.000000000000001e-01	2.025488875864770e-03	6.509216122692708e-03	9.532759367704621e-17	0.000000000000000e+00	2.957834693272139e+05	1.685802276498567e+04	8.534704998557479e-03	3.846704543664303e+04	8.615085015054705e+03	8.849452928758161e+03	4.144101762891643e-18	-inf	
15	6.000000000000001e-01	4.000000000000000e-01	2.025488875864770e-03	6.509216122692708e-03	-2.858087100321472e-16	-9.094947017729280e-19	2.957834693272139e+05	1.685802276498567e+04	8.534704998557479e-03	3.846704543664303e+04	8.615085015054705e+03	8.849452928758161e+03	1.242480094452709e-17	-inf	
16	8.000000000000000e-01	4.000000000000000e-01	2.025488875864769e-03	6.509216122692708e-03	-1.423359208274631e-16	0.000000000000000e+00	2.957834693272139e+05	1.685802276498567e+04	8.534704998557477e-03	3.846704543664301e+04	8.615085015054699e+03	8.849452928758163e+03	6.187657924338499e-18	-inf	
17	1.000000000000000e+00	4.000000000000000e-01	2.025488875864769e-03	6.509216122692708e-03	0.000000000000000e+00	0.000000000000000e+00	2.957834693272139e+05	1.685802276498567e+04	8.534704998557477e-03	3.846704543664301e+04	8.615085015054699e+03	8.849452928758163e+03	0.000000000000000e+00	-inf	
18	0.000000000000000e+00	6.000000000000000e-01	2.025488875864769e-03	6.509216122692708e-03	7.689777703489913e-16	1.359694579150521e-16	2.957834693272139e+05	1.685802276498567e+04	8.534704998557477e-03	3.846704543664301e+04	8.615085015054699e+03	8.849452928758163e+03	3.394772348663304e-17	-inf	
19	2.000000000000000e-01	6.000000000000000e-01	2.025488875864769e-03	6.509216122692708e-03	-2.216657286077085e-17	1.818989403545857e-18	2.957834693272139e+05	1.685802276498567e+04	8.534704998557477e-03	3.846704543664301e+04	8.615085015054699e+03	8.849452928758163e+03	9.668690729282851e-19	-inf	
20	4.000000000000001e-01	6.000000000000002e-01	2.025488875864769e-03	6.509216122692708e-03	0.000000000000000e+00	-1.377884473185982e-16	2.957834693272139e+05	1.685802276498567e+04	8.534704998557477e-03	3.846704543664301e+04	8.615085015054699e+03	8.849452928758163e+03	5.989969172762177e-18	-inf	
21	6.000000000000000e-01	6.000000000000001e-01	2.025488875864769e-03	6.509216122692708e-03	2.216657286077113e-17	-1.389253156958146e-16	2.957834693272139e+05	1.685802276498567e+04	8.534704998557477e-03	3.846704543664301e+04	8.615085015054699e+03	8.849452928758163e+03	6.115785385096080e-18	-inf	
22	8.000000000000000e-01	6.000000000000001e-01	2.025488875864769e-03	6.509216122692708e-03	1.432454155292358e-16	-9.094947017729286e-19	2.957834693272139e+05	1.685802276498567e+04	8.534704998557477e-03	3.846704543664301e+04	8.615085015054699e+03	8.849452928758163e+03	6.227321190056474e-18	-inf	
23	1.000000000000000e+00	6.000000000000001e-01	2.025488875864770e-03	6.509216122692708e-03	5.725269147660674e-16	-9.094947017729280e-19	2.957834693272139e+05	1.685802276498567e+04	8.534704998557479e-03	3.846704543664303e+04	8.615085015054705e+03	8.849452928758161e+03	2.488904522752881e-17	-inf	
24	0.000000000000000e+00	8.000000000000000e-01	2.025488875864770e-03	6.509216122692708e-03	-1.705302565824252e-16	0.000000000000000e+00	2.957834693272139e+05	1.685802276498567e+04	8.534704998557479e-03	3.846704543664303e+04	8.615085015054705e+03	8.849452928758161e+03	7.413328184111673e-18	-inf	
25	2.000000000000000e-01	8.000000000000000e-01	2.025488875864769e-03	6.509216122692708e-03	-1.389253156958147e-16	3.874447429552574e-16	2.957834693272139e+05	1.685802276498567e+04	8.534704998557477e-03	3.846704543664301e+04	8.615085015054699e+03	8.849452928758163e+03	1.789311730657639e-17	-inf	
26	3.999999999999999e-01	8.000000000000000e-01	2.025488875864769e-03	6.509216122692708e-03	-9.094947017729284e-19	0.000000000000000e+00	2.957834693272139e+05	1.685802276498567e+04	8.534704998557477e-03	3.846704543664301e+04	8.615085015054699e+03	8.849452928758163e+03	3.953775031526203e-20	-inf	
27	6.000000000000000e-01	8.000000000000000e-01	2.025488875864769e-03	6.509216122692708e-03	0.000000000000000e+00	-4.515641194302450e-16	2.957834693272139e+05	1.685802276498567e+04	8.534704998557477e-03	3.846704543664301e+04	8.615085015054699e+03	8.849452928758163e+03	1.963049303152699e-17	-inf	
28	8.000000000000000e-01	8.000000000000000e-01	2.025488875864769e-03	6.509216122692708e-03	0.000000000000000e+00	1.357420842396087e-16	2.957834693272139e+05	1.685802276498567e+04	8.534704998557477e-03	3.846704543664301e+04	8.615085015054699e+03	8.849452928758163e+03	5.901009234552819e-18	-inf	
29	1.000000000000000e+00	8.000000000000000e-01	2.025488875864769e-03	6.509216122692708e-03	-4.088178684469382e-16	-1.218722900375731e-16	2.957834693272139e+05	1.685802276498567e+04	8.534704998557477e-03	3.846704543664301e+04	8.615085015054699e+03	8.849452928758163e+03	1.854511213794289e-17	-inf	
30	0.000000000000000e+00	1.000000000000000e+00	2.025488875864769e-03	6.509216122692708e-03	1.818989403545857e-18	-2.737579052336506e-16	2.957834693272139e+05	1.685802276498567e+04	8.534704998557477e-03	3.846704543664301e+04	8.615085015054699e+03	8.849452928758163e+03	1.190112555129869e-17	-inf	
31	2.000000000000000e-01	1.000000000000000e+00	2.025488875864769e-03	6.509216122692708e-03	0.000000000000000e+00	0.000000000000000e+00	2.957834693272139e+05	1.685802276498567e+04	8.534704998557477e-03	3.846704543664301e+04	8.615085015054699e+03	8.849452928758163e+03	0.000000000000000e+00	-inf	
32	3.999999999999999e-01	1.000000000000000e+00	2.025488875864769e-03	6.509216122692708e-03	0.000000000000000e+00	0.000000000000000e+00	2.957834693272139e+05	1.685802276498567e+04	8.534704998557477e-03	3.846704543664301e+04	8.615085015054699e+03	8.849452928758163e+03	0.000000000000000e+00	-inf	
33	6.000000000000000e-01	1.000000000000000e+00	2.025488875864769e-03	6.509216122692708e-03	1.446096575818949e-16	-2.728484105318821e-16	2.957834693272139e+05	1.685802276498567e+04	8.534704998557477e-03	3.846704543664301e+04	8.615085015054699e+03	8.849452928758163e+03	1.342427443733111e-17	-inf	
34	8.000000000000000e-01	1.000000000000000e+00	2.025488875864770e-03	6.509216122692708e-03	0.000000000000000e+00	4.424691724125254e-16	2.957834693272139e+05	1.685802276498567e+04	8.534704998557479e-03	3.846704543664303e+04	8.615085015054705e+03	8.849452928758161e+03	1.923511552837478e-17	-inf	
35	1.000000000000000e+00	1.000000000000000e+00	2.025488875864769e-03	6.509216122692708e-03	-2.874003257602440e-16	-2.269189280923481e-16	2.957834693272139e+05	1.685802276498567e+04	8.534704998557477e-03	3.846704543664301e+04	8.615085015054699e+03	8.849452928758163e+03	1.591885526598346e-17	-inf	
EXT_ITER= 4809
AOA= 0.000000000000000e+00
SIDESLIP_ANGLE= 0.000000000000000e+00
INITIAL_BCTHRUST= 4.000000000000000e+03
DCD_DCL_VALUE= 0.000000000000000e+00
DCMX_DCL_VALUE= 0.000000000000000e+00
DCMY_DCL_VALUE= 0.000000000000000e+00
DCMZ_DCL_VALUE= 0.000000000000000e+00
