"PointID"	"x"	"y"	"Density[0]"	"Density[1]"	"Momentum_x"	"Momentum_y"	"Energy"	"Electronic_Energy"	"Total_Density"	"Pressure"	"Temperature"	"Tve"	"Mach"	"C<sub>p</sub>"
0	0.000000000000000e+00	0.000000000000000e+00	1.926839654608953e-03	6.607865343948557e-03	0.000000000000000e+00	0.000000000000000e+00	2.957834693272139e+05	1.522713777797945e+04	8.534704998557510e-03	3.760726563021357e+04	8.367658404611682e+03	8.519778666055145e+03	0.000000000000000e+00	-inf	
1	2.000000000000000e-01	0.000000000000000e+00	1.926839654608953e-03	6.607865343948557e-03	0.000000000000000e+00	1.283751771552511e-15	2.957834693272139e+05	1.522713777797945e+04	8.534704998557510e-03	3.760726563021357e+04	8.367658404611682e+03	8.519778666055145e+03	5.639327281389354e-17	-inf	
2	4.000000000000000e-01	0.000000000000000e+00	1.926839654608953e-03	6.607865343948557e-03	0.000000000000000e+00	-9.890754881780432e-16	2.957834693272139e+05	1.522713777797945e+04	8.534704998557510e-03	3.760726563021357e+04	8.367658404611682e+03	8.519778666055145e+03	4.344858957499619e-17	-inf	
3	6.000000000000001e-01	0.000000000000000e+00	1.926839654608953e-03	6.607865343948557e-03	0.000000000000000e+00	-8.399183570872737e-16	2.957834693272139e+05	1.522713777797945e+04	8.534704998557510e-03	3.760726563021357e+04	8.367658404611682e+03	8.519778666055145e+03	3.689634250345603e-17	-inf	
4	8.000000000000000e-01	0.000000000000000e+00	1.926839654608953e-03	6.607865343948557e-03	2.064552973024547e-16	0.000000000000000e+00	2.957834693272139e+05	1.522713777797945e+04	8.534704998557510e-03	3.760726563021357e+04	8.367658404611682e+03	8.519778666055145e+03	9.069268812436135e-18	-inf	
5	1.000000000000000e+00	0.000000000000000e+00	1.926839654608954e-03	6.607865343948557e-03	3.669811121653754e-16	-4.138200893066815e-17	2.957834693272139e+05	1.522713777797946e+04	8.534704998557512e-03	3.760726563021354e+04	8.367658404611677e+03	8.519778666055145e+03	1.622309454653592e-17	-inf	
6	0.000000000000000e+00	2.000000000000000e-01	1.926839654608953e-03	6.607865343948557e-03	0.000000000000000e+00	0.000000000000000e+00	2.957834693272139e+05	1.522713777797945e+04	8.534704998557510e-03	3.760726563021357e+04	8.367658404611682e+03	8.519778666055145e+03	0.000000000000000e+00	-inf	
7	2.000000000000000e-01	2.000000000000000e-01	1.926839654608953e-03	6.607865343948557e-03	-5.768470145994826e-16	-1.818989403545857e-18	2.957834693272139e+05	1.522713777797945e+04	8.534704998557510e-03	3.760726563021357e+04	8.367658404611682e+03	8.519778666055145e+03	2.534014247850388e-17	-inf	
8	4.000000000000000e-01	2.000000000000000e-01	1.926839654608953e-03	6.607865343948557e-03	-6.409663910744825e-16	2.082742867060005e-16	2.957834693272139e+05	1.522713777797945e+04	8.534704998557510e-03	3.760726563021357e+04	8.367658404611682e+03	8.519778666055145e+03	2.960584782824177e-17	-inf	
9	5.999999999999999e-01	2.000000000000000e-01	1.926839654608953e-03	6.607865343948557e-03	0.000000000000000e+00	6.384652806445987e-16	2.957834693272139e+05	1.522713777797945e+04	8.534704998557510e-03	3.760726563021357e+04	8.367658404611682e+03	8.519778666055145e+03	2.804681368427400e-17	-inf	
10	7.999999999999999e-01	2.000000000000000e-01	1.926839654608953e-03	6.607865343948557e-03	1.962234819075098e-16	-4.329194780439000e-16	2.957834693272139e+05	1.522713777797945e+04	8.534704998557510e-03	3.760726563021357e+04	8.367658404611682e+03	8.519778666055145e+03	2.087980311293703e-17	-inf	
11	1.000000000000000e+00	2.000000000000000e-01	1.926839654608954e-03	6.607865343948557e-03	3.719833330251286e-16	-1.828084350563586e-16	2.957834693272139e+05	1.522713777797946e+04	8.534704998557512e-03	3.760726563021354e+04	8.367658404611677e+03	8.519778666055145e+03	1.820731249217432e-17	-inf	
12	0.000000000000000e+00	3.999999999999999e-01	1.926839654608953e-03	6.607865343948557e-03	-1.263742888113523e-15	0.000000000000000e+00	2.957834693272139e+05	1.522713777797945e+04	8.534704998557510e-03	3.760726563021357e+04	8.367658404611682e+03	8.519778666055145e+03	5.551431284088281e-17	-inf	
13	2.000000000000000e-01	3.999999999999999e-01	1.926839654608953e-03	6.607865343948557e-03	5.189785078001955e-16	0.000000000000000e+00	2.957834693272139e+05	1.522713777797945e+04	8.534704998557510e-03	3.760726563021357e+04	8.367658404611682e+03	8.519778666055145e+03	2.279794055476141e-17	-inf	
14	3.999999999999999e-01	4.000000000000001e-01	1.926839654608954e-03	6.607865343948557e-03	1.595007269244432e-16	0.000000000000000e+00	2.957834693272139e+05	1.522713777797946e+04	8.534704998557512e-03	3.760726563021354e+04	8.367658404611677e+03	8.519778666055145e+03	7.006625585090022e-18	-inf	
15	6.000000000000001e-01	4.000000000000000e-01	1.926839654608954e-03	6.607865343948557e-03	-5.898073140997483e-16	-9.094947017729280e-19	2.957834693272139e+05	1.522713777797946e+04	8.534704998557512e-03	3.760726563021354e+04	8.367658404611677e+03	8.519778666055145e+03	2.590937364474837e-17	-inf	
16	8.000000000000000e-01	4.000000000000000e-01	1.926839654608953e-03	6.607865343948557e-03	-2.166871126974005e-16	0.000000000000000e+00	2.957834693272139e+05	1.522713777797945e+04	8.534704998557510e-03	3.760726563021357e+04	8.367658404611682e+03	8.519778666055145e+03	9.518736980453363e-18	-inf	
17	1.000000000000000e+00	4.000000000000000e-01	1.926839654608953e-03	6.607865343948557e-03	0.000000000000000e+00	0.000000000000000e+00	2.957834693272139e+05	1.522713777797945e+04	8.534704998557510e-03	3.760726563021357e+04	8.367658404611682e+03	8.519778666055145e+03	0.000000000000000e+00	-inf	
18	0.000000000000000e+00	6.000000000000000e-01	1.926839654608953e-03	6.607865343948557e-03	9.890754881780432e-16	2.064552973024546e-16	2.957834693272139e+05	1.522713777797945e+04	8.534704998557510e-03	3.760726563021357e+04	8.367658404611682e+03	8.519778666055145e+03	4.438503771372391e-17	-inf	
19	2.000000000000000e-01	6.000000000000000e-01	1.926839654608953e-03	6.607865343948557e-03	6.590023789887514e-18	1.818989403545857e-18	2.957834693272139e+05	1.522713777797945e+04	8.534704998557510e-03	3.760726563021357e+04	8.367658404611682e+03	8.519778666055145e+03	3.003151847147462e-19	-inf	
20	4.000000000000001e-01	6.000000000000002e-01	1.926839654608953e-03	6.607865343948557e-03	0.000000000000000e+00	-2.082742867060007e-16	2.957834693272139e+05	1.522713777797945e+04	8.534704998557510e-03	3.760726563021357e+04	8.367658404611682e+03	8.519778666055145e+03	9.149174264528089e-18	-inf	
21	6.000000000000000e-01	6.000000000000001e-01	1.926839654608953e-03	6.607865343948557e-03	-6.590023789887081e-18	-2.203250915044923e-16	2.957834693272139e+05	1.522713777797945e+04	8.534704998557510e-03	3.760726563021357e+04	8.367658404611682e+03	8.519778666055145e+03	9.682876302220981e-18	-inf	
22	8.000000000000000e-01	6.000000000000001e-01	1.926839654608953e-03	6.607865343948557e-03	2.175966073991733e-16	-9.094947017729286e-19	2.957834693272139e+05	1.522713777797945e+04	8.534704998557510e-03	3.760726563021357e+04	8.367658404611682e+03	8.519778666055145e+03	9.558773201904873e-18	-inf	
23	1.000000000000000e+00	6.000000000000001e-01	1.926839654608954e-03	6.607865343948557e-03	1.180524122901269e-15	-9.094947017729280e-19	2.957834693272139e+05	1.522713777797946e+04	8.534704998557512e-03	3.760726563021354e+04	8.367658404611677e+03	8.519778666055145e+03	5.185865379778277e-17	-inf	
24	0.000000000000000e+00	8.000000000000000e-01	1.926839654608954e-03	6.607865343948557e-03	-3.351487976033260e-16	0.000000000000000e+00	2.957834693272139e+05	1.522713777797946e+04	8.534704998557512e-03	3.760726563021354e+04	8.367658404611677e+03	8.519778666055145e+03	1.472257954794157e-17	-inf	
25	2.000000000000000e-01	8.000000000000000e-01	1.926839654608953e-03	6.607865343948557e-03	-2.203250915044924e-16	5.759375198977095e-16	2.957834693272139e+05	1.522713777797945e+04	8.534704998557510e-03	3.760726563021357e+04	8.367658404611682e+03	8.519778666055145e+03	2.708814345522989e-17	-inf	
26	3.999999999999999e-01	8.000000000000000e-01	1.926839654608953e-03	6.607865343948557e-03	-9.094947017729284e-19	0.000000000000000e+00	2.957834693272139e+05	1.522713777797945e+04	8.534704998557510e-03	3.760726563021357e+04	8.367658404611682e+03	8.519778666055145e+03	3.995272604597418e-20	-inf	
27	6.000000000000000e-01	8.000000000000000e-01	1.926839654608953e-03	6.607865343948557e-03	0.000000000000000e+00	-6.180016498547130e-16	2.957834693272139e+05	1.522713777797945e+04	8.534704998557510e-03	3.760726563021357e+04	8.367658404611682e+03	8.519778666055145e+03	2.714787734823981e-17	-inf	
28	8.000000000000000e-01	8.000000000000000e-01	1.926839654608953e-03	6.607865343948557e-03	0.000000000000000e+00	2.064552973024542e-16	2.957834693272139e+05	1.522713777797945e+04	8.534704998557510e-03	3.760726563021357e+04	8.367658404611682e+03	8.519778666055145e+03	9.069268812436114e-18	-inf	
29	1.000000000000000e+00	8.000000000000000e-01	1.926839654608953e-03	6.607865343948557e-03	-8.380993676837280e-16	-1.932676241267486e-16	2.957834693272139e+05	1.522713777797945e+04	8.534704998557510e-03	3.760726563021357e+04	8.367658404611682e+03	8.519778666055145e+03	3.778265952675289e-17	-inf	
30	0.000000000000000e+00	1.000000000000000e+00	1.926839654608953e-03	6.607865343948557e-03	1.818989403545857e-18	-4.147295840084555e-16	2.957834693272139e+05	1.522713777797945e+04	8.534704998557510e-03	3.760726563021357e+04	8.367658404611682e+03	8.519778666055145e+03	1.821861830737611e-17	-inf	
31	2.000000000000000e-01	1.000000000000000e+00	1.926839654608953e-03	6.607865343948557e-03	0.000000000000000e+00	0.000000000000000e+00	2.957834693272139e+05	1.522713777797945e+04	8.534704998557510e-03	3.760726563021357e+04	8.367658404611682e+03	8.519778666055145e+03	0.000000000000000e+00	-inf	
32	3.999999999999999e-01	1.000000000000000e+00	1.926839654608953e-03	6.607865343948557e-03	0.000000000000000e+00	0.000000000000000e+00	2.957834693272139e+05	1.522713777797945e+04	8.534704998557510e-03	3.760726563021357e+04	8.367658404611682e+03	8.519778666055145e+03	0.000000000000000e+00	-inf	
33	6.000000000000000e-01	1.000000000000000e+00	1.926839654608953e-03	6.607865343948557e-03	2.189608494518325e-16	-5.893525667488531e-16	2.957834693272139e+05	1.522713777797945e+04	8.534704998557510e-03	3.760726563021357e+04	8.367658404611682e+03	8.519778666055145e+03	2.761842001555902e-17	-inf	
34	8.000000000000000e-01	1.000000000000000e+00	1.926839654608954e-03	6.607865343948557e-03	0.000000000000000e+00	2.746673999354191e-16	2.957834693272139e+05	1.522713777797946e+04	8.534704998557512e-03	3.760726563021354e+04	8.367658404611677e+03	8.519778666055145e+03	1.206572326588397e-17	-inf	
35	1.000000000000000e+00	1.000000000000000e+00	1.926839654608953e-03	6.607865343948557e-03	-4.361027095001191e-16	9.549694368615781e-18	2.957834693272139e+05	1.522713777797945e+04	8.534704998557510e-03	3.760726563021357e+04	8.367658404611682e+03	8.519778666055145e+03	1.916192469392850e-17	-inf	
EXT_ITER= 7302
AOA= 0.000000000000000e+00
SIDESLIP_ANGLE= 0.000000000000000e+00
INITIAL_BCTHRUST= 4.000000000000000e+03
DCD_DCL_VALUE= 0.000000000000000e+00
DCMX_DCL_VALUE= 0.000000000000000e+00
DCMY_DCL_VALUE= 0.000000000000000e+00
DCMZ_DCL_VALUE= 0.000000000000000e+00
