"PointID"	"x"	"y"	"Density[0]"	"Density[1]"	"Momentum_x"	"Momentum_y"	"Energy"	"Electronic_Energy"	"Total_Density"	"Pressure"	"Temperature"	"Tve"	"Mach"	"C<sub>p</sub>"
0	0.000000000000000e+00	0.000000000000000e+00	1.990934545618871e-03	6.543770452938610e-03	0.000000000000000e+00	0.000000000000000e+00	2.957834693272139e+05	1.626905438158814e+04	8.534704998557482e-03	3.817788169409078e+04	8.530729658419979e+03	8.731105216887030e+03	0.000000000000000e+00	-inf	
1	2.000000000000000e-01	0.000000000000000e+00	1.990934545618871e-03	6.543770452938610e-03	0.000000000000000e+00	1.112766767619178e-15	2.957834693272139e+05	1.626905438158814e+04	8.534704998557482e-03	3.817788169409078e+04	8.530729658419979e+03	8.731105216887030e+03	4.854261374707981e-17	-inf	
2	4.000000000000000e-01	0.000000000000000e+00	1.990934545618871e-03	6.543770452938610e-03	0.000000000000000e+00	-8.262759365606810e-16	2.957834693272139e+05	1.626905438158814e+04	8.534704998557482e-03	3.817788169409078e+04	8.530729658419979e+03	8.731105216887030e+03	3.604492406147994e-17	-inf	
3	6.000000000000001e-01	0.000000000000000e+00	1.990934545618871e-03	6.543770452938610e-03	0.000000000000000e+00	-5.484253051690748e-16	2.957834693272139e+05	1.626905438158814e+04	8.534704998557482e-03	3.817788169409078e+04	8.530729658419979e+03	8.731105216887030e+03	2.392414882671767e-17	-inf	
4	8.000000000000000e-01	0.000000000000000e+00	1.990934545618871e-03	6.543770452938610e-03	8.594724931754112e-17	0.000000000000000e+00	2.957834693272139e+05	1.626905438158814e+04	8.534704998557482e-03	3.817788169409078e+04	8.530729658419979e+03	8.731105216887030e+03	3.749306905679616e-18	-inf	
5	1.000000000000000e+00	0.000000000000000e+00	1.990934545618872e-03	6.543770452938610e-03	9.958966984413289e-17	1.282387529499830e-16	2.957834693272139e+05	1.626905438158814e+04	8.534704998557482e-03	3.817788169409077e+04	8.530729658419978e+03	8.731105216887030e+03	7.083024299811831e-18	-inf	
6	0.000000000000000e+00	2.000000000000000e-01	1.990934545618871e-03	6.543770452938610e-03	0.000000000000000e+00	0.000000000000000e+00	2.957834693272139e+05	1.626905438158814e+04	8.534704998557482e-03	3.817788169409078e+04	8.530729658419979e+03	8.731105216887030e+03	0.000000000000000e+00	-inf	
7	2.000000000000000e-01	2.000000000000000e-01	1.990934545618871e-03	6.543770452938610e-03	-4.260982677806037e-16	-1.818989403545857e-18	2.957834693272139e+05	1.626905438158814e+04	8.534704998557482e-03	3.817788169409078e+04	8.530729658419979e+03	8.731105216887030e+03	1.858800307742903e-17	-inf	
8	4.000000000000000e-01	2.000000000000000e-01	1.990934545618871e-03	6.543770452938610e-03	-5.554738891078159e-16	8.776623872108693e-17	2.957834693272139e+05	1.626905438158814e+04	8.534704998557482e-03	3.817788169409078e+04	8.530729658419979e+03	8.731105216887030e+03	2.453223573482560e-17	-inf	
9	5.999999999999999e-01	2.000000000000000e-01	1.990934545618871e-03	6.543770452938610e-03	0.000000000000000e+00	3.601599019020885e-16	2.957834693272139e+05	1.626905438158814e+04	8.534704998557482e-03	3.817788169409078e+04	8.530729658419979e+03	8.731105216887030e+03	1.571138131903889e-17	-inf	
10	7.999999999999999e-01	2.000000000000000e-01	1.990934545618871e-03	6.543770452938610e-03	7.366907084360750e-17	-2.862634573830277e-16	2.957834693272139e+05	1.626905438158814e+04	8.534704998557482e-03	3.817788169409078e+04	8.530729658419979e+03	8.731105216887030e+03	1.289465918792103e-17	-inf	
11	1.000000000000000e+00	2.000000000000000e-01	1.990934545618872e-03	6.543770452938610e-03	1.114131009671829e-16	-4.911271389573727e-17	2.957834693272139e+05	1.626905438158814e+04	8.534704998557482e-03	3.817788169409077e+04	8.530729658419978e+03	8.731105216887030e+03	5.311478755910838e-18	-inf	
12	0.000000000000000e+00	3.999999999999999e-01	1.990934545618871e-03	6.543770452938610e-03	-1.220996637130171e-15	0.000000000000000e+00	2.957834693272139e+05	1.626905438158814e+04	8.534704998557482e-03	3.817788169409078e+04	8.530729658419979e+03	8.731105216887030e+03	5.326396318386221e-17	-inf	
13	2.000000000000000e-01	3.999999999999999e-01	1.990934545618871e-03	6.543770452938610e-03	3.621688888601021e-16	0.000000000000000e+00	2.957834693272139e+05	1.626905438158814e+04	8.534704998557482e-03	3.817788169409078e+04	8.530729658419979e+03	8.731105216887030e+03	1.579902005948620e-17	-inf	
14	3.999999999999999e-01	4.000000000000001e-01	1.990934545618872e-03	6.543770452938610e-03	6.135351624870470e-17	0.000000000000000e+00	2.957834693272139e+05	1.626905438158814e+04	8.534704998557482e-03	3.817788169409077e+04	8.530729658419978e+03	8.731105216887030e+03	2.676445889607396e-18	-inf	
15	6.000000000000001e-01	4.000000000000000e-01	1.990934545618872e-03	6.543770452938610e-03	-3.087734512519171e-16	-9.094947017729280e-19	2.957834693272139e+05	1.626905438158814e+04	8.534704998557482e-03	3.817788169409077e+04	8.530729658419978e+03	8.731105216887030e+03	1.346979064839391e-17	-inf	
16	8.000000000000000e-01	4.000000000000000e-01	1.990934545618871e-03	6.543770452938610e-03	-9.663381206337355e-17	0.000000000000000e+00	2.957834693272139e+05	1.626905438158814e+04	8.534704998557482e-03	3.817788169409078e+04	8.530729658419979e+03	8.731105216887030e+03	4.215490568555149e-18	-inf	
17	1.000000000000000e+00	4.000000000000000e-01	1.990934545618871e-03	6.543770452938610e-03	0.000000000000000e+00	0.000000000000000e+00	2.957834693272139e+05	1.626905438158814e+04	8.534704998557482e-03	3.817788169409078e+04	8.530729658419979e+03	8.731105216887030e+03	0.000000000000000e+00	-inf	
18	0.000000000000000e+00	6.000000000000000e-01	1.990934545618871e-03	6.543770452938610e-03	8.262759365606810e-16	8.594724931754106e-17	2.957834693272139e+05	1.626905438158814e+04	8.534704998557482e-03	3.817788169409078e+04	8.530729658419979e+03	8.731105216887030e+03	3.623939641979198e-17	-inf	
19	2.000000000000000e-01	6.000000000000000e-01	1.990934545618871e-03	6.543770452938610e-03	3.335852889714577e-18	1.818989403545857e-18	2.957834693272139e+05	1.626905438158814e+04	8.534704998557482e-03	3.817788169409078e+04	8.530729658419979e+03	8.731105216887030e+03	1.657494238165554e-19	-inf	
20	4.000000000000001e-01	6.000000000000002e-01	1.990934545618871e-03	6.543770452938610e-03	0.000000000000000e+00	-8.776623872108708e-17	2.957834693272139e+05	1.626905438158814e+04	8.534704998557482e-03	3.817788169409078e+04	8.530729658419979e+03	8.731105216887030e+03	3.828657316381834e-18	-inf	
21	6.000000000000000e-01	6.000000000000001e-01	1.990934545618871e-03	6.543770452938610e-03	-3.335852889714226e-18	-8.776623872108760e-17	2.957834693272139e+05	1.626905438158814e+04	8.534704998557482e-03	3.817788169409078e+04	8.530729658419979e+03	8.731105216887030e+03	3.831421828786441e-18	-inf	
22	8.000000000000000e-01	6.000000000000001e-01	1.990934545618871e-03	6.543770452938610e-03	9.754330676514627e-17	-9.094947017729286e-19	2.957834693272139e+05	1.626905438158814e+04	8.534704998557482e-03	3.817788169409078e+04	8.530729658419979e+03	8.731105216887030e+03	4.255350735878631e-18	-inf	
23	1.000000000000000e+00	6.000000000000001e-01	1.990934545618872e-03	6.543770452938610e-03	6.184563972056072e-16	-9.094947017729280e-19	2.957834693272139e+05	1.626905438158814e+04	8.534704998557482e-03	3.817788169409077e+04	8.530729658419978e+03	8.731105216887030e+03	2.697916881168301e-17	-inf	
24	0.000000000000000e+00	8.000000000000000e-01	1.990934545618872e-03	6.543770452938610e-03	-8.958522812463449e-17	0.000000000000000e+00	2.957834693272139e+05	1.626905438158814e+04	8.534704998557482e-03	3.817788169409077e+04	8.530729658419978e+03	8.731105216887030e+03	3.908007727084117e-18	-inf	
25	2.000000000000000e-01	8.000000000000000e-01	1.990934545618871e-03	6.543770452938610e-03	-8.776623872108765e-17	4.251887730788308e-16	2.957834693272139e+05	1.626905438158814e+04	8.534704998557482e-03	3.817788169409078e+04	8.530729658419979e+03	8.731105216887030e+03	1.893918690568110e-17	-inf	
26	3.999999999999999e-01	8.000000000000000e-01	1.990934545618871e-03	6.543770452938610e-03	-9.094947017729284e-19	0.000000000000000e+00	2.957834693272139e+05	1.626905438158814e+04	8.534704998557482e-03	3.817788169409078e+04	8.530729658419979e+03	8.731105216887030e+03	3.967520535110733e-20	-inf	
27	6.000000000000000e-01	8.000000000000000e-01	1.990934545618871e-03	6.543770452938610e-03	0.000000000000000e+00	-5.204583430895535e-16	2.957834693272139e+05	1.626905438158814e+04	8.534704998557482e-03	3.817788169409078e+04	8.530729658419979e+03	8.731105216887030e+03	2.270413626217096e-17	-inf	
28	8.000000000000000e-01	8.000000000000000e-01	1.990934545618871e-03	6.543770452938610e-03	0.000000000000000e+00	8.571987564209756e-17	2.957834693272139e+05	1.626905438158814e+04	8.534704998557482e-03	3.817788169409078e+04	8.530729658419979e+03	8.731105216887030e+03	3.739388104341825e-18	-inf	
29	1.000000000000000e+00	8.000000000000000e-01	1.990934545618871e-03	6.543770452938610e-03	-5.466063157655291e-16	-7.275957614183519e-17	2.957834693272139e+05	1.626905438158814e+04	8.534704998557482e-03	3.817788169409078e+04	8.530729658419979e+03	8.731105216887030e+03	2.405511986638582e-17	-inf	
30	0.000000000000000e+00	1.000000000000000e+00	1.990934545618871e-03	6.543770452938610e-03	1.818989403545857e-18	-1.737134880386284e-16	2.957834693272139e+05	1.626905438158814e+04	8.534704998557482e-03	3.817788169409078e+04	8.530729658419979e+03	8.731105216887030e+03	7.578379657850489e-18	-inf	
31	2.000000000000000e-01	1.000000000000000e+00	1.990934545618871e-03	6.543770452938610e-03	0.000000000000000e+00	0.000000000000000e+00	2.957834693272139e+05	1.626905438158814e+04	8.534704998557482e-03	3.817788169409078e+04	8.530729658419979e+03	8.731105216887030e+03	0.000000000000000e+00	-inf	
32	3.999999999999999e-01	1.000000000000000e+00	1.990934545618871e-03	6.543770452938610e-03	0.000000000000000e+00	0.000000000000000e+00	2.957834693272139e+05	1.626905438158814e+04	8.534704998557482e-03	3.817788169409078e+04	8.530729658419979e+03	8.731105216887030e+03	0.000000000000000e+00	-inf	
33	6.000000000000000e-01	1.000000000000000e+00	1.990934545618871e-03	6.543770452938610e-03	9.890754881780548e-17	-3.301465767435780e-16	2.957834693272139e+05	1.626905438158814e+04	8.534704998557482e-03	3.817788169409078e+04	8.530729658419979e+03	8.731105216887030e+03	1.503452435217329e-17	-inf	
34	8.000000000000000e-01	1.000000000000000e+00	1.990934545618872e-03	6.543770452938610e-03	0.000000000000000e+00	2.182787284254976e-16	2.957834693272139e+05	1.626905438158814e+04	8.534704998557482e-03	3.817788169409077e+04	8.530729658419978e+03	8.731105216887030e+03	9.522049284265528e-18	-inf	
35	1.000000000000000e+00	1.000000000000000e+00	1.990934545618871e-03	6.543770452938610e-03	-1.959961082320651e-16	-1.532498572487391e-16	2.957834693272139e+05	1.626905438158814e+04	8.534704998557482e-03	3.817788169409078e+04	8.530729658419979e+03	8.731105216887030e+03	1.085336254588402e-17	-inf	
EXT_ITER= 5548
AOA= 0.000000000000000e+00
SIDESLIP_ANGLE= 0.000000000000000e+00
INITIAL_BCTHRUST= 4.000000000000000e+03
DCD_DCL_VALUE= 0.000000000000000e+00
DCMX_DCL_VALUE= 0.000000000000000e+00
DCMY_DCL_VALUE= 0.000000000000000e+00
DCMZ_DCL_VALUE= 0.000000000000000e+00
