"PointID"	"x"	"y"	"Density[0]"	"Density[1]"	"Momentum_x"	"Momentum_y"	"Energy"	"Electronic_Energy"	"Total_Density"	"Pressure"	"Temperature"	"Tve"	"Mach"	"C<sub>p</sub>"
0	0.000000000000000e+00	0.000000000000000e+00	1.884637047101917e-03	6.650067951455590e-03	0.000000000000000e+00	0.000000000000000e+00	2.957834693272139e+05	1.456701472991353e+04	8.534704998557508e-03	3.721324784280290e+04	8.256976671030985e+03	8.384545878010998e+03	0.000000000000000e+00	-inf	
1	2.000000000000000e-01	0.000000000000000e+00	1.884637047101917e-03	6.650067951455590e-03	0.000000000000000e+00	1.407897798344532e-15	2.957834693272139e+05	1.456701472991353e+04	8.534704998557508e-03	3.721324784280290e+04	8.256976671030985e+03	8.384545878010998e+03	6.215056588206922e-17	-inf	
2	4.000000000000000e-01	0.000000000000000e+00	1.884637047101917e-03	6.650067951455590e-03	0.000000000000000e+00	-1.115495251724497e-15	2.957834693272139e+05	1.456701472991353e+04	8.534704998557508e-03	3.721324784280290e+04	8.256976671030985e+03	8.384545878010998e+03	4.924268026767171e-17	-inf	
3	6.000000000000001e-01	0.000000000000000e+00	1.884637047101917e-03	6.650067951455590e-03	0.000000000000000e+00	-1.121861714636908e-15	2.957834693272139e+05	1.456701472991353e+04	8.534704998557508e-03	3.721324784280290e+04	8.256976671030985e+03	8.384545878010998e+03	4.952372287824957e-17	-inf	
4	8.000000000000000e-01	0.000000000000000e+00	1.884637047101917e-03	6.650067951455590e-03	3.449258656473824e-16	0.000000000000000e+00	2.957834693272139e+05	1.456701472991353e+04	8.534704998557508e-03	3.721324784280290e+04	8.256976671030985e+03	8.384545878010998e+03	1.522648715166282e-17	-inf	
5	1.000000000000000e+00	0.000000000000000e+00	1.884637047101918e-03	6.650067951455590e-03	6.693881005048774e-16	-1.164153218269347e-16	2.957834693272139e+05	1.456701472991353e+04	8.534704998557508e-03	3.721324784280290e+04	8.256976671030985e+03	8.384545878010998e+03	2.999316939783008e-17	-inf	
6	0.000000000000000e+00	2.000000000000000e-01	1.884637047101917e-03	6.650067951455590e-03	0.000000000000000e+00	0.000000000000000e+00	2.957834693272139e+05	1.456701472991353e+04	8.534704998557508e-03	3.721324784280290e+04	8.256976671030985e+03	8.384545878010998e+03	0.000000000000000e+00	-inf	
7	2.000000000000000e-01	2.000000000000000e-01	1.884637047101917e-03	6.650067951455590e-03	-7.096332410583478e-16	-1.818989403545857e-18	2.957834693272139e+05	1.456701472991353e+04	8.534704998557508e-03	3.721324784280290e+04	8.256976671030985e+03	8.384545878010998e+03	3.132631675619349e-17	-inf	
8	4.000000000000000e-01	2.000000000000000e-01	1.884637047101917e-03	6.650067951455590e-03	-7.030394044704931e-16	3.467448550509282e-16	2.957834693272139e+05	1.456701472991353e+04	8.534704998557508e-03	3.721324784280290e+04	8.256976671030985e+03	8.384545878010998e+03	3.460458366263100e-17	-inf	
9	5.999999999999999e-01	2.000000000000000e-01	1.884637047101917e-03	6.650067951455590e-03	0.000000000000000e+00	9.249561117030656e-16	2.957834693272139e+05	1.456701472991353e+04	8.534704998557508e-03	3.721324784280290e+04	8.256976671030985e+03	8.384545878010998e+03	4.083147642252096e-17	-inf	
10	7.999999999999999e-01	2.000000000000000e-01	1.884637047101917e-03	6.650067951455590e-03	3.299192030681297e-16	-5.582023732131350e-16	2.957834693272139e+05	1.456701472991353e+04	8.534704998557508e-03	3.721324784280290e+04	8.256976671030985e+03	8.384545878010998e+03	2.862359640383379e-17	-inf	
11	1.000000000000000e+00	2.000000000000000e-01	1.884637047101918e-03	6.650067951455590e-03	6.602931534871475e-16	-3.278728399891411e-16	2.957834693272139e+05	1.456701472991353e+04	8.534704998557508e-03	3.721324784280290e+04	8.256976671030985e+03	8.384545878010998e+03	3.254384003011561e-17	-inf	
12	0.000000000000000e+00	3.999999999999999e-01	1.884637047101917e-03	6.650067951455590e-03	-1.257831172552014e-15	0.000000000000000e+00	2.957834693272139e+05	1.456701472991353e+04	8.534704998557508e-03	3.721324784280290e+04	8.256976671030985e+03	8.384545878010998e+03	5.552599006130687e-17	-inf	
13	2.000000000000000e-01	3.999999999999999e-01	1.884637047101917e-03	6.650067951455590e-03	7.008107326302805e-16	0.000000000000000e+00	2.957834693272139e+05	1.456701472991353e+04	8.534704998557508e-03	3.721324784280290e+04	8.256976671030985e+03	8.384545878010998e+03	3.093675099173692e-17	-inf	
14	3.999999999999999e-01	4.000000000000001e-01	1.884637047101918e-03	6.650067951455590e-03	2.697102439899097e-16	0.000000000000000e+00	2.957834693272139e+05	1.456701472991353e+04	8.534704998557508e-03	3.721324784280290e+04	8.256976671030985e+03	8.384545878010998e+03	1.190615136118125e-17	-inf	
15	6.000000000000001e-01	4.000000000000000e-01	1.884637047101918e-03	6.650067951455590e-03	-8.715232979739040e-16	-9.094947017729280e-19	2.957834693272139e+05	1.456701472991353e+04	8.534704998557508e-03	3.721324784280290e+04	8.256976671030985e+03	8.384545878010998e+03	3.847274688997684e-17	-inf	
16	8.000000000000000e-01	4.000000000000000e-01	1.884637047101917e-03	6.650067951455590e-03	-3.610693966038528e-16	0.000000000000000e+00	2.957834693272139e+05	1.456701472991353e+04	8.534704998557508e-03	3.721324784280290e+04	8.256976671030985e+03	8.384545878010998e+03	1.593913091419949e-17	-inf	
17	1.000000000000000e+00	4.000000000000000e-01	1.884637047101917e-03	6.650067951455590e-03	0.000000000000000e+00	0.000000000000000e+00	2.957834693272139e+05	1.456701472991353e+04	8.534704998557508e-03	3.721324784280290e+04	8.256976671030985e+03	8.384545878010998e+03	0.000000000000000e+00	-inf	
18	0.000000000000000e+00	6.000000000000000e-01	1.884637047101917e-03	6.650067951455590e-03	1.115495251724497e-15	3.449258656473823e-16	2.957834693272139e+05	1.456701472991353e+04	8.534704998557508e-03	3.721324784280290e+04	8.256976671030985e+03	8.384545878010998e+03	5.154306423684856e-17	-inf	
19	2.000000000000000e-01	6.000000000000000e-01	1.884637047101917e-03	6.650067951455590e-03	3.033082866242433e-17	1.818989403545857e-18	2.957834693272139e+05	1.456701472991353e+04	8.534704998557508e-03	3.721324784280290e+04	8.256976671030985e+03	8.384545878010998e+03	1.341336749004320e-18	-inf	
20	4.000000000000001e-01	6.000000000000002e-01	1.884637047101917e-03	6.650067951455590e-03	0.000000000000000e+00	-3.467448550509285e-16	2.957834693272139e+05	1.456701472991353e+04	8.534704998557508e-03	3.721324784280290e+04	8.256976671030985e+03	8.384545878010998e+03	1.530678504039935e-17	-inf	
21	6.000000000000000e-01	6.000000000000001e-01	1.884637047101917e-03	6.650067951455590e-03	-3.033082866242388e-17	-3.658442437881611e-16	2.957834693272139e+05	1.456701472991353e+04	8.534704998557508e-03	3.721324784280290e+04	8.256976671030985e+03	8.384545878010998e+03	1.620532080215560e-17	-inf	
22	8.000000000000000e-01	6.000000000000001e-01	1.884637047101917e-03	6.650067951455590e-03	6.052687240298838e-16	-9.094947017729286e-19	2.957834693272139e+05	1.456701472991353e+04	8.534704998557508e-03	3.721324784280290e+04	8.256976671030985e+03	8.384545878010998e+03	2.671915264155658e-17	-inf	
23	1.000000000000000e+00	6.000000000000001e-01	1.884637047101918e-03	6.650067951455590e-03	1.257376425201066e-15	-9.094947017729280e-19	2.957834693272139e+05	1.456701472991353e+04	8.534704998557508e-03	3.721324784280290e+04	8.256976671030985e+03	8.384545878010998e+03	5.550593010953199e-17	-inf	
24	0.000000000000000e+00	8.000000000000000e-01	1.884637047101918e-03	6.650067951455590e-03	-6.143636710476141e-16	0.000000000000000e+00	2.957834693272139e+05	1.456701472991353e+04	8.534704998557508e-03	3.721324784280290e+04	8.256976671030985e+03	8.384545878010998e+03	2.712061192076012e-17	-inf	
25	2.000000000000000e-01	8.000000000000000e-01	1.884637047101917e-03	6.650067951455590e-03	-3.658442437881612e-16	7.087237463565746e-16	2.957834693272139e+05	1.456701472991353e+04	8.534704998557508e-03	3.721324784280290e+04	8.256976671030985e+03	8.384545878010998e+03	3.520848679849677e-17	-inf	
26	3.999999999999999e-01	8.000000000000000e-01	1.884637047101917e-03	6.650067951455590e-03	-9.094947017729284e-19	0.000000000000000e+00	2.957834693272139e+05	1.456701472991353e+04	8.534704998557508e-03	3.721324784280290e+04	8.256976671030985e+03	8.384545878010998e+03	4.014894436826065e-20	-inf	
27	6.000000000000000e-01	8.000000000000000e-01	1.884637047101917e-03	6.650067951455590e-03	0.000000000000000e+00	-6.893969839438973e-16	2.957834693272139e+05	1.456701472991353e+04	8.534704998557508e-03	3.721324784280290e+04	8.256976671030985e+03	8.384545878010998e+03	3.043289983114235e-17	-inf	
28	8.000000000000000e-01	8.000000000000000e-01	1.884637047101917e-03	6.650067951455590e-03	0.000000000000000e+00	3.401510184630740e-16	2.957834693272139e+05	1.456701472991353e+04	8.534704998557508e-03	3.721324784280290e+04	8.256976671030985e+03	8.384545878010998e+03	1.501570519372943e-17	-inf	
29	1.000000000000000e+00	8.000000000000000e-01	1.884637047101917e-03	6.650067951455590e-03	-1.120042725233362e-15	-3.376499080332011e-16	2.957834693272139e+05	1.456701472991353e+04	8.534704998557508e-03	3.721324784280290e+04	8.256976671030985e+03	8.384545878010998e+03	5.164126365145521e-17	-inf	
30	0.000000000000000e+00	1.000000000000000e+00	1.884637047101917e-03	6.650067951455590e-03	1.818989403545857e-18	-6.916707206983109e-16	2.957834693272139e+05	1.456701472991353e+04	8.534704998557508e-03	3.721324784280290e+04	8.256976671030985e+03	8.384545878010998e+03	3.053337777753213e-17	-inf	
31	2.000000000000000e-01	1.000000000000000e+00	1.884637047101917e-03	6.650067951455590e-03	0.000000000000000e+00	0.000000000000000e+00	2.957834693272139e+05	1.456701472991353e+04	8.534704998557508e-03	3.721324784280290e+04	8.256976671030985e+03	8.384545878010998e+03	0.000000000000000e+00	-inf	
32	3.999999999999999e-01	1.000000000000000e+00	1.884637047101917e-03	6.650067951455590e-03	0.000000000000000e+00	0.000000000000000e+00	2.957834693272139e+05	1.456701472991353e+04	8.534704998557508e-03	3.721324784280290e+04	8.256976671030985e+03	8.384545878010998e+03	0.000000000000000e+00	-inf	
33	6.000000000000000e-01	1.000000000000000e+00	1.884637047101917e-03	6.650067951455590e-03	3.633431333582848e-16	-8.549250196665258e-16	2.957834693272139e+05	1.456701472991353e+04	8.534704998557508e-03	3.721324784280290e+04	8.256976671030985e+03	8.384545878010998e+03	4.100699753668750e-17	-inf	
34	8.000000000000000e-01	1.000000000000000e+00	1.884637047101918e-03	6.650067951455590e-03	0.000000000000000e+00	4.233697836752906e-16	2.957834693272139e+05	1.456701472991353e+04	8.534704998557508e-03	3.721324784280290e+04	8.256976671030985e+03	8.384545878010998e+03	1.868933360342500e-17	-inf	
35	1.000000000000000e+00	1.000000000000000e+00	1.884637047101917e-03	6.650067951455590e-03	-7.248672773130236e-16	8.594724931754156e-17	2.957834693272139e+05	1.456701472991353e+04	8.534704998557508e-03	3.721324784280290e+04	8.256976671030985e+03	8.384545878010998e+03	3.222285466794998e-17	-inf	
EXT_ITER= 8812
AOA= 0.000000000000000e+00
SIDESLIP_ANGLE= 0.000000000000000e+00
INITIAL_BCTHRUST= 4.000000000000000e+03
DCD_DCL_VALUE= 0.000000000000000e+00
DCMX_DCL_VALUE= 0.000000000000000e+00
DCMY_DCL_VALUE= 0.000000000000000e+00
DCMZ_DCL_VALUE= 0.000000000000000e+00
