"PointID"	"x"	"y"	"Density[0]"	"Density[1]"	"Momentum_x"	"Momentum_y"	"Energy"	"Electronic_Energy"	"Total_Density"	"Pressure"	"Temperature"	"Tve"	"Mach"	"C<sub>p</sub>"
0	0.000000000000000e+00	0.000000000000000e+00	1.905366296883895e-03	6.629338701673620e-03	0.000000000000000e+00	0.000000000000000e+00	2.957834693272139e+05	1.488898114292856e+04	8.534704998557515e-03	3.740842279952081e+04	8.311629108868563e+03	8.450865183897640e+03	0.000000000000000e+00	-inf	
1	2.000000000000000e-01	0.000000000000000e+00	1.905366296883895e-03	6.629338701673620e-03	0.000000000000000e+00	1.333773980150029e-15	2.957834693272139e+05	1.488898114292856e+04	8.534704998557515e-03	3.740842279952081e+04	8.311629108868563e+03	8.450865183897640e+03	5.873520946888074e-17	-inf	
2	4.000000000000000e-01	0.000000000000000e+00	1.905366296883895e-03	6.629338701673620e-03	0.000000000000000e+00	-1.057742338161908e-15	2.957834693272139e+05	1.488898114292856e+04	8.534704998557515e-03	3.740842279952081e+04	8.311629108868563e+03	8.450865183897640e+03	4.657964446798931e-17	-inf	
3	6.000000000000001e-01	0.000000000000000e+00	1.905366296883895e-03	6.629338701673620e-03	0.000000000000000e+00	-9.767973097041071e-16	2.957834693272139e+05	1.488898114292856e+04	8.534704998557515e-03	3.740842279952081e+04	8.311629108868563e+03	8.450865183897640e+03	4.301508010199480e-17	-inf	
4	8.000000000000000e-01	0.000000000000000e+00	1.905366296883895e-03	6.629338701673620e-03	3.124114300590011e-16	0.000000000000000e+00	2.957834693272139e+05	1.488898114292856e+04	8.534704998557515e-03	3.740842279952081e+04	8.311629108868563e+03	8.450865183897640e+03	1.375761640133658e-17	-inf	
5	1.000000000000000e+00	0.000000000000000e+00	1.905366296883895e-03	6.629338701673620e-03	5.834408511873340e-16	-1.077751221600917e-16	2.957834693272139e+05	1.488898114292856e+04	8.534704998557515e-03	3.740842279952081e+04	8.311629108868561e+03	8.450865183897640e+03	2.612757787683988e-17	-inf	
6	0.000000000000000e+00	2.000000000000000e-01	1.905366296883895e-03	6.629338701673620e-03	0.000000000000000e+00	0.000000000000000e+00	2.957834693272139e+05	1.488898114292856e+04	8.534704998557515e-03	3.740842279952081e+04	8.311629108868563e+03	8.450865183897640e+03	0.000000000000000e+00	-inf	
7	2.000000000000000e-01	2.000000000000000e-01	1.905366296883895e-03	6.629338701673620e-03	-6.459686119342344e-16	-1.818989403545857e-18	2.957834693272139e+05	1.488898114292856e+04	8.534704998557515e-03	3.740842279952081e+04	8.311629108868563e+03	8.450865183897640e+03	2.844653795976940e-17	-inf	
8	4.000000000000000e-01	2.000000000000000e-01	1.905366296883895e-03	6.629338701673620e-03	-6.659774953732413e-16	3.142304194625469e-16	2.957834693272139e+05	1.488898114292856e+04	8.534704998557515e-03	3.740842279952081e+04	8.311629108868563e+03	8.450865183897640e+03	3.242819541170049e-17	-inf	
9	5.999999999999999e-01	2.000000000000000e-01	1.905366296883895e-03	6.629338701673620e-03	0.000000000000000e+00	8.110419003060085e-16	2.957834693272139e+05	1.488898114292856e+04	8.534704998557515e-03	3.740842279952081e+04	8.311629108868563e+03	8.450865183897640e+03	3.571573340871001e-17	-inf	
10	7.999999999999999e-01	2.000000000000000e-01	1.905366296883895e-03	6.629338701673620e-03	2.964952727779751e-16	-4.922640073345890e-16	2.957834693272139e+05	1.488898114292856e+04	8.534704998557515e-03	3.740842279952081e+04	8.311629108868563e+03	8.450865183897640e+03	2.530618701482800e-17	-inf	
11	1.000000000000000e+00	2.000000000000000e-01	1.905366296883895e-03	6.629338701673620e-03	5.752553988713777e-16	-2.910383045673378e-16	2.957834693272139e+05	1.488898114292856e+04	8.534704998557515e-03	3.740842279952081e+04	8.311629108868561e+03	8.450865183897640e+03	2.839001231926392e-17	-inf	
12	0.000000000000000e+00	3.999999999999999e-01	1.905366296883895e-03	6.629338701673620e-03	-1.260104909306438e-15	0.000000000000000e+00	2.957834693272139e+05	1.488898114292856e+04	8.534704998557515e-03	3.740842279952081e+04	8.311629108868563e+03	8.450865183897640e+03	5.549105538297678e-17	-inf	
13	2.000000000000000e-01	3.999999999999999e-01	1.905366296883895e-03	6.629338701673620e-03	6.444307935281361e-16	0.000000000000000e+00	2.957834693272139e+05	1.488898114292856e+04	8.534704998557515e-03	3.740842279952081e+04	8.311629108868563e+03	8.450865183897640e+03	2.837870449520576e-17	-inf	
14	3.999999999999999e-01	4.000000000000001e-01	1.905366296883895e-03	6.629338701673620e-03	2.492553456077962e-16	0.000000000000000e+00	2.957834693272139e+05	1.488898114292856e+04	8.534704998557515e-03	3.740842279952081e+04	8.311629108868561e+03	8.450865183897640e+03	1.097642115785269e-17	-inf	
15	6.000000000000001e-01	4.000000000000000e-01	1.905366296883895e-03	6.629338701673620e-03	-7.642029231647022e-16	-9.094947017729280e-19	2.957834693272139e+05	1.488898114292856e+04	8.534704998557515e-03	3.740842279952081e+04	8.311629108868561e+03	8.450865183897640e+03	3.365311606358380e-17	-inf	
16	8.000000000000000e-01	4.000000000000000e-01	1.905366296883895e-03	6.629338701673620e-03	-3.205968823749574e-16	0.000000000000000e+00	2.957834693272139e+05	1.488898114292856e+04	8.534704998557515e-03	3.740842279952081e+04	8.311629108868563e+03	8.450865183897640e+03	1.411807796643711e-17	-inf	
17	1.000000000000000e+00	4.000000000000000e-01	1.905366296883895e-03	6.629338701673620e-03	0.000000000000000e+00	0.000000000000000e+00	2.957834693272139e+05	1.488898114292856e+04	8.534704998557515e-03	3.740842279952081e+04	8.311629108868563e+03	8.450865183897640e+03	0.000000000000000e+00	-inf	
18	0.000000000000000e+00	6.000000000000000e-01	1.905366296883895e-03	6.629338701673620e-03	1.057742338161908e-15	3.124114300590010e-16	2.957834693272139e+05	1.488898114292856e+04	8.534704998557515e-03	3.740842279952081e+04	8.311629108868563e+03	8.450865183897640e+03	4.856887159293093e-17	-inf	
19	2.000000000000000e-01	6.000000000000000e-01	1.905366296883895e-03	6.629338701673620e-03	1.693324662682818e-17	1.818989403545857e-18	2.957834693272139e+05	1.488898114292856e+04	8.534704998557515e-03	3.740842279952081e+04	8.311629108868563e+03	8.450865183897640e+03	7.499769182935937e-19	-inf	
20	4.000000000000001e-01	6.000000000000002e-01	1.905366296883895e-03	6.629338701673620e-03	0.000000000000000e+00	-3.142304194625470e-16	2.957834693272139e+05	1.488898114292856e+04	8.534704998557515e-03	3.740842279952081e+04	8.311629108868563e+03	8.450865183897640e+03	1.383771897135893e-17	-inf	
21	6.000000000000000e-01	6.000000000000001e-01	1.905366296883895e-03	6.629338701673620e-03	-1.693324662682778e-17	-3.244622348574927e-16	2.957834693272139e+05	1.488898114292856e+04	8.534704998557515e-03	3.740842279952081e+04	8.311629108868563e+03	8.450865183897640e+03	1.430774089347322e-17	-inf	
22	8.000000000000000e-01	6.000000000000001e-01	1.905366296883895e-03	6.629338701673620e-03	4.554294719127944e-16	-9.094947017729286e-19	2.957834693272139e+05	1.488898114292856e+04	8.534704998557515e-03	3.740842279952081e+04	8.311629108868563e+03	8.450865183897640e+03	2.005572096060113e-17	-inf	
23	1.000000000000000e+00	6.000000000000001e-01	1.905366296883895e-03	6.629338701673620e-03	1.261469151359050e-15	-9.094947017729280e-19	2.957834693272139e+05	1.488898114292856e+04	8.534704998557515e-03	3.740842279952081e+04	8.311629108868561e+03	8.450865183897640e+03	5.555114674858801e-17	-inf	
24	0.000000000000000e+00	8.000000000000000e-01	1.905366296883895e-03	6.629338701673620e-03	-5.466063157655323e-16	0.000000000000000e+00	2.957834693272139e+05	1.488898114292856e+04	8.534704998557515e-03	3.740842279952081e+04	8.311629108868561e+03	8.450865183897640e+03	2.407082229171272e-17	-inf	
25	2.000000000000000e-01	8.000000000000000e-01	1.905366296883895e-03	6.629338701673620e-03	-3.244622348574927e-16	6.450591172324612e-16	2.957834693272139e+05	1.488898114292856e+04	8.534704998557515e-03	3.740842279952081e+04	8.311629108868563e+03	8.450865183897640e+03	3.179744452521340e-17	-inf	
26	3.999999999999999e-01	8.000000000000000e-01	1.905366296883895e-03	6.629338701673620e-03	-9.094947017729284e-19	0.000000000000000e+00	2.957834693272139e+05	1.488898114292856e+04	8.534704998557515e-03	3.740842279952081e+04	8.311629108868563e+03	8.450865183897640e+03	4.005128501116908e-20	-inf	
27	6.000000000000000e-01	8.000000000000000e-01	1.905366296883895e-03	6.629338701673620e-03	0.000000000000000e+00	-6.516529538203158e-16	2.957834693272139e+05	1.488898114292856e+04	8.534704998557515e-03	3.740842279952081e+04	8.311629108868563e+03	8.450865183897640e+03	2.869674571050319e-17	-inf	
28	8.000000000000000e-01	8.000000000000000e-01	1.905366296883895e-03	6.629338701673620e-03	0.000000000000000e+00	3.067270881729194e-16	2.957834693272139e+05	1.488898114292856e+04	8.534704998557515e-03	3.740842279952081e+04	8.311629108868563e+03	8.450865183897640e+03	1.350729587001674e-17	-inf	
29	1.000000000000000e+00	8.000000000000000e-01	1.905366296883895e-03	6.629338701673620e-03	-9.749783203005610e-16	-2.992237568832950e-16	2.957834693272139e+05	1.488898114292856e+04	8.534704998557515e-03	3.740842279952081e+04	8.311629108868563e+03	8.450865183897640e+03	4.491149375864512e-17	-inf	
30	0.000000000000000e+00	1.000000000000000e+00	1.905366296883895e-03	6.629338701673620e-03	1.818989403545857e-18	-6.266418495215483e-16	2.957834693272139e+05	1.488898114292856e+04	8.534704998557515e-03	3.740842279952081e+04	8.311629108868563e+03	8.450865183897640e+03	2.759545163162337e-17	-inf	
31	2.000000000000000e-01	1.000000000000000e+00	1.905366296883895e-03	6.629338701673620e-03	0.000000000000000e+00	0.000000000000000e+00	2.957834693272139e+05	1.488898114292856e+04	8.534704998557515e-03	3.740842279952081e+04	8.311629108868563e+03	8.450865183897640e+03	0.000000000000000e+00	-inf	
32	3.999999999999999e-01	1.000000000000000e+00	1.905366296883895e-03	6.629338701673620e-03	0.000000000000000e+00	0.000000000000000e+00	2.957834693272139e+05	1.488898114292856e+04	8.534704998557515e-03	3.740842279952081e+04	8.311629108868563e+03	8.450865183897640e+03	0.000000000000000e+00	-inf	
33	6.000000000000000e-01	1.000000000000000e+00	1.905366296883895e-03	6.629338701673620e-03	3.228706191293894e-16	-7.275957614183266e-16	2.957834693272139e+05	1.488898114292856e+04	8.534704998557515e-03	3.740842279952081e+04	8.311629108868563e+03	8.450865183897640e+03	3.505402776881548e-17	-inf	
34	8.000000000000000e-01	1.000000000000000e+00	1.905366296883895e-03	6.629338701673620e-03	0.000000000000000e+00	4.188223101664273e-16	2.957834693272139e+05	1.488898114292856e+04	8.534704998557515e-03	3.740842279952081e+04	8.311629108868561e+03	8.450865183897640e+03	1.844361674764309e-17	-inf	
35	1.000000000000000e+00	1.000000000000000e+00	1.905366296883895e-03	6.629338701673620e-03	-6.439222488552328e-16	7.821654435247170e-17	2.957834693272139e+05	1.488898114292856e+04	8.534704998557515e-03	3.740842279952081e+04	8.311629108868563e+03	8.450865183897640e+03	2.856473820212264e-17	-inf	
EXT_ITER= 8029
AOA= 0.000000000000000e+00
SIDESLIP_ANGLE= 0.000000000000000e+00
INITIAL_BCTHRUST= 4.000000000000000e+03
DCD_DCL_VALUE= 0.000000000000000e+00
DCMX_DCL_VALUE= 0.000000000000000e+00
DCMY_DCL_VALUE= 0.000000000000000e+00
DCMZ_DCL_VALUE= 0.000000000000000e+00
