"PointID"	"x"	"y"	"Density[0]"	"Density[1]"	"Momentum_x"	"Momentum_y"	"Energy"	"Electronic_Energy"	"Total_Density"	"Pressure"	"Temperature"	"Tve"	"Mach"	"C<sub>p</sub>"
0	0.000000000000000e+00	0.000000000000000e+00	1.935195942138381e-03	6.599509056419120e-03	0.000000000000000e+00	0.000000000000000e+00	2.957834693272139e+05	1.535992837693004e+04	8.534704998557501e-03	3.768377497041488e+04	8.389311381820120e+03	8.546882715664677e+03	0.000000000000000e+00	-inf	
1	2.000000000000000e-01	0.000000000000000e+00	1.935195942138381e-03	6.599509056419120e-03	0.000000000000000e+00	1.258285919902866e-15	2.957834693272139e+05	1.535992837693004e+04	8.534704998557501e-03	3.768377497041488e+04	8.389311381820120e+03	8.546882715664677e+03	5.522247439115396e-17	-inf	
2	4.000000000000000e-01	0.000000000000000e+00	1.935195942138381e-03	6.599509056419120e-03	0.000000000000000e+00	-9.645191312301709e-16	2.957834693272139e+05	1.535992837693004e+04	8.534704998557501e-03	3.768377497041488e+04	8.389311381820120e+03	8.546882715664677e+03	4.232991260702326e-17	-inf	
3	6.000000000000001e-01	0.000000000000000e+00	1.935195942138381e-03	6.599509056419120e-03	0.000000000000000e+00	-7.930793799459719e-16	2.957834693272139e+05	1.535992837693004e+04	8.534704998557501e-03	3.768377497041488e+04	8.389311381820120e+03	8.546882715664677e+03	3.480592531195099e-17	-inf	
4	8.000000000000000e-01	0.000000000000000e+00	1.935195942138381e-03	6.599509056419120e-03	2.053184289252386e-16	0.000000000000000e+00	2.957834693272139e+05	1.535992837693004e+04	8.534704998557501e-03	3.768377497041488e+04	8.389311381820120e+03	8.546882715664677e+03	9.010822980703155e-18	-inf	
5	1.000000000000000e+00	0.000000000000000e+00	1.935195942138382e-03	6.599509056419120e-03	3.547029336914408e-16	-1.409716787748038e-17	2.957834693272139e+05	1.535992837693004e+04	8.534704998557501e-03	3.768377497041490e+04	8.389311381820125e+03	8.546882715664677e+03	1.557915976233990e-17	-inf	
6	0.000000000000000e+00	2.000000000000000e-01	1.935195942138381e-03	6.599509056419120e-03	0.000000000000000e+00	0.000000000000000e+00	2.957834693272139e+05	1.535992837693004e+04	8.534704998557501e-03	3.768377497041488e+04	8.389311381820120e+03	8.546882715664677e+03	0.000000000000000e+00	-inf	
7	2.000000000000000e-01	2.000000000000000e-01	1.935195942138381e-03	6.599509056419120e-03	-5.536548997042699e-16	-1.818989403545857e-18	2.957834693272139e+05	1.535992837693004e+04	8.534704998557501e-03	3.768377497041488e+04	8.389311381820120e+03	8.546882715664677e+03	2.429841902002084e-17	-inf	
8	4.000000000000000e-01	2.000000000000000e-01	1.935195942138381e-03	6.599509056419120e-03	-6.282334652496598e-16	2.071374183287844e-16	2.957834693272139e+05	1.535992837693004e+04	8.534704998557501e-03	3.768377497041488e+04	8.389311381820120e+03	8.546882715664677e+03	2.903132408713063e-17	-inf	
9	5.999999999999999e-01	2.000000000000000e-01	1.935195942138381e-03	6.599509056419120e-03	0.000000000000000e+00	6.134541763458453e-16	2.957834693272139e+05	1.535992837693004e+04	8.534704998557501e-03	3.768377497041488e+04	8.389311381820120e+03	8.546882715664677e+03	2.692270254921076e-17	-inf	
10	7.999999999999999e-01	2.000000000000000e-01	1.935195942138381e-03	6.599509056419120e-03	1.962234819075099e-16	-4.079083737451466e-16	2.957834693272139e+05	1.535992837693004e+04	8.534704998557501e-03	3.768377497041488e+04	8.389311381820120e+03	8.546882715664677e+03	1.986552176579563e-17	-inf	
11	1.000000000000000e+00	2.000000000000000e-01	1.935195942138382e-03	6.599509056419120e-03	3.565219230949884e-16	-1.766693458193912e-16	2.957834693272139e+05	1.535992837693004e+04	8.534704998557501e-03	3.768377497041490e+04	8.389311381820125e+03	8.546882715664677e+03	1.746241612084582e-17	-inf	
12	0.000000000000000e+00	3.999999999999999e-01	1.935195942138381e-03	6.599509056419120e-03	-1.265107130166179e-15	0.000000000000000e+00	2.957834693272139e+05	1.535992837693004e+04	8.534704998557501e-03	3.768377497041488e+04	8.389311381820120e+03	8.546882715664677e+03	5.552183728087905e-17	-inf	
13	2.000000000000000e-01	3.999999999999999e-01	1.935195942138381e-03	6.599509056419120e-03	5.112469365277709e-16	0.000000000000000e+00	2.957834693272139e+05	1.535992837693004e+04	8.534704998557501e-03	3.768377497041488e+04	8.389311381820120e+03	8.546882715664677e+03	2.243712689890081e-17	-inf	
14	3.999999999999999e-01	4.000000000000001e-01	1.935195942138382e-03	6.599509056419120e-03	1.604093553188617e-16	0.000000000000000e+00	2.957834693272139e+05	1.535992837693004e+04	8.534704998557501e-03	3.768377497041490e+04	8.389311381820125e+03	8.546882715664677e+03	7.039895604077943e-18	-inf	
15	6.000000000000001e-01	4.000000000000000e-01	1.935195942138382e-03	6.599509056419120e-03	-5.607034836430153e-16	-9.094947017729280e-19	2.957834693272139e+05	1.535992837693004e+04	8.534704998557501e-03	3.768377497041490e+04	8.389311381820125e+03	8.546882715664677e+03	2.460766190762600e-17	-inf	
16	8.000000000000000e-01	4.000000000000000e-01	1.935195942138381e-03	6.599509056419120e-03	-2.150954969692978e-16	0.000000000000000e+00	2.957834693272139e+05	1.535992837693004e+04	8.534704998557501e-03	3.768377497041488e+04	8.389311381820120e+03	8.546882715664677e+03	9.439909789308079e-18	-inf	
17	1.000000000000000e+00	4.000000000000000e-01	1.935195942138381e-03	6.599509056419120e-03	0.000000000000000e+00	0.000000000000000e+00	2.957834693272139e+05	1.535992837693004e+04	8.534704998557501e-03	3.768377497041488e+04	8.389311381820120e+03	8.546882715664677e+03	0.000000000000000e+00	-inf	
18	0.000000000000000e+00	6.000000000000000e-01	1.935195942138381e-03	6.599509056419120e-03	9.645191312301709e-16	2.053184289252385e-16	2.957834693272139e+05	1.535992837693004e+04	8.534704998557501e-03	3.768377497041488e+04	8.389311381820120e+03	8.546882715664677e+03	4.327835985926217e-17	-inf	
19	2.000000000000000e-01	6.000000000000000e-01	1.935195942138381e-03	6.599509056419120e-03	7.497785876951600e-18	1.818989403545857e-18	2.957834693272139e+05	1.535992837693004e+04	8.534704998557501e-03	3.768377497041488e+04	8.389311381820120e+03	8.546882715664677e+03	3.386009000180156e-19	-inf	
20	4.000000000000001e-01	6.000000000000002e-01	1.935195942138381e-03	6.599509056419120e-03	0.000000000000000e+00	-2.071374183287846e-16	2.957834693272139e+05	1.535992837693004e+04	8.534704998557501e-03	3.768377497041488e+04	8.389311381820120e+03	8.546882715664677e+03	9.090653084629656e-18	-inf	
21	6.000000000000000e-01	6.000000000000001e-01	1.935195942138381e-03	6.599509056419120e-03	-7.497785876951206e-18	-2.187334757763899e-16	2.957834693272139e+05	1.535992837693004e+04	8.534704998557501e-03	3.768377497041488e+04	8.389311381820120e+03	8.546882715664677e+03	9.605208058881148e-18	-inf	
22	8.000000000000000e-01	6.000000000000001e-01	1.935195942138381e-03	6.599509056419120e-03	2.160049916710706e-16	-9.094947017729286e-19	2.957834693272139e+05	1.535992837693004e+04	8.534704998557501e-03	3.768377497041488e+04	8.389311381820120e+03	8.546882715664677e+03	9.479908872587225e-18	-inf	
23	1.000000000000000e+00	6.000000000000001e-01	1.935195942138382e-03	6.599509056419120e-03	1.122316461987803e-15	-9.094947017729280e-19	2.957834693272139e+05	1.535992837693004e+04	8.534704998557501e-03	3.768377497041490e+04	8.389311381820125e+03	8.546882715664677e+03	4.925519029568099e-17	-inf	
24	0.000000000000000e+00	8.000000000000000e-01	1.935195942138382e-03	6.599509056419120e-03	-3.237801138311643e-16	0.000000000000000e+00	2.957834693272139e+05	1.535992837693004e+04	8.534704998557501e-03	3.768377497041490e+04	8.389311381820125e+03	8.546882715664677e+03	1.420975849891623e-17	-inf	
25	2.000000000000000e-01	8.000000000000000e-01	1.935195942138381e-03	6.599509056419120e-03	-2.187334757763899e-16	5.527454050024967e-16	2.957834693272139e+05	1.535992837693004e+04	8.534704998557501e-03	3.768377497041488e+04	8.389311381820120e+03	8.546882715664677e+03	2.608870246911256e-17	-inf	
26	3.999999999999999e-01	8.000000000000000e-01	1.935195942138381e-03	6.599509056419120e-03	-9.094947017729284e-19	0.000000000000000e+00	2.957834693272139e+05	1.535992837693004e+04	8.534704998557501e-03	3.768377497041488e+04	8.389311381820120e+03	8.546882715664677e+03	3.991505196324765e-20	-inf	
27	6.000000000000000e-01	8.000000000000000e-01	1.935195942138381e-03	6.599509056419120e-03	0.000000000000000e+00	-6.054960977053336e-16	2.957834693272139e+05	1.535992837693004e+04	8.534704998557501e-03	3.768377497041488e+04	8.389311381820120e+03	8.546882715664677e+03	2.657344584453240e-17	-inf	
28	8.000000000000000e-01	8.000000000000000e-01	1.935195942138381e-03	6.599509056419120e-03	0.000000000000000e+00	2.064552973024543e-16	2.957834693272139e+05	1.535992837693004e+04	8.534704998557501e-03	3.768377497041488e+04	8.389311381820120e+03	8.546882715664677e+03	9.060716795657194e-18	-inf	
29	1.000000000000000e+00	8.000000000000000e-01	1.935195942138381e-03	6.599509056419120e-03	-7.912603905424262e-16	-1.921307557495325e-16	2.957834693272139e+05	1.535992837693004e+04	8.534704998557501e-03	3.768377497041488e+04	8.389311381820120e+03	8.546882715664677e+03	3.573515405479438e-17	-inf	
30	0.000000000000000e+00	1.000000000000000e+00	1.935195942138381e-03	6.599509056419120e-03	1.818989403545857e-18	-4.124558472540233e-16	2.957834693272139e+05	1.535992837693004e+04	8.534704998557501e-03	3.768377497041488e+04	8.389311381820120e+03	8.546882715664677e+03	1.810165209557707e-17	-inf	
31	2.000000000000000e-01	1.000000000000000e+00	1.935195942138381e-03	6.599509056419120e-03	0.000000000000000e+00	0.000000000000000e+00	2.957834693272139e+05	1.535992837693004e+04	8.534704998557501e-03	3.768377497041488e+04	8.389311381820120e+03	8.546882715664677e+03	0.000000000000000e+00	-inf	
32	3.999999999999999e-01	1.000000000000000e+00	1.935195942138381e-03	6.599509056419120e-03	0.000000000000000e+00	0.000000000000000e+00	2.957834693272139e+05	1.535992837693004e+04	8.534704998557501e-03	3.768377497041488e+04	8.389311381820120e+03	8.546882715664677e+03	0.000000000000000e+00	-inf	
33	6.000000000000000e-01	1.000000000000000e+00	1.935195942138381e-03	6.599509056419120e-03	2.173692337237298e-16	-5.429683369584376e-16	2.957834693272139e+05	1.535992837693004e+04	8.534704998557501e-03	3.768377497041488e+04	8.389311381820120e+03	8.546882715664677e+03	2.566789237883172e-17	-inf	
34	8.000000000000000e-01	1.000000000000000e+00	1.935195942138382e-03	6.599509056419120e-03	0.000000000000000e+00	2.823981049004891e-16	2.957834693272139e+05	1.535992837693004e+04	8.534704998557501e-03	3.768377497041490e+04	8.389311381820125e+03	8.546882715664677e+03	1.239362363458816e-17	-inf	
35	1.000000000000000e+00	1.000000000000000e+00	1.935195942138381e-03	6.599509056419120e-03	-4.329194780439136e-16	-1.500666257925329e-17	2.957834693272139e+05	1.535992837693004e+04	8.534704998557501e-03	3.768377497041488e+04	8.389311381820120e+03	8.546882715664677e+03	1.901097609006546e-17	-inf	
EXT_ITER= 7040
AOA= 0.000000000000000e+00
SIDESLIP_ANGLE= 0.000000000000000e+00
INITIAL_BCTHRUST= 4.000000000000000e+03
DCD_DCL_VALUE= 0.000000000000000e+00
DCMX_DCL_VALUE= 0.000000000000000e+00
DCMY_DCL_VALUE= 0.000000000000000e+00
DCMZ_DCL_VALUE= 0.000000000000000e+00
