"PointID"	"x"	"y"	"Density[0]"	"Density[1]"	"Momentum_x"	"Momentum_y"	"Energy"	"Electronic_Energy"	"Total_Density"	"Pressure"	"Temperature"	"Tve"	"Mach"	"C<sub>p</sub>"
0	0.000000000000000e+00	0.000000000000000e+00	2.187130952397092e-03	6.347574046160390e-03	0.000000000000000e+00	0.000000000000000e+00	2.957834693272139e+05	2.009459410244182e+04	8.534704998557482e-03	3.951141170515888e+04	8.945093577562717e+03	9.488725375079805e+03	0.000000000000000e+00	-inf	
1	2.000000000000000e-01	0.000000000000000e+00	2.187130952397092e-03	6.347574046160390e-03	0.000000000000000e+00	5.916263035032852e-16	2.957834693272139e+05	2.009459410244182e+04	8.534704998557482e-03	3.951141170515888e+04	8.945093577562717e+03	9.488725375079805e+03	2.541323777535485e-17	-inf	
2	4.000000000000000e-01	0.000000000000000e+00	2.187130952397092e-03	6.347574046160390e-03	0.000000000000000e+00	-4.656612873077453e-16	2.957834693272139e+05	2.009459410244182e+04	8.534704998557482e-03	3.951141170515888e+04	8.945093577562717e+03	9.488725375079805e+03	2.000242542810446e-17	-inf	
3	6.000000000000001e-01	0.000000000000000e+00	2.187130952397092e-03	6.347574046160390e-03	0.000000000000000e+00	-1.055013854056595e-16	2.957834693272139e+05	2.009459410244182e+04	8.534704998557482e-03	3.951141170515888e+04	8.945093577562717e+03	9.488725375079805e+03	4.531799511054850e-18	-inf	
4	8.000000000000000e-01	0.000000000000000e+00	2.187130952397092e-03	6.347574046160390e-03	3.403783921385177e-16	0.000000000000000e+00	2.957834693272139e+05	2.009459410244182e+04	8.534704998557482e-03	3.951141170515888e+04	8.945093577562717e+03	9.488725375079805e+03	1.462091350872653e-17	-inf	
5	1.000000000000000e+00	0.000000000000000e+00	2.187130952397093e-03	6.347574046160389e-03	6.248228601179995e-16	1.946318661794084e-16	2.957834693272139e+05	2.009459410244182e+04	8.534704998557482e-03	3.951141170515892e+04	8.945093577562724e+03	9.488725375079805e+03	2.811117791303958e-17	-inf	
6	0.000000000000000e+00	2.000000000000000e-01	2.187130952397092e-03	6.347574046160390e-03	0.000000000000000e+00	0.000000000000000e+00	2.957834693272139e+05	2.009459410244182e+04	8.534704998557482e-03	3.951141170515888e+04	8.945093577562717e+03	9.488725375079805e+03	0.000000000000000e+00	-inf	
7	2.000000000000000e-01	2.000000000000000e-01	2.187130952397092e-03	6.347574046160390e-03	-2.473825588822383e-16	-1.818989403545857e-18	2.957834693272139e+05	2.009459410244182e+04	8.534704998557482e-03	3.951141170515888e+04	8.945093577562717e+03	9.488725375079805e+03	1.062657576389462e-17	-inf	
8	4.000000000000000e-01	2.000000000000000e-01	2.187130952397092e-03	6.347574046160390e-03	-2.949036570498698e-16	3.421973815420635e-16	2.957834693272139e+05	2.009459410244182e+04	8.534704998557482e-03	3.951141170515888e+04	8.945093577562717e+03	9.488725375079805e+03	1.940435199707977e-17	-inf	
9	5.999999999999999e-01	2.000000000000000e-01	2.187130952397092e-03	6.347574046160390e-03	0.000000000000000e+00	3.954028215957797e-16	2.957834693272139e+05	2.009459410244182e+04	8.534704998557482e-03	3.951141170515888e+04	8.945093577562717e+03	9.488725375079805e+03	1.698448135716462e-17	-inf	
10	7.999999999999999e-01	2.000000000000000e-01	2.187130952397092e-03	6.347574046160390e-03	3.281002136645837e-16	-1.343778421869519e-16	2.957834693272139e+05	2.009459410244182e+04	8.534704998557482e-03	3.951141170515888e+04	8.945093577562717e+03	9.488725375079805e+03	1.522974121322151e-17	-inf	
11	1.000000000000000e+00	2.000000000000000e-01	2.187130952397093e-03	6.347574046160389e-03	6.298250809777515e-16	-3.115019353572271e-16	2.957834693272139e+05	2.009459410244182e+04	8.534704998557482e-03	3.951141170515892e+04	8.945093577562724e+03	9.488725375079805e+03	3.018212725256872e-17	-inf	
12	0.000000000000000e+00	3.999999999999999e-01	2.187130952397092e-03	6.347574046160390e-03	-6.752998160663876e-16	0.000000000000000e+00	2.957834693272139e+05	2.009459410244182e+04	8.534704998557482e-03	3.951141170515888e+04	8.945093577562717e+03	9.488725375079805e+03	2.900742359446702e-17	-inf	
13	2.000000000000000e-01	3.999999999999999e-01	2.187130952397092e-03	6.347574046160390e-03	4.691667397291949e-16	0.000000000000000e+00	2.957834693272139e+05	2.009459410244182e+04	8.534704998557482e-03	3.951141170515888e+04	8.945093577562717e+03	9.488725375079805e+03	2.015300172156704e-17	-inf	
14	3.999999999999999e-01	4.000000000000001e-01	2.187130952397093e-03	6.347574046160389e-03	2.863583046728353e-16	0.000000000000000e+00	2.957834693272139e+05	2.009459410244182e+04	8.534704998557482e-03	3.951141170515892e+04	8.945093577562724e+03	9.488725375079805e+03	1.230048705154952e-17	-inf	
15	6.000000000000001e-01	4.000000000000000e-01	2.187130952397093e-03	6.347574046160389e-03	-3.490185918053617e-16	-9.094947017729280e-19	2.957834693272139e+05	2.009459410244182e+04	8.534704998557482e-03	3.951141170515892e+04	8.945093577562724e+03	9.488725375079805e+03	1.499210316363837e-17	-inf	
16	8.000000000000000e-01	4.000000000000000e-01	2.187130952397092e-03	6.347574046160390e-03	-3.437889972701664e-16	0.000000000000000e+00	2.957834693272139e+05	2.009459410244182e+04	8.534704998557482e-03	3.951141170515888e+04	8.945093577562717e+03	9.488725375079805e+03	1.476741564809254e-17	-inf	
17	1.000000000000000e+00	4.000000000000000e-01	2.187130952397092e-03	6.347574046160390e-03	0.000000000000000e+00	0.000000000000000e+00	2.957834693272139e+05	2.009459410244182e+04	8.534704998557482e-03	3.951141170515888e+04	8.945093577562717e+03	9.488725375079805e+03	0.000000000000000e+00	-inf	
18	0.000000000000000e+00	6.000000000000000e-01	2.187130952397092e-03	6.347574046160390e-03	4.656612873077453e-16	3.403783921385176e-16	2.957834693272139e+05	2.009459410244182e+04	8.534704998557482e-03	3.951141170515888e+04	8.945093577562717e+03	9.488725375079805e+03	2.477636242139959e-17	-inf	
19	2.000000000000000e-01	6.000000000000000e-01	2.187130952397092e-03	6.347574046160390e-03	-2.163817826293536e-17	1.818989403545857e-18	2.957834693272139e+05	2.009459410244182e+04	8.534704998557482e-03	3.951141170515888e+04	8.945093577562717e+03	9.488725375079805e+03	9.327437459804639e-19	-inf	
20	4.000000000000001e-01	6.000000000000002e-01	2.187130952397092e-03	6.347574046160390e-03	0.000000000000000e+00	-3.421973815420638e-16	2.957834693272139e+05	2.009459410244182e+04	8.534704998557482e-03	3.951141170515888e+04	8.945093577562717e+03	9.488725375079805e+03	1.469904798305507e-17	-inf	
21	6.000000000000000e-01	6.000000000000001e-01	2.187130952397092e-03	6.347574046160390e-03	2.163817826293539e-17	-3.444711182964959e-16	2.957834693272139e+05	2.009459410244182e+04	8.534704998557482e-03	3.951141170515888e+04	8.945093577562717e+03	9.488725375079805e+03	1.482587982321217e-17	-inf	
22	8.000000000000000e-01	6.000000000000001e-01	2.187130952397092e-03	6.347574046160390e-03	3.446984919719392e-16	-9.094947017729286e-19	2.957834693272139e+05	2.009459410244182e+04	8.534704998557482e-03	3.951141170515888e+04	8.945093577562717e+03	9.488725375079805e+03	1.480653442505781e-17	-inf	
23	1.000000000000000e+00	6.000000000000001e-01	2.187130952397093e-03	6.347574046160389e-03	6.989466783124964e-16	-9.094947017729280e-19	2.957834693272139e+05	2.009459410244182e+04	8.534704998557482e-03	3.951141170515892e+04	8.945093577562724e+03	9.488725375079805e+03	3.002319717857882e-17	-inf	
24	0.000000000000000e+00	8.000000000000000e-01	2.187130952397093e-03	6.347574046160389e-03	-5.939000402577234e-16	0.000000000000000e+00	2.957834693272139e+05	2.009459410244182e+04	8.534704998557482e-03	3.951141170515892e+04	8.945093577562724e+03	9.488725375079805e+03	2.551090586826576e-17	-inf	
25	2.000000000000000e-01	8.000000000000000e-01	2.187130952397092e-03	6.347574046160390e-03	-3.444711182964959e-16	2.464730641804654e-16	2.957834693272139e+05	2.009459410244182e+04	8.534704998557482e-03	3.951141170515888e+04	8.945093577562717e+03	9.488725375079805e+03	1.819428649012616e-17	-inf	
26	3.999999999999999e-01	8.000000000000000e-01	2.187130952397092e-03	6.347574046160390e-03	-9.094947017729284e-19	0.000000000000000e+00	2.957834693272139e+05	2.009459410244182e+04	8.534704998557482e-03	3.951141170515888e+04	8.945093577562717e+03	9.488725375079805e+03	3.906723716426603e-20	-inf	
27	6.000000000000000e-01	8.000000000000000e-01	2.187130952397092e-03	6.347574046160390e-03	0.000000000000000e+00	-2.401066012680554e-16	2.957834693272139e+05	2.009459410244182e+04	8.534704998557482e-03	3.951141170515888e+04	8.945093577562717e+03	9.488725375079805e+03	1.031375061136633e-17	-inf	
28	8.000000000000000e-01	8.000000000000000e-01	2.187130952397092e-03	6.347574046160390e-03	0.000000000000000e+00	3.406057658139609e-16	2.957834693272139e+05	2.009459410244182e+04	8.534704998557482e-03	3.951141170515888e+04	8.945093577562717e+03	9.488725375079805e+03	1.463068031801760e-17	-inf	
29	1.000000000000000e+00	8.000000000000000e-01	2.187130952397092e-03	6.347574046160390e-03	-1.036823960021136e-16	-3.271907189628113e-16	2.957834693272139e+05	2.009459410244182e+04	8.534704998557482e-03	3.951141170515888e+04	8.945093577562717e+03	9.488725375079805e+03	1.474321456714570e-17	-inf	
30	0.000000000000000e+00	1.000000000000000e+00	2.187130952397092e-03	6.347574046160390e-03	1.818989403545857e-18	-6.825757736805814e-16	2.957834693272139e+05	2.009459410244182e+04	8.534704998557482e-03	3.951141170515888e+04	8.945093577562717e+03	9.488725375079805e+03	2.932006560148928e-17	-inf	
31	2.000000000000000e-01	1.000000000000000e+00	2.187130952397092e-03	6.347574046160390e-03	0.000000000000000e+00	0.000000000000000e+00	2.957834693272139e+05	2.009459410244182e+04	8.534704998557482e-03	3.951141170515888e+04	8.945093577562717e+03	9.488725375079805e+03	0.000000000000000e+00	-inf	
32	3.999999999999999e-01	1.000000000000000e+00	2.187130952397092e-03	6.347574046160390e-03	0.000000000000000e+00	0.000000000000000e+00	2.957834693272139e+05	2.009459410244182e+04	8.534704998557482e-03	3.951141170515888e+04	8.945093577562717e+03	9.488725375079805e+03	0.000000000000000e+00	-inf	
33	6.000000000000000e-01	1.000000000000000e+00	2.187130952397092e-03	6.347574046160390e-03	3.460627340245983e-16	-8.731149137020095e-17	2.957834693272139e+05	2.009459410244182e+04	8.534704998557482e-03	3.951141170515888e+04	8.945093577562717e+03	9.488725375079805e+03	1.533090426531072e-17	-inf	
34	8.000000000000000e-01	1.000000000000000e+00	2.187130952397093e-03	6.347574046160389e-03	0.000000000000000e+00	7.694325176998953e-16	2.957834693272139e+05	2.009459410244182e+04	8.534704998557482e-03	3.951141170515892e+04	8.945093577562724e+03	9.488725375079805e+03	3.305088264096896e-17	-inf	
35	1.000000000000000e+00	1.000000000000000e+00	2.187130952397092e-03	6.347574046160390e-03	-6.903064786456508e-16	-1.919033820740895e-16	2.957834693272139e+05	2.009459410244182e+04	8.534704998557482e-03	3.951141170515888e+04	8.945093577562717e+03	9.488725375079805e+03	3.077650392900745e-17	-inf	
EXT_ITER= 2581
AOA= 0.000000000000000e+00
SIDESLIP_ANGLE= 0.000000000000000e+00
INITIAL_BCTHRUST= 4.000000000000000e+03
DCD_DCL_VALUE= 0.000000000000000e+00
DCMX_DCL_VALUE= 0.000000000000000e+00
DCMY_DCL_VALUE= 0.000000000000000e+00
DCMZ_DCL_VALUE= 0.000000000000000e+00
