"PointID"	"x"	"y"	"Density[0]"	"Density[1]"	"Momentum_x"	"Momentum_y"	"Energy"	"Electronic_Energy"	"Total_Density"	"Pressure"	"Temperature"	"Tve"	"Mach"	"C<sub>p</sub>"
0	0.000000000000000e+00	0.000000000000000e+00	2.759167950967611e-03	5.775537047589882e-03	0.000000000000000e+00	0.000000000000000e+00	2.957834693272139e+05	3.592677441287382e+04	8.534704998557492e-03	4.044176384922986e+04	9.521708769278341e+03	1.241932872331777e+04	0.000000000000000e+00	-inf	
1	2.000000000000000e-01	0.000000000000000e+00	2.759167950967611e-03	5.775537047589882e-03	0.000000000000000e+00	9.413270163349790e-17	2.957834693272139e+05	3.592677441287382e+04	8.534704998557492e-03	4.044176384922986e+04	9.521708769278341e+03	1.241932872331777e+04	4.017284794086375e-18	-inf	
2	4.000000000000000e-01	0.000000000000000e+00	2.759167950967611e-03	5.775537047589882e-03	0.000000000000000e+00	-7.321432349272060e-17	2.957834693272139e+05	3.592677441287382e+04	8.534704998557492e-03	4.044176384922986e+04	9.521708769278341e+03	1.241932872331777e+04	3.124554839844959e-18	-inf	
3	6.000000000000001e-01	0.000000000000000e+00	2.759167950967611e-03	5.775537047589882e-03	0.000000000000000e+00	-9.003997547551973e-17	2.957834693272139e+05	3.592677441287382e+04	8.534704998557492e-03	4.044176384922986e+04	9.521708769278341e+03	1.241932872331777e+04	3.842620237821750e-18	-inf	
4	8.000000000000000e-01	0.000000000000000e+00	2.759167950967611e-03	5.775537047589882e-03	2.592059900052845e-17	0.000000000000000e+00	2.957834693272139e+05	3.592677441287382e+04	8.534704998557492e-03	4.044176384922986e+04	9.521708769278341e+03	1.241932872331777e+04	1.106208856342627e-18	-inf	
5	1.000000000000000e+00	0.000000000000000e+00	2.759167950967611e-03	5.775537047589882e-03	5.456968210637568e-17	-4.092726157978176e-18	2.957834693272139e+05	3.592677441287382e+04	8.534704998557494e-03	4.044176384922978e+04	9.521708769278319e+03	1.241932872331777e+04	2.335401486043452e-18	-inf	
6	0.000000000000000e+00	2.000000000000000e-01	2.759167950967611e-03	5.775537047589882e-03	0.000000000000000e+00	0.000000000000000e+00	2.957834693272139e+05	3.592677441287382e+04	8.534704998557492e-03	4.044176384922986e+04	9.521708769278341e+03	1.241932872331777e+04	0.000000000000000e+00	-inf	
7	2.000000000000000e-01	2.000000000000000e-01	2.759167950967611e-03	5.775537047589882e-03	-4.934008757118127e-17	-1.818989403545857e-18	2.957834693272139e+05	3.592677441287382e+04	8.534704998557492e-03	4.044176384922986e+04	9.521708769278341e+03	1.241932872331777e+04	2.107108719381037e-18	-inf	
8	4.000000000000000e-01	2.000000000000000e-01	2.759167950967611e-03	5.775537047589882e-03	-4.615685611497602e-17	2.773958840407430e-17	2.957834693272139e+05	3.592677441287382e+04	8.534704998557492e-03	4.044176384922986e+04	9.521708769278341e+03	1.241932872331777e+04	2.298193614866348e-18	-inf	
9	5.999999999999999e-01	2.000000000000000e-01	2.759167950967611e-03	5.775537047589882e-03	0.000000000000000e+00	6.730260793119664e-17	2.957834693272139e+05	3.592677441287382e+04	8.534704998557492e-03	4.044176384922986e+04	9.521708769278341e+03	1.241932872331777e+04	2.872261591907170e-18	-inf	
10	7.999999999999999e-01	2.000000000000000e-01	2.759167950967611e-03	5.775537047589882e-03	2.569322532508521e-17	-4.274625098332755e-17	2.957834693272139e+05	3.592677441287382e+04	8.534704998557492e-03	4.044176384922986e+04	9.521708769278341e+03	1.241932872331777e+04	2.128450225364669e-18	-inf	
11	1.000000000000000e+00	2.000000000000000e-01	2.759167950967611e-03	5.775537047589882e-03	6.048139766789964e-17	-2.887645678129043e-17	2.957834693272139e+05	3.592677441287382e+04	8.534704998557494e-03	4.044176384922978e+04	9.521708769278319e+03	1.241932872331777e+04	2.860254532717457e-18	-inf	
12	0.000000000000000e+00	3.999999999999999e-01	2.759167950967611e-03	5.775537047589882e-03	-1.323314791079613e-16	0.000000000000000e+00	2.957834693272139e+05	3.592677441287382e+04	8.534704998557492e-03	4.044176384922986e+04	9.521708769278341e+03	1.241932872331777e+04	5.647487319222898e-18	-inf	
13	2.000000000000000e-01	3.999999999999999e-01	2.759167950967611e-03	5.775537047589882e-03	8.828976680631963e-17	0.000000000000000e+00	2.957834693272139e+05	3.592677441287382e+04	8.534704998557492e-03	4.044176384922986e+04	9.521708769278341e+03	1.241932872331777e+04	3.767926889482180e-18	-inf	
14	3.999999999999999e-01	4.000000000000001e-01	2.759167950967611e-03	5.775537047589882e-03	1.189221185739359e-17	0.000000000000000e+00	2.957834693272139e+05	3.592677441287382e+04	8.534704998557494e-03	4.044176384922978e+04	9.521708769278319e+03	1.241932872331777e+04	5.075218392091711e-19	-inf	
15	6.000000000000001e-01	4.000000000000000e-01	2.759167950967611e-03	5.775537047589882e-03	-7.094058673828831e-17	-9.094947017729280e-19	2.957834693272139e+05	3.592677441287382e+04	8.534704998557494e-03	4.044176384922978e+04	9.521708769278319e+03	1.241932872331777e+04	3.027767774939610e-18	-inf	
16	8.000000000000000e-01	4.000000000000000e-01	2.759167950967611e-03	5.775537047589882e-03	-2.410160959698262e-17	0.000000000000000e+00	2.957834693272139e+05	3.592677441287382e+04	8.534704998557492e-03	4.044176384922986e+04	9.521708769278341e+03	1.241932872331777e+04	1.028580164669461e-18	-inf	
17	1.000000000000000e+00	4.000000000000000e-01	2.759167950967611e-03	5.775537047589882e-03	0.000000000000000e+00	0.000000000000000e+00	2.957834693272139e+05	3.592677441287382e+04	8.534704998557492e-03	4.044176384922986e+04	9.521708769278341e+03	1.241932872331777e+04	0.000000000000000e+00	-inf	
18	0.000000000000000e+00	6.000000000000000e-01	2.759167950967611e-03	5.775537047589882e-03	7.321432349272060e-17	2.592059900052844e-17	2.957834693272139e+05	3.592677441287382e+04	8.534704998557492e-03	4.044176384922986e+04	9.521708769278341e+03	1.241932872331777e+04	3.314595145873689e-18	-inf	
19	2.000000000000000e-01	6.000000000000000e-01	2.759167950967611e-03	5.775537047589882e-03	4.685034977555773e-18	1.818989403545857e-18	2.957834693272139e+05	3.592677441287382e+04	8.534704998557492e-03	4.044176384922986e+04	9.521708769278341e+03	1.241932872331777e+04	2.144835271690097e-19	-inf	
20	4.000000000000001e-01	6.000000000000002e-01	2.759167950967611e-03	5.775537047589882e-03	0.000000000000000e+00	-2.773958840407431e-17	2.957834693272139e+05	3.592677441287382e+04	8.534704998557492e-03	4.044176384922986e+04	9.521708769278341e+03	1.241932872331777e+04	1.183837548015794e-18	-inf	
21	6.000000000000000e-01	6.000000000000001e-01	2.759167950967611e-03	5.775537047589882e-03	-4.685034977555745e-18	-2.410160959698259e-17	2.957834693272139e+05	3.592677441287382e+04	8.534704998557492e-03	4.044176384922986e+04	9.521708769278341e+03	1.241932872331777e+04	1.047833061516683e-18	-inf	
22	8.000000000000000e-01	6.000000000000001e-01	2.759167950967611e-03	5.775537047589882e-03	2.501110429875553e-17	-9.094947017729286e-19	2.957834693272139e+05	3.592677441287382e+04	8.534704998557492e-03	4.044176384922986e+04	9.521708769278341e+03	1.241932872331777e+04	1.068099992744667e-18	-inf	
23	1.000000000000000e+00	6.000000000000001e-01	2.759167950967611e-03	5.775537047589882e-03	1.427906681783496e-16	-9.094947017729280e-19	2.957834693272139e+05	3.592677441287382e+04	8.534704998557494e-03	4.044176384922978e+04	9.521708769278319e+03	1.241932872331777e+04	6.093975907656249e-18	-inf	
24	0.000000000000000e+00	8.000000000000000e-01	2.759167950967611e-03	5.775537047589882e-03	-5.456968210637568e-17	0.000000000000000e+00	2.957834693272139e+05	3.592677441287382e+04	8.534704998557494e-03	4.044176384922978e+04	9.521708769278319e+03	1.241932872331777e+04	2.328860750195006e-18	-inf	
25	2.000000000000000e-01	8.000000000000000e-01	2.759167950967611e-03	5.775537047589882e-03	-2.410160959698259e-17	4.843059286940834e-17	2.957834693272139e+05	3.592677441287382e+04	8.534704998557492e-03	4.044176384922986e+04	9.521708769278341e+03	1.241932872331777e+04	2.308658398633188e-18	-inf	
26	3.999999999999999e-01	8.000000000000000e-01	2.759167950967611e-03	5.775537047589882e-03	-9.094947017729284e-19	0.000000000000000e+00	2.957834693272139e+05	3.592677441287382e+04	8.534704998557492e-03	4.044176384922986e+04	9.521708769278341e+03	1.241932872331777e+04	3.881434583658342e-20	-inf	
27	6.000000000000000e-01	8.000000000000000e-01	2.759167950967611e-03	5.775537047589882e-03	0.000000000000000e+00	-3.615241439547383e-17	2.957834693272139e+05	3.592677441287382e+04	8.534704998557492e-03	4.044176384922986e+04	9.521708769278341e+03	1.241932872331777e+04	1.542870247004188e-18	-inf	
28	8.000000000000000e-01	8.000000000000000e-01	2.759167950967611e-03	5.775537047589882e-03	0.000000000000000e+00	2.637534635141491e-17	2.957834693272139e+05	3.592677441287382e+04	8.534704998557492e-03	4.044176384922986e+04	9.521708769278341e+03	1.241932872331777e+04	1.125616029260919e-18	-inf	
29	1.000000000000000e+00	8.000000000000000e-01	2.759167950967611e-03	5.775537047589882e-03	-8.822098607197387e-17	-2.705746737774459e-17	2.957834693272139e+05	3.592677441287382e+04	8.534704998557492e-03	4.044176384922986e+04	9.521708769278341e+03	1.241932872331777e+04	3.938090311174866e-18	-inf	
30	0.000000000000000e+00	1.000000000000000e+00	2.759167950967611e-03	5.775537047589882e-03	1.818989403545857e-18	-5.366018740460276e-17	2.957834693272139e+05	3.592677441287382e+04	8.534704998557492e-03	4.044176384922986e+04	9.521708769278341e+03	1.241932872331777e+04	2.291361767134518e-18	-inf	
31	2.000000000000000e-01	1.000000000000000e+00	2.759167950967611e-03	5.775537047589882e-03	0.000000000000000e+00	0.000000000000000e+00	2.957834693272139e+05	3.592677441287382e+04	8.534704998557492e-03	4.044176384922986e+04	9.521708769278341e+03	1.241932872331777e+04	0.000000000000000e+00	-inf	
32	3.999999999999999e-01	1.000000000000000e+00	2.759167950967611e-03	5.775537047589882e-03	0.000000000000000e+00	0.000000000000000e+00	2.957834693272139e+05	3.592677441287382e+04	8.534704998557492e-03	4.044176384922986e+04	9.521708769278341e+03	1.241932872331777e+04	0.000000000000000e+00	-inf	
33	6.000000000000000e-01	1.000000000000000e+00	2.759167950967611e-03	5.775537047589882e-03	2.637534635141491e-17	-8.731149137020095e-17	2.957834693272139e+05	3.592677441287382e+04	8.534704998557492e-03	4.044176384922986e+04	9.521708769278341e+03	1.241932872331777e+04	3.892480953512052e-18	-inf	
34	8.000000000000000e-01	1.000000000000000e+00	2.759167950967611e-03	5.775537047589882e-03	0.000000000000000e+00	1.909938873723153e-17	2.957834693272139e+05	3.592677441287382e+04	8.534704998557494e-03	4.044176384922978e+04	9.521708769278319e+03	1.241932872331777e+04	8.151012625682540e-19	-inf	
35	1.000000000000000e+00	1.000000000000000e+00	2.759167950967611e-03	5.775537047589882e-03	-5.093170329928396e-17	1.864464138634504e-17	2.957834693272139e+05	3.592677441287382e+04	8.534704998557492e-03	4.044176384922986e+04	9.521708769278341e+03	1.241932872331777e+04	2.314666429678314e-18	-inf	
EXT_ITER= 490
AOA= 0.000000000000000e+00
SIDESLIP_ANGLE= 0.000000000000000e+00
INITIAL_BCTHRUST= 4.000000000000000e+03
DCD_DCL_VALUE= 0.000000000000000e+00
DCMX_DCL_VALUE= 0.000000000000000e+00
DCMY_DCL_VALUE= 0.000000000000000e+00
DCMZ_DCL_VALUE= 0.000000000000000e+00
