"PointID"	"x"	"y"	"Density[0]"	"Density[1]"	"Momentum_x"	"Momentum_y"	"Energy"	"Electronic_Energy"	"Total_Density"	"Pressure"	"Temperature"	"Tve"	"Mach"	"C<sub>p</sub>"
0	0.000000000000000e+00	0.000000000000000e+00	2.023715078966550e-03	6.510989919590928e-03	0.000000000000000e+00	0.000000000000000e+00	2.957834693272139e+05	1.682718613619121e+04	8.534704998557477e-03	3.845259965998385e+04	8.610834451576568e+03	8.843323853750164e+03	0.000000000000000e+00	-inf	
1	2.000000000000000e-01	0.000000000000000e+00	2.023715078966550e-03	6.510989919590928e-03	0.000000000000000e+00	9.990799298975468e-16	2.957834693272139e+05	1.682718613619121e+04	8.534704998557477e-03	3.845259965998385e+04	8.610834451576568e+03	8.843323853750164e+03	4.343970153335612e-17	-inf	
2	4.000000000000000e-01	0.000000000000000e+00	2.023715078966550e-03	6.510989919590928e-03	0.000000000000000e+00	-7.721610018051963e-16	2.957834693272139e+05	1.682718613619121e+04	8.534704998557477e-03	3.845259965998385e+04	8.610834451576568e+03	8.843323853750164e+03	3.357333327430037e-17	-inf	
3	6.000000000000001e-01	0.000000000000000e+00	2.023715078966550e-03	6.510989919590928e-03	0.000000000000000e+00	-4.188223101664407e-16	2.957834693272139e+05	1.682718613619121e+04	8.534704998557477e-03	3.845259965998385e+04	8.610834451576568e+03	8.843323853750164e+03	1.821027087493048e-17	-inf	
4	8.000000000000000e-01	0.000000000000000e+00	2.023715078966550e-03	6.510989919590928e-03	1.346052158623929e-16	0.000000000000000e+00	2.957834693272139e+05	1.682718613619121e+04	8.534704998557477e-03	3.845259965998385e+04	8.610834451576568e+03	8.843323853750164e+03	5.852595199760381e-18	-inf	
5	1.000000000000000e+00	0.000000000000000e+00	2.023715078966550e-03	6.510989919590928e-03	1.919033820740854e-16	2.100932761095486e-16	2.957834693272139e+05	1.682718613619120e+04	8.534704998557479e-03	3.845259965998388e+04	8.610834451576575e+03	8.843323853750162e+03	1.237195092583159e-17	-inf	
6	0.000000000000000e+00	2.000000000000000e-01	2.023715078966550e-03	6.510989919590928e-03	0.000000000000000e+00	0.000000000000000e+00	2.957834693272139e+05	1.682718613619121e+04	8.534704998557477e-03	3.845259965998385e+04	8.610834451576568e+03	8.843323853750164e+03	0.000000000000000e+00	-inf	
7	2.000000000000000e-01	2.000000000000000e-01	2.023715078966550e-03	6.510989919590928e-03	-3.904006007360192e-16	-1.818989403545857e-18	2.957834693272139e+05	1.682718613619121e+04	8.534704998557477e-03	3.845259965998385e+04	8.610834451576568e+03	8.843323853750164e+03	1.697468755597440e-17	-inf	
8	4.000000000000000e-01	2.000000000000000e-01	2.023715078966550e-03	6.510989919590928e-03	-4.986304702470003e-16	1.364242052659386e-16	2.957834693272139e+05	1.682718613619121e+04	8.534704998557477e-03	3.845259965998385e+04	8.610834451576568e+03	8.843323853750164e+03	2.247711182608198e-17	-inf	
9	5.999999999999999e-01	2.000000000000000e-01	2.023715078966550e-03	6.510989919590928e-03	0.000000000000000e+00	3.437889972701727e-16	2.957834693272139e+05	1.682718613619121e+04	8.534704998557477e-03	3.845259965998385e+04	8.610834451576568e+03	8.843323853750164e+03	1.494784449668560e-17	-inf	
10	7.999999999999999e-01	2.000000000000000e-01	2.023715078966550e-03	6.510989919590928e-03	1.189164322568106e-16	-2.592059900052853e-16	2.957834693272139e+05	1.682718613619121e+04	8.534704998557477e-03	3.845259965998385e+04	8.610834451576568e+03	8.843323853750164e+03	1.239963635123276e-17	-inf	
11	1.000000000000000e+00	2.000000000000000e-01	2.023715078966550e-03	6.510989919590928e-03	2.023625711444759e-16	-9.640643838792968e-17	2.957834693272139e+05	1.682718613619120e+04	8.534704998557479e-03	3.845259965998388e+04	8.610834451576575e+03	8.843323853750162e+03	9.746130198669752e-18	-inf	
12	0.000000000000000e+00	3.999999999999999e-01	2.023715078966550e-03	6.510989919590928e-03	-1.084572431864213e-15	0.000000000000000e+00	2.957834693272139e+05	1.682718613619121e+04	8.534704998557477e-03	3.845259965998385e+04	8.610834451576568e+03	8.843323853750164e+03	4.715689037644768e-17	-inf	
13	2.000000000000000e-01	3.999999999999999e-01	2.023715078966550e-03	6.510989919590928e-03	3.651838868375822e-16	0.000000000000000e+00	2.957834693272139e+05	1.682718613619121e+04	8.534704998557477e-03	3.845259965998385e+04	8.610834451576568e+03	8.843323853750164e+03	1.587808800307122e-17	-inf	
14	3.999999999999999e-01	4.000000000000001e-01	2.023715078966550e-03	6.510989919590928e-03	9.233547630570232e-17	0.000000000000000e+00	2.957834693272139e+05	1.682718613619120e+04	8.534704998557479e-03	3.845259965998388e+04	8.610834451576575e+03	8.843323853750162e+03	4.014719354908174e-18	-inf	
15	6.000000000000001e-01	4.000000000000000e-01	2.023715078966550e-03	6.510989919590928e-03	-2.855813363567041e-16	-9.094947017729280e-19	2.957834693272139e+05	1.682718613619120e+04	8.534704998557479e-03	3.845259965998388e+04	8.610834451576575e+03	8.843323853750162e+03	1.241705548729914e-17	-inf	
16	8.000000000000000e-01	4.000000000000000e-01	2.023715078966550e-03	6.510989919590928e-03	-1.407443050993605e-16	0.000000000000000e+00	2.957834693272139e+05	1.682718613619121e+04	8.534704998557477e-03	3.845259965998385e+04	8.610834451576568e+03	8.843323853750164e+03	6.119520994344064e-18	-inf	
17	1.000000000000000e+00	4.000000000000000e-01	2.023715078966550e-03	6.510989919590928e-03	0.000000000000000e+00	0.000000000000000e+00	2.957834693272139e+05	1.682718613619121e+04	8.534704998557477e-03	3.845259965998385e+04	8.610834451576568e+03	8.843323853750164e+03	0.000000000000000e+00	-inf	
18	0.000000000000000e+00	6.000000000000000e-01	2.023715078966550e-03	6.510989919590928e-03	7.721610018051963e-16	1.346052158623928e-16	2.957834693272139e+05	1.682718613619121e+04	8.534704998557477e-03	3.845259965998385e+04	8.610834451576568e+03	8.843323853750164e+03	3.407963582140370e-17	-inf	
19	2.000000000000000e-01	6.000000000000000e-01	2.023715078966550e-03	6.510989919590928e-03	-2.132959734016167e-17	1.818989403545857e-18	2.957834693272139e+05	1.682718613619121e+04	8.534704998557477e-03	3.845259965998385e+04	8.610834451576568e+03	8.843323853750164e+03	9.307708729554613e-19	-inf	
20	4.000000000000001e-01	6.000000000000002e-01	2.023715078966550e-03	6.510989919590928e-03	0.000000000000000e+00	-1.364242052659388e-16	2.957834693272139e+05	1.682718613619121e+04	8.534704998557477e-03	3.845259965998385e+04	8.610834451576568e+03	8.843323853750164e+03	5.931684324081471e-18	-inf	
21	6.000000000000000e-01	6.000000000000001e-01	2.023715078966550e-03	6.510989919590928e-03	2.132959734016196e-17	-1.361968315904959e-16	2.957834693272139e+05	1.682718613619121e+04	8.534704998557477e-03	3.845259965998385e+04	8.610834451576568e+03	8.843323853750164e+03	5.993978065938349e-18	-inf	
22	8.000000000000000e-01	6.000000000000001e-01	2.023715078966550e-03	6.510989919590928e-03	1.416537998011332e-16	-9.094947017729286e-19	2.957834693272139e+05	1.682718613619121e+04	8.534704998557477e-03	3.845259965998385e+04	8.610834451576568e+03	8.843323853750164e+03	6.159192504031495e-18	-inf	
23	1.000000000000000e+00	6.000000000000001e-01	2.023715078966550e-03	6.510989919590928e-03	5.720721674151812e-16	-9.094947017729280e-19	2.957834693272139e+05	1.682718613619120e+04	8.534704998557479e-03	3.845259965998388e+04	8.610834451576575e+03	8.843323853750162e+03	2.487356103343137e-17	-inf	
24	0.000000000000000e+00	8.000000000000000e-01	2.023715078966550e-03	6.510989919590928e-03	-1.641637936700146e-16	0.000000000000000e+00	2.957834693272139e+05	1.682718613619120e+04	8.534704998557479e-03	3.845259965998388e+04	8.610834451576575e+03	8.843323853750162e+03	7.137793469978102e-18	-inf	
25	2.000000000000000e-01	8.000000000000000e-01	2.023715078966550e-03	6.510989919590928e-03	-1.361968315904959e-16	3.894911060342463e-16	2.957834693272139e+05	1.682718613619121e+04	8.534704998557477e-03	3.845259965998385e+04	8.610834451576568e+03	8.843323853750164e+03	1.794047160556232e-17	-inf	
26	3.999999999999999e-01	8.000000000000000e-01	2.023715078966550e-03	6.510989919590928e-03	-9.094947017729284e-19	0.000000000000000e+00	2.957834693272139e+05	1.682718613619121e+04	8.534704998557477e-03	3.845259965998385e+04	8.610834451576568e+03	8.843323853750164e+03	3.954456216054327e-20	-inf	
27	6.000000000000000e-01	8.000000000000000e-01	2.023715078966550e-03	6.510989919590928e-03	0.000000000000000e+00	-4.556568455882238e-16	2.957834693272139e+05	1.682718613619121e+04	8.534704998557477e-03	3.845259965998385e+04	8.610834451576568e+03	8.843323853750164e+03	1.981182564243159e-17	-inf	
28	8.000000000000000e-01	8.000000000000000e-01	2.023715078966550e-03	6.510989919590928e-03	0.000000000000000e+00	1.343778421869493e-16	2.957834693272139e+05	1.682718613619121e+04	8.534704998557477e-03	3.845259965998385e+04	8.610834451576568e+03	8.843323853750164e+03	5.842709059220230e-18	-inf	
29	1.000000000000000e+00	8.000000000000000e-01	2.023715078966550e-03	6.510989919590928e-03	-4.170033207628948e-16	-1.193711796076976e-16	2.957834693272139e+05	1.682718613619121e+04	8.534704998557477e-03	3.845259965998385e+04	8.610834451576568e+03	8.843323853750164e+03	1.885943197970662e-17	-inf	
30	0.000000000000000e+00	1.000000000000000e+00	2.023715078966550e-03	6.510989919590928e-03	1.818989403545857e-18	-2.710294211283319e-16	2.957834693272139e+05	1.682718613619121e+04	8.534704998557477e-03	3.845259965998385e+04	8.610834451576568e+03	8.843323853750164e+03	1.178454492059937e-17	-inf	
31	2.000000000000000e-01	1.000000000000000e+00	2.023715078966550e-03	6.510989919590928e-03	0.000000000000000e+00	0.000000000000000e+00	2.957834693272139e+05	1.682718613619121e+04	8.534704998557477e-03	3.845259965998385e+04	8.610834451576568e+03	8.843323853750164e+03	0.000000000000000e+00	-inf	
32	3.999999999999999e-01	1.000000000000000e+00	2.023715078966550e-03	6.510989919590928e-03	0.000000000000000e+00	0.000000000000000e+00	2.957834693272139e+05	1.682718613619121e+04	8.534704998557477e-03	3.845259965998385e+04	8.610834451576568e+03	8.843323853750164e+03	0.000000000000000e+00	-inf	
33	6.000000000000000e-01	1.000000000000000e+00	2.023715078966550e-03	6.510989919590928e-03	1.430180418537923e-16	-2.760316419880875e-16	2.957834693272139e+05	1.682718613619121e+04	8.534704998557477e-03	3.845259965998385e+04	8.610834451576568e+03	8.843323853750164e+03	1.351705861480690e-17	-inf	
34	8.000000000000000e-01	1.000000000000000e+00	2.023715078966550e-03	6.510989919590928e-03	0.000000000000000e+00	4.288267518859314e-16	2.957834693272139e+05	1.682718613619120e+04	8.534704998557479e-03	3.845259965998388e+04	8.610834451576575e+03	8.843323853750162e+03	1.864526105869595e-17	-inf	
35	1.000000000000000e+00	1.000000000000000e+00	2.023715078966550e-03	6.510989919590928e-03	-2.842170943040388e-16	-2.223714545834834e-16	2.957834693272139e+05	1.682718613619121e+04	8.534704998557477e-03	3.845259965998385e+04	8.610834451576568e+03	8.843323853750164e+03	1.569059759527034e-17	-inf	
EXT_ITER= 4844
AOA= 0.000000000000000e+00
SIDESLIP_ANGLE= 0.000000000000000e+00
INITIAL_BCTHRUST= 4.000000000000000e+03
DCD_DCL_VALUE= 0.000000000000000e+00
DCMX_DCL_VALUE= 0.000000000000000e+00
DCMY_DCL_VALUE= 0.000000000000000e+00
DCMZ_DCL_VALUE= 0.000000000000000e+00
