"PointID"	"x"	"y"	"Density[0]"	"Density[1]"	"Momentum_x"	"Momentum_y"	"Energy"	"Electronic_Energy"	"Total_Density"	"Pressure"	"Temperature"	"Tve"	"Mach"	"C<sub>p</sub>"
0	0.000000000000000e+00	0.000000000000000e+00	1.941654567235274e-03	6.593050431322228e-03	0.000000000000000e+00	0.000000000000000e+00	2.957834693272139e+05	1.546314462245520e+04	8.534704998557501e-03	3.774250134443572e+04	8.405972583952132e+03	8.568007733050905e+03	0.000000000000000e+00	-inf	
1	2.000000000000000e-01	0.000000000000000e+00	1.941654567235274e-03	6.593050431322228e-03	0.000000000000000e+00	1.236912794411199e-15	2.957834693272139e+05	1.546314462245520e+04	8.534704998557501e-03	3.774250134443572e+04	8.405972583952132e+03	8.568007733050905e+03	5.424527382366815e-17	-inf	
2	4.000000000000000e-01	0.000000000000000e+00	1.941654567235274e-03	6.593050431322228e-03	0.000000000000000e+00	-9.486029739491425e-16	2.957834693272139e+05	1.546314462245520e+04	8.534704998557501e-03	3.774250134443572e+04	8.405972583952132e+03	8.568007733050905e+03	4.160133867506164e-17	-inf	
3	6.000000000000001e-01	0.000000000000000e+00	1.941654567235274e-03	6.593050431322228e-03	0.000000000000000e+00	-7.553353498223985e-16	2.957834693272139e+05	1.546314462245520e+04	8.534704998557501e-03	3.774250134443572e+04	8.405972583952132e+03	8.568007733050905e+03	3.312551464011374e-17	-inf	
4	8.000000000000000e-01	0.000000000000000e+00	1.941654567235274e-03	6.593050431322228e-03	1.703028829069808e-16	0.000000000000000e+00	2.957834693272139e+05	1.546314462245520e+04	8.534704998557501e-03	3.774250134443572e+04	8.405972583952132e+03	8.568007733050905e+03	7.468696708442443e-18	-inf	
5	1.000000000000000e+00	0.000000000000000e+00	1.941654567235275e-03	6.593050431322228e-03	2.742126525845363e-16	1.818989403545873e-18	2.957834693272139e+05	1.546314462245521e+04	8.534704998557503e-03	3.774250134443577e+04	8.405972583952142e+03	8.568007733050905e+03	1.202596315430599e-17	-inf	
6	0.000000000000000e+00	2.000000000000000e-01	1.941654567235274e-03	6.593050431322228e-03	0.000000000000000e+00	0.000000000000000e+00	2.957834693272139e+05	1.546314462245520e+04	8.534704998557501e-03	3.774250134443572e+04	8.405972583952132e+03	8.568007733050905e+03	0.000000000000000e+00	-inf	
7	2.000000000000000e-01	2.000000000000000e-01	1.941654567235274e-03	6.593050431322228e-03	-5.372839950723550e-16	-1.818989403545857e-18	2.957834693272139e+05	1.546314462245520e+04	8.534704998557501e-03	3.774250134443572e+04	8.405972583952132e+03	8.568007733050905e+03	2.356292585267456e-17	-inf	
8	4.000000000000000e-01	2.000000000000000e-01	1.941654567235274e-03	6.593050431322228e-03	-6.175469025038265e-16	1.721218723105266e-16	2.957834693272139e+05	1.546314462245520e+04	8.534704998557501e-03	3.774250134443572e+04	8.405972583952132e+03	8.568007733050905e+03	2.811502749888868e-17	-inf	
9	5.999999999999999e-01	2.000000000000000e-01	1.941654567235274e-03	6.593050431322228e-03	0.000000000000000e+00	5.572928785113679e-16	2.957834693272139e+05	1.546314462245520e+04	8.534704998557501e-03	3.774250134443572e+04	8.405972583952132e+03	8.568007733050905e+03	2.444028789371513e-17	-inf	
10	7.999999999999999e-01	2.000000000000000e-01	1.941654567235274e-03	6.593050431322228e-03	1.589341991348198e-16	-3.892637323588031e-16	2.957834693272139e+05	1.546314462245520e+04	8.534704998557501e-03	3.774250134443572e+04	8.405972583952132e+03	8.568007733050905e+03	1.843941623231888e-17	-inf	
11	1.000000000000000e+00	2.000000000000000e-01	1.941654567235275e-03	6.593050431322228e-03	2.773958840407435e-16	-1.364242052659390e-16	2.957834693272139e+05	1.546314462245521e+04	8.534704998557503e-03	3.774250134443577e+04	8.405972583952142e+03	8.568007733050905e+03	1.355691852551740e-17	-inf	
12	0.000000000000000e+00	3.999999999999999e-01	1.941654567235274e-03	6.593050431322228e-03	-1.265561877517063e-15	0.000000000000000e+00	2.957834693272139e+05	1.546314462245520e+04	8.534704998557501e-03	3.774250134443572e+04	8.405972583952132e+03	8.568007733050905e+03	5.550169009237884e-17	-inf	
13	2.000000000000000e-01	3.999999999999999e-01	1.941654567235274e-03	6.593050431322228e-03	4.689228224598557e-16	0.000000000000000e+00	2.957834693272139e+05	1.546314462245520e+04	8.534704998557501e-03	3.774250134443572e+04	8.405972583952132e+03	8.568007733050905e+03	2.056478599092409e-17	-inf	
14	3.999999999999999e-01	4.000000000000001e-01	1.941654567235275e-03	6.593050431322228e-03	1.310455407512108e-16	0.000000000000000e+00	2.957834693272139e+05	1.546314462245521e+04	8.534704998557503e-03	3.774250134443577e+04	8.405972583952142e+03	8.568007733050905e+03	5.747051266297197e-18	-inf	
15	6.000000000000001e-01	4.000000000000000e-01	1.941654567235275e-03	6.593050431322228e-03	-5.081801646156308e-16	-9.094947017729280e-19	2.957834693272139e+05	1.546314462245521e+04	8.534704998557503e-03	3.774250134443577e+04	8.405972583952142e+03	8.568007733050905e+03	2.228646712541747e-17	-inf	
16	8.000000000000000e-01	4.000000000000000e-01	1.941654567235274e-03	6.593050431322228e-03	-1.768967194948348e-16	0.000000000000000e+00	2.957834693272139e+05	1.546314462245520e+04	8.534704998557501e-03	3.774250134443572e+04	8.405972583952132e+03	8.568007733050905e+03	7.757871881399506e-18	-inf	
17	1.000000000000000e+00	4.000000000000000e-01	1.941654567235274e-03	6.593050431322228e-03	0.000000000000000e+00	0.000000000000000e+00	2.957834693272139e+05	1.546314462245520e+04	8.534704998557501e-03	3.774250134443572e+04	8.405972583952132e+03	8.568007733050905e+03	0.000000000000000e+00	-inf	
18	0.000000000000000e+00	6.000000000000000e-01	1.941654567235274e-03	6.593050431322228e-03	9.486029739491425e-16	1.703028829069807e-16	2.957834693272139e+05	1.546314462245520e+04	8.534704998557501e-03	3.774250134443572e+04	8.405972583952132e+03	8.568007733050905e+03	4.226645017126324e-17	-inf	
19	2.000000000000000e-01	6.000000000000000e-01	1.941654567235274e-03	6.593050431322228e-03	8.569433383219655e-18	1.818989403545857e-18	2.957834693272139e+05	1.546314462245520e+04	8.534704998557501e-03	3.774250134443572e+04	8.405972583952132e+03	8.568007733050905e+03	3.841888776475895e-19	-inf	
20	4.000000000000001e-01	6.000000000000002e-01	1.941654567235274e-03	6.593050431322228e-03	0.000000000000000e+00	-1.721218723105268e-16	2.957834693272139e+05	1.546314462245520e+04	8.534704998557501e-03	3.774250134443572e+04	8.405972583952132e+03	8.568007733050905e+03	7.548469169947842e-18	-inf	
21	6.000000000000000e-01	6.000000000000001e-01	1.941654567235274e-03	6.593050431322228e-03	-8.569433383219255e-18	-1.814441930036997e-16	2.957834693272139e+05	1.546314462245520e+04	8.534704998557501e-03	3.774250134443572e+04	8.405972583952132e+03	8.568007733050905e+03	7.966172797617925e-18	-inf	
22	8.000000000000000e-01	6.000000000000001e-01	1.941654567235274e-03	6.593050431322228e-03	1.778062141966075e-16	-9.094947017729286e-19	2.957834693272139e+05	1.546314462245520e+04	8.534704998557501e-03	3.774250134443572e+04	8.405972583952132e+03	8.568007733050905e+03	7.797860122305285e-18	-inf	
23	1.000000000000000e+00	6.000000000000001e-01	1.941654567235275e-03	6.593050431322228e-03	1.017269823933034e-15	-9.094947017729280e-19	2.957834693272139e+05	1.546314462245521e+04	8.534704998557503e-03	3.774250134443577e+04	8.405972583952142e+03	8.568007733050905e+03	4.461276692712100e-17	-inf	
24	0.000000000000000e+00	8.000000000000000e-01	1.941654567235275e-03	6.593050431322228e-03	-2.546585164964216e-16	0.000000000000000e+00	2.957834693272139e+05	1.546314462245521e+04	8.534704998557503e-03	3.774250134443577e+04	8.405972583952142e+03	8.568007733050905e+03	1.116814461075512e-17	-inf	
25	2.000000000000000e-01	8.000000000000000e-01	1.941654567235274e-03	6.593050431322228e-03	-1.814441930036998e-16	5.363745003705819e-16	2.957834693272139e+05	1.546314462245520e+04	8.534704998557501e-03	3.774250134443572e+04	8.405972583952132e+03	8.568007733050905e+03	2.483235211925002e-17	-inf	
26	3.999999999999999e-01	8.000000000000000e-01	1.941654567235274e-03	6.593050431322228e-03	-9.094947017729284e-19	0.000000000000000e+00	2.957834693272139e+05	1.546314462245520e+04	8.534704998557501e-03	3.774250134443572e+04	8.405972583952132e+03	8.568007733050905e+03	3.988623075269664e-20	-inf	
27	6.000000000000000e-01	8.000000000000000e-01	1.941654567235274e-03	6.593050431322228e-03	0.000000000000000e+00	-5.950369086349435e-16	2.957834693272139e+05	1.546314462245520e+04	8.534704998557501e-03	3.774250134443572e+04	8.405972583952132e+03	8.568007733050905e+03	2.609556646995200e-17	-inf	
28	8.000000000000000e-01	8.000000000000000e-01	1.941654567235274e-03	6.593050431322228e-03	0.000000000000000e+00	1.691660145297642e-16	2.957834693272139e+05	1.546314462245520e+04	8.534704998557501e-03	3.774250134443572e+04	8.405972583952132e+03	8.568007733050905e+03	7.418838920001551e-18	-inf	
29	1.000000000000000e+00	8.000000000000000e-01	1.941654567235274e-03	6.593050431322228e-03	-7.535163604188528e-16	-1.571152097312747e-16	2.957834693272139e+05	1.546314462245520e+04	8.534704998557501e-03	3.774250134443572e+04	8.405972583952132e+03	8.568007733050905e+03	3.375645048180664e-17	-inf	
30	0.000000000000000e+00	1.000000000000000e+00	1.941654567235274e-03	6.593050431322228e-03	1.818989403545857e-18	-3.424247552175077e-16	2.957834693272139e+05	1.546314462245520e+04	8.534704998557501e-03	3.774250134443572e+04	8.405972583952132e+03	8.568007733050905e+03	1.501737775594342e-17	-inf	
31	2.000000000000000e-01	1.000000000000000e+00	1.941654567235274e-03	6.593050431322228e-03	0.000000000000000e+00	0.000000000000000e+00	2.957834693272139e+05	1.546314462245520e+04	8.534704998557501e-03	3.774250134443572e+04	8.405972583952132e+03	8.568007733050905e+03	0.000000000000000e+00	-inf	
32	3.999999999999999e-01	1.000000000000000e+00	1.941654567235274e-03	6.593050431322228e-03	0.000000000000000e+00	0.000000000000000e+00	2.957834693272139e+05	1.546314462245520e+04	8.534704998557501e-03	3.774250134443572e+04	8.405972583952132e+03	8.568007733050905e+03	0.000000000000000e+00	-inf	
33	6.000000000000000e-01	1.000000000000000e+00	1.941654567235274e-03	6.593050431322228e-03	1.791704562492667e-16	-5.102265276946150e-16	2.957834693272139e+05	1.546314462245520e+04	8.534704998557501e-03	3.774250134443572e+04	8.405972583952132e+03	8.568007733050905e+03	2.371571016299094e-17	-inf	
34	8.000000000000000e-01	1.000000000000000e+00	1.941654567235275e-03	6.593050431322228e-03	0.000000000000000e+00	2.269189280923406e-16	2.957834693272139e+05	1.546314462245521e+04	8.534704998557503e-03	3.774250134443577e+04	8.405972583952142e+03	8.568007733050905e+03	9.951614572797581e-18	-inf	
35	1.000000000000000e+00	1.000000000000000e+00	1.941654567235274e-03	6.593050431322228e-03	-3.565219230949875e-16	-3.092281986027949e-17	2.957834693272139e+05	1.546314462245520e+04	8.534704998557501e-03	3.774250134443572e+04	8.405972583952132e+03	8.568007733050905e+03	1.569410410040128e-17	-inf	
EXT_ITER= 6845
AOA= 0.000000000000000e+00
SIDESLIP_ANGLE= 0.000000000000000e+00
INITIAL_BCTHRUST= 4.000000000000000e+03
DCD_DCL_VALUE= 0.000000000000000e+00
DCMX_DCL_VALUE= 0.000000000000000e+00
DCMY_DCL_VALUE= 0.000000000000000e+00
DCMZ_DCL_VALUE= 0.000000000000000e+00
