"PointID"	"x"	"y"	"Density[0]"	"Density[1]"	"Momentum_x"	"Momentum_y"	"Energy"	"Electronic_Energy"	"Total_Density"	"Pressure"	"Temperature"	"Tve"	"Mach"	"C<sub>p</sub>"
0	0.000000000000000e+00	0.000000000000000e+00	1.864745245681724e-03	6.669959752875782e-03	0.000000000000000e+00	0.000000000000000e+00	2.957834693272139e+05	1.426129110879460e+04	8.534704998557506e-03	3.702352636830179e+04	8.204133474963943e+03	8.321620205895479e+03	0.000000000000000e+00	-inf	
1	2.000000000000000e-01	0.000000000000000e+00	1.864745245681724e-03	6.669959752875782e-03	0.000000000000000e+00	1.487478584749674e-15	2.957834693272139e+05	1.426129110879460e+04	8.534704998557506e-03	3.702352636830179e+04	8.204133474963943e+03	8.321620205895479e+03	6.582025950200549e-17	-inf	
2	4.000000000000000e-01	0.000000000000000e+00	1.864745245681724e-03	6.669959752875782e-03	0.000000000000000e+00	-1.188254827866341e-15	2.957834693272139e+05	1.426129110879460e+04	8.534704998557506e-03	3.702352636830179e+04	8.204133474963943e+03	8.321620205895479e+03	5.257974261043596e-17	-inf	
3	6.000000000000001e-01	0.000000000000000e+00	1.864745245681724e-03	6.669959752875782e-03	0.000000000000000e+00	-1.254193193744888e-15	2.957834693272139e+05	1.426129110879460e+04	8.534704998557506e-03	3.702352636830179e+04	8.204133474963943e+03	8.321620205895479e+03	5.549748569444448e-17	-inf	
4	8.000000000000000e-01	0.000000000000000e+00	1.864745245681724e-03	6.669959752875782e-03	3.938112058676772e-16	0.000000000000000e+00	2.957834693272139e+05	1.426129110879460e+04	8.534704998557506e-03	3.702352636830179e+04	8.204133474963943e+03	8.321620205895479e+03	1.742596903966210e-17	-inf	
5	1.000000000000000e+00	0.000000000000000e+00	1.864745245681725e-03	6.669959752875782e-03	7.526068657170996e-16	-1.164153218269347e-16	2.957834693272139e+05	1.426129110879461e+04	8.534704998557506e-03	3.702352636830175e+04	8.204133474963934e+03	8.321620205895479e+03	3.369857150202588e-17	-inf	
6	0.000000000000000e+00	2.000000000000000e-01	1.864745245681724e-03	6.669959752875782e-03	0.000000000000000e+00	0.000000000000000e+00	2.957834693272139e+05	1.426129110879460e+04	8.534704998557506e-03	3.702352636830179e+04	8.204133474963943e+03	8.321620205895479e+03	0.000000000000000e+00	-inf	
7	2.000000000000000e-01	2.000000000000000e-01	1.864745245681724e-03	6.669959752875782e-03	-7.828475645510782e-16	-1.818989403545857e-18	2.957834693272139e+05	1.426129110879460e+04	8.534704998557506e-03	3.702352636830179e+04	8.204133474963943e+03	8.321620205895479e+03	3.464074674603530e-17	-inf	
8	4.000000000000000e-01	2.000000000000000e-01	1.864745245681724e-03	6.669959752875782e-03	-7.428297976730640e-16	3.956301952712230e-16	2.957834693272139e+05	1.426129110879460e+04	8.534704998557506e-03	3.702352636830179e+04	8.204133474963943e+03	8.321620205895479e+03	3.724117923084246e-17	-inf	
9	5.999999999999999e-01	2.000000000000000e-01	1.864745245681724e-03	6.669959752875782e-03	0.000000000000000e+00	1.037733454722906e-15	2.957834693272139e+05	1.426129110879460e+04	8.534704998557506e-03	3.702352636830179e+04	8.204133474963943e+03	8.321620205895479e+03	4.591923943245820e-17	-inf	
10	7.999999999999999e-01	2.000000000000000e-01	1.864745245681724e-03	6.669959752875782e-03	3.774403012357648e-16	-6.343725544866279e-16	2.957834693272139e+05	1.426129110879460e+04	8.534704998557506e-03	3.702352636830179e+04	8.204133474963943e+03	8.321620205895479e+03	3.266353430712105e-17	-inf	
11	1.000000000000000e+00	2.000000000000000e-01	1.864745245681725e-03	6.669959752875782e-03	7.507878763135540e-16	-3.713012119987982e-16	2.957834693272139e+05	1.426129110879461e+04	8.534704998557506e-03	3.702352636830175e+04	8.204133474963934e+03	8.321620205895479e+03	3.706271772881559e-17	-inf	
12	0.000000000000000e+00	3.999999999999999e-01	1.864745245681724e-03	6.669959752875782e-03	-1.253738446394046e-15	0.000000000000000e+00	2.957834693272139e+05	1.426129110879460e+04	8.534704998557506e-03	3.702352636830179e+04	8.204133474963943e+03	8.321620205895479e+03	5.547736332834985e-17	-inf	
13	2.000000000000000e-01	3.999999999999999e-01	1.864745245681724e-03	6.669959752875782e-03	7.699526743878425e-16	0.000000000000000e+00	2.957834693272139e+05	1.426129110879460e+04	8.534704998557506e-03	3.702352636830179e+04	8.204133474963943e+03	8.321620205895479e+03	3.407006013535283e-17	-inf	
14	3.999999999999999e-01	4.000000000000001e-01	1.864745245681725e-03	6.669959752875782e-03	3.024723976765534e-16	0.000000000000000e+00	2.957834693272139e+05	1.426129110879461e+04	8.534704998557506e-03	3.702352636830175e+04	8.204133474963934e+03	8.321620205895479e+03	1.338426778804011e-17	-inf	
15	6.000000000000001e-01	4.000000000000000e-01	1.864745245681725e-03	6.669959752875782e-03	-9.913492249324861e-16	-9.094947017729280e-19	2.957834693272139e+05	1.426129110879461e+04	8.534704998557506e-03	3.702352636830175e+04	8.204133474963934e+03	8.321620205895479e+03	4.386677655148666e-17	-inf	
16	8.000000000000000e-01	4.000000000000000e-01	1.864745245681724e-03	6.669959752875782e-03	-4.097273631487047e-16	0.000000000000000e+00	2.957834693272139e+05	1.426129110879460e+04	8.534704998557506e-03	3.702352636830179e+04	8.204133474963943e+03	8.321620205895479e+03	1.813025185304342e-17	-inf	
17	1.000000000000000e+00	4.000000000000000e-01	1.864745245681724e-03	6.669959752875782e-03	0.000000000000000e+00	0.000000000000000e+00	2.957834693272139e+05	1.426129110879460e+04	8.534704998557506e-03	3.702352636830179e+04	8.204133474963943e+03	8.321620205895479e+03	0.000000000000000e+00	-inf	
18	0.000000000000000e+00	6.000000000000000e-01	1.864745245681724e-03	6.669959752875782e-03	1.188254827866341e-15	3.938112058676771e-16	2.957834693272139e+05	1.426129110879460e+04	8.534704998557506e-03	3.702352636830179e+04	8.204133474963943e+03	8.321620205895479e+03	5.539218112649976e-17	-inf	
19	2.000000000000000e-01	6.000000000000000e-01	1.864745245681724e-03	6.669959752875782e-03	4.333181700832646e-17	1.818989403545857e-18	2.957834693272139e+05	1.426129110879460e+04	8.534704998557506e-03	3.702352636830179e+04	8.204133474963943e+03	8.321620205895479e+03	1.919102102477015e-18	-inf	
20	4.000000000000001e-01	6.000000000000002e-01	1.864745245681724e-03	6.669959752875782e-03	0.000000000000000e+00	-3.956301952712233e-16	2.957834693272139e+05	1.426129110879460e+04	8.534704998557506e-03	3.702352636830179e+04	8.204133474963943e+03	8.321620205895479e+03	1.750645850404854e-17	-inf	
21	6.000000000000000e-01	6.000000000000001e-01	1.864745245681724e-03	6.669959752875782e-03	-4.333181700832597e-17	-4.124558472540238e-16	2.957834693272139e+05	1.426129110879460e+04	8.534704998557506e-03	3.702352636830179e+04	8.204133474963943e+03	8.321620205895479e+03	1.835142953857793e-17	-inf	
22	8.000000000000000e-01	6.000000000000001e-01	1.864745245681724e-03	6.669959752875782e-03	7.785274647176244e-16	-9.094947017729286e-19	2.957834693272139e+05	1.426129110879460e+04	8.534704998557506e-03	3.702352636830179e+04	8.204133474963943e+03	8.321620205895479e+03	3.444951426482102e-17	-inf	
23	1.000000000000000e+00	6.000000000000001e-01	1.864745245681725e-03	6.669959752875782e-03	1.247826730832441e-15	-9.094947017729280e-19	2.957834693272139e+05	1.426129110879461e+04	8.534704998557506e-03	3.702352636830175e+04	8.204133474963934e+03	8.321620205895479e+03	5.521578723553606e-17	-inf	
24	0.000000000000000e+00	8.000000000000000e-01	1.864745245681725e-03	6.669959752875782e-03	-7.089511200319992e-16	0.000000000000000e+00	2.957834693272139e+05	1.426129110879461e+04	8.534704998557506e-03	3.702352636830175e+04	8.204133474963934e+03	8.321620205895479e+03	3.137076874461125e-17	-inf	
25	2.000000000000000e-01	8.000000000000000e-01	1.864745245681724e-03	6.669959752875782e-03	-4.124558472540238e-16	7.819380698493051e-16	2.957834693272139e+05	1.426129110879460e+04	8.534704998557506e-03	3.702352636830179e+04	8.204133474963943e+03	8.321620205895479e+03	3.911887984549375e-17	-inf	
26	3.999999999999999e-01	8.000000000000000e-01	1.864745245681724e-03	6.669959752875782e-03	-9.094947017729284e-19	0.000000000000000e+00	2.957834693272139e+05	1.426129110879460e+04	8.534704998557506e-03	3.702352636830179e+04	8.204133474963943e+03	8.321620205895479e+03	4.024473219321510e-20	-inf	
27	6.000000000000000e-01	8.000000000000000e-01	1.864745245681724e-03	6.669959752875782e-03	0.000000000000000e+00	-7.271410140674789e-16	2.957834693272139e+05	1.426129110879460e+04	8.534704998557506e-03	3.702352636830179e+04	8.204133474963943e+03	8.321620205895479e+03	3.217566338847647e-17	-inf	
28	8.000000000000000e-01	8.000000000000000e-01	1.864745245681724e-03	6.669959752875782e-03	0.000000000000000e+00	3.876721166307090e-16	2.957834693272139e+05	1.426129110879460e+04	8.534704998557506e-03	3.702352636830179e+04	8.204133474963943e+03	8.321620205895479e+03	1.715431709735786e-17	-inf	
29	1.000000000000000e+00	8.000000000000000e-01	1.864745245681724e-03	6.669959752875782e-03	-1.269199856324142e-15	-3.863078745780529e-16	2.957834693272139e+05	1.426129110879460e+04	8.534704998557506e-03	3.702352636830179e+04	8.204133474963943e+03	8.321620205895479e+03	5.870536499649402e-17	-inf	
30	0.000000000000000e+00	1.000000000000000e+00	1.864745245681724e-03	6.669959752875782e-03	1.818989403545857e-18	-7.894414011389005e-16	2.957834693272139e+05	1.426129110879460e+04	8.534704998557506e-03	3.702352636830179e+04	8.204133474963943e+03	8.321620205895479e+03	3.493252027338524e-17	-inf	
31	2.000000000000000e-01	1.000000000000000e+00	1.864745245681724e-03	6.669959752875782e-03	0.000000000000000e+00	0.000000000000000e+00	2.957834693272139e+05	1.426129110879460e+04	8.534704998557506e-03	3.702352636830179e+04	8.204133474963943e+03	8.321620205895479e+03	0.000000000000000e+00	-inf	
32	3.999999999999999e-01	1.000000000000000e+00	1.864745245681724e-03	6.669959752875782e-03	0.000000000000000e+00	0.000000000000000e+00	2.957834693272139e+05	1.426129110879460e+04	8.534704998557506e-03	3.702352636830179e+04	8.204133474963943e+03	8.321620205895479e+03	0.000000000000000e+00	-inf	
33	6.000000000000000e-01	1.000000000000000e+00	1.864745245681724e-03	6.669959752875782e-03	4.120010999031366e-16	-1.001353666651979e-15	2.957834693272139e+05	1.426129110879460e+04	8.534704998557506e-03	3.702352636830179e+04	8.204133474963943e+03	8.321620205895479e+03	4.791337770159356e-17	-inf	
34	8.000000000000000e-01	1.000000000000000e+00	1.864745245681725e-03	6.669959752875782e-03	0.000000000000000e+00	4.374669515527688e-16	2.957834693272139e+05	1.426129110879461e+04	8.534704998557506e-03	3.702352636830175e+04	8.204133474963934e+03	8.321620205895479e+03	1.935771618493604e-17	-inf	
35	1.000000000000000e+00	1.000000000000000e+00	1.864745245681724e-03	6.669959752875782e-03	-8.221832104027271e-16	8.594724931754156e-17	2.957834693272139e+05	1.426129110879460e+04	8.534704998557506e-03	3.702352636830179e+04	8.204133474963943e+03	8.321620205895479e+03	3.657947850599993e-17	-inf	
EXT_ITER= 9648
AOA= 0.000000000000000e+00
SIDESLIP_ANGLE= 0.000000000000000e+00
INITIAL_BCTHRUST= 4.000000000000000e+03
DCD_DCL_VALUE= 0.000000000000000e+00
DCMX_DCL_VALUE= 0.000000000000000e+00
DCMY_DCL_VALUE= 0.000000000000000e+00
DCMZ_DCL_VALUE= 0.000000000000000e+00
