"PointID"	"x"	"y"	"Density[0]"	"Density[1]"	"Momentum_x"	"Momentum_y"	"Energy"	"Electronic_Energy"	"Total_Density"	"Pressure"	"Temperature"	"Tve"	"Mach"	"C<sub>p</sub>"
0	0.000000000000000e+00	0.000000000000000e+00	2.007697403502155e-03	6.527007595055325e-03	0.000000000000000e+00	0.000000000000000e+00	2.957834693272139e+05	1.655180223438753e+04	8.534704998557480e-03	3.832012806677029e+04	8.572043778143179e+03	8.787878110421752e+03	0.000000000000000e+00	-inf	
1	2.000000000000000e-01	0.000000000000000e+00	2.007697403502155e-03	6.527007595055325e-03	0.000000000000000e+00	1.056378096109249e-15	2.957834693272139e+05	1.655180223438753e+04	8.534704998557480e-03	3.832012806677029e+04	8.572043778143179e+03	8.787878110421752e+03	4.600388242776740e-17	-inf	
2	4.000000000000000e-01	0.000000000000000e+00	2.007697403502155e-03	6.527007595055325e-03	0.000000000000000e+00	-7.971721061039497e-16	2.957834693272139e+05	1.655180223438753e+04	8.534704998557480e-03	3.832012806677029e+04	8.572043778143179e+03	8.787878110421752e+03	3.471580107441868e-17	-inf	
3	6.000000000000001e-01	0.000000000000000e+00	2.007697403502155e-03	6.527007595055325e-03	0.000000000000000e+00	-4.793037078343380e-16	2.957834693272139e+05	1.655180223438753e+04	8.534704998557480e-03	3.832012806677029e+04	8.572043778143179e+03	8.787878110421752e+03	2.087304867794561e-17	-inf	
4	8.000000000000000e-01	0.000000000000000e+00	2.007697403502155e-03	6.527007595055325e-03	1.052740117302159e-16	0.000000000000000e+00	2.957834693272139e+05	1.655180223438753e+04	8.534704998557480e-03	3.832012806677029e+04	8.572043778143179e+03	8.787878110421752e+03	4.584545321579068e-18	-inf	
5	1.000000000000000e+00	0.000000000000000e+00	2.007697403502156e-03	6.527007595055325e-03	1.391526893712553e-16	1.687112671788793e-16	2.957834693272139e+05	1.655180223438752e+04	8.534704998557480e-03	3.832012806677027e+04	8.572043778143176e+03	8.787878110421751e+03	9.523826996150581e-18	-inf	
6	0.000000000000000e+00	2.000000000000000e-01	2.007697403502155e-03	6.527007595055325e-03	0.000000000000000e+00	0.000000000000000e+00	2.957834693272139e+05	1.655180223438753e+04	8.534704998557480e-03	3.832012806677029e+04	8.572043778143179e+03	8.787878110421752e+03	0.000000000000000e+00	-inf	
7	2.000000000000000e-01	2.000000000000000e-01	2.007697403502155e-03	6.527007595055325e-03	-4.049525159643849e-16	-1.818989403545857e-18	2.957834693272139e+05	1.655180223438753e+04	8.534704998557480e-03	3.832012806677029e+04	8.572043778143179e+03	8.787878110421752e+03	1.763532956767221e-17	-inf	
8	4.000000000000000e-01	2.000000000000000e-01	2.007697403502155e-03	6.527007595055325e-03	-5.272795533528514e-16	1.070930011337617e-16	2.957834693272139e+05	1.655180223438753e+04	8.534704998557480e-03	3.832012806677029e+04	8.572043778143179e+03	8.787878110421752e+03	2.343116376318448e-17	-inf	
9	5.999999999999999e-01	2.000000000000000e-01	2.007697403502155e-03	6.527007595055325e-03	0.000000000000000e+00	3.471996024018224e-16	2.957834693272139e+05	1.655180223438753e+04	8.534704998557480e-03	3.832012806677029e+04	8.572043778143179e+03	8.787878110421752e+03	1.512008791803761e-17	-inf	
10	7.999999999999999e-01	2.000000000000000e-01	2.007697403502155e-03	6.527007595055325e-03	9.299583325628236e-17	-2.717115421546620e-16	2.957834693272139e+05	1.655180223438753e+04	8.534704998557480e-03	3.832012806677029e+04	8.572043778143179e+03	8.787878110421752e+03	1.250654294377781e-17	-inf	
11	1.000000000000000e+00	2.000000000000000e-01	2.007697403502156e-03	6.527007595055325e-03	1.427906681783489e-16	-6.889422365929847e-17	2.957834693272139e+05	1.655180223438752e+04	8.534704998557480e-03	3.832012806677027e+04	8.572043778143176e+03	8.787878110421751e+03	6.904299627096595e-18	-inf	
12	0.000000000000000e+00	3.999999999999999e-01	2.007697403502155e-03	6.527007595055325e-03	-1.149146555690100e-15	0.000000000000000e+00	2.957834693272139e+05	1.655180223438753e+04	8.534704998557480e-03	3.832012806677029e+04	8.572043778143179e+03	8.787878110421752e+03	5.004382733317673e-17	-inf	
13	2.000000000000000e-01	3.999999999999999e-01	2.007697403502155e-03	6.527007595055325e-03	3.567356240716865e-16	0.000000000000000e+00	2.957834693272139e+05	1.655180223438753e+04	8.534704998557480e-03	3.832012806677029e+04	8.572043778143179e+03	8.787878110421752e+03	1.553536917135479e-17	-inf	
14	3.999999999999999e-01	4.000000000000001e-01	2.007697403502156e-03	6.527007595055325e-03	7.024479301321256e-17	0.000000000000000e+00	2.957834693272139e+05	1.655180223438752e+04	8.534704998557480e-03	3.832012806677027e+04	8.572043778143176e+03	8.787878110421751e+03	3.059068728180528e-18	-inf	
15	6.000000000000001e-01	4.000000000000000e-01	2.007697403502156e-03	6.527007595055325e-03	-2.892193151637974e-16	-9.094947017729280e-19	2.957834693272139e+05	1.655180223438752e+04	8.534704998557480e-03	3.832012806677027e+04	8.572043778143176e+03	8.787878110421751e+03	1.259518462763676e-17	-inf	
16	8.000000000000000e-01	4.000000000000000e-01	2.007697403502155e-03	6.527007595055325e-03	-1.132320903707296e-16	0.000000000000000e+00	2.957834693272139e+05	1.655180223438753e+04	8.534704998557480e-03	3.832012806677029e+04	8.572043778143179e+03	8.787878110421752e+03	4.931109222778373e-18	-inf	
17	1.000000000000000e+00	4.000000000000000e-01	2.007697403502155e-03	6.527007595055325e-03	0.000000000000000e+00	0.000000000000000e+00	2.957834693272139e+05	1.655180223438753e+04	8.534704998557480e-03	3.832012806677029e+04	8.572043778143179e+03	8.787878110421752e+03	0.000000000000000e+00	-inf	
18	0.000000000000000e+00	6.000000000000000e-01	2.007697403502155e-03	6.527007595055325e-03	7.971721061039497e-16	1.052740117302158e-16	2.957834693272139e+05	1.655180223438753e+04	8.534704998557480e-03	3.832012806677029e+04	8.572043778143179e+03	8.787878110421752e+03	3.501720862724814e-17	-inf	
19	2.000000000000000e-01	6.000000000000000e-01	2.007697403502155e-03	6.527007595055325e-03	-1.025916079243573e-17	1.818989403545857e-18	2.957834693272139e+05	1.655180223438753e+04	8.534704998557480e-03	3.832012806677029e+04	8.572043778143179e+03	8.787878110421752e+03	4.537412045096588e-19	-inf	
20	4.000000000000001e-01	6.000000000000002e-01	2.007697403502155e-03	6.527007595055325e-03	0.000000000000000e+00	-1.070930011337619e-16	2.957834693272139e+05	1.655180223438753e+04	8.534704998557480e-03	3.832012806677029e+04	8.572043778143179e+03	8.787878110421752e+03	4.663759927567480e-18	-inf	
21	6.000000000000000e-01	6.000000000000001e-01	2.007697403502155e-03	6.527007595055325e-03	1.025916079243605e-17	-1.093667378881946e-16	2.957834693272139e+05	1.655180223438753e+04	8.534704998557480e-03	3.832012806677029e+04	8.572043778143179e+03	8.787878110421752e+03	4.783687089148371e-18	-inf	
22	8.000000000000000e-01	6.000000000000001e-01	2.007697403502155e-03	6.527007595055325e-03	1.141415850725023e-16	-9.094947017729286e-19	2.957834693272139e+05	1.655180223438753e+04	8.534704998557480e-03	3.832012806677029e+04	8.572043778143179e+03	8.787878110421752e+03	4.970874321287853e-18	-inf	
23	1.000000000000000e+00	6.000000000000001e-01	2.007697403502156e-03	6.527007595055325e-03	5.793481250293677e-16	-9.094947017729280e-19	2.957834693272139e+05	1.655180223438752e+04	8.534704998557480e-03	3.832012806677027e+04	8.572043778143176e+03	8.787878110421751e+03	2.522988309622406e-17	-inf	
24	0.000000000000000e+00	8.000000000000000e-01	2.007697403502156e-03	6.527007595055325e-03	-1.095941115636389e-16	0.000000000000000e+00	2.957834693272139e+05	1.655180223438752e+04	8.534704998557480e-03	3.832012806677027e+04	8.572043778143176e+03	8.787878110421751e+03	4.772680010801604e-18	-inf	
25	2.000000000000000e-01	8.000000000000000e-01	2.007697403502155e-03	6.527007595055325e-03	-1.093667378881947e-16	4.040430212626120e-16	2.957834693272139e+05	1.655180223438753e+04	8.534704998557480e-03	3.832012806677029e+04	8.572043778143179e+03	8.787878110421752e+03	1.822874754871907e-17	-inf	
26	3.999999999999999e-01	8.000000000000000e-01	2.007697403502155e-03	6.527007595055325e-03	-9.094947017729284e-19	0.000000000000000e+00	2.957834693272139e+05	1.655180223438753e+04	8.534704998557480e-03	3.832012806677029e+04	8.572043778143179e+03	8.787878110421752e+03	3.960730299420381e-20	-inf	
27	6.000000000000000e-01	8.000000000000000e-01	2.007697403502155e-03	6.527007595055325e-03	0.000000000000000e+00	-4.858975444221776e-16	2.957834693272139e+05	1.655180223438753e+04	8.534704998557480e-03	3.832012806677029e+04	8.572043778143179e+03	8.787878110421752e+03	2.116020162465298e-17	-inf	
28	8.000000000000000e-01	8.000000000000000e-01	2.007697403502155e-03	6.527007595055325e-03	0.000000000000000e+00	1.050466380547724e-16	2.957834693272139e+05	1.655180223438753e+04	8.534704998557480e-03	3.832012806677029e+04	8.572043778143179e+03	8.787878110421752e+03	4.574643495830503e-18	-inf	
29	1.000000000000000e+00	8.000000000000000e-01	2.007697403502155e-03	6.527007595055325e-03	-4.774847184307923e-16	-9.208633855450994e-17	2.957834693272139e+05	1.655180223438753e+04	8.534704998557480e-03	3.832012806677029e+04	8.572043778143179e+03	8.787878110421752e+03	2.117700535210971e-17	-inf	
30	0.000000000000000e+00	1.000000000000000e+00	2.007697403502155e-03	6.527007595055325e-03	1.818989403545857e-18	-2.123670128639780e-16	2.957834693272139e+05	1.655180223438753e+04	8.534704998557480e-03	3.832012806677029e+04	8.572043778143179e+03	8.787878110421752e+03	9.248644491772490e-18	-inf	
31	2.000000000000000e-01	1.000000000000000e+00	2.007697403502155e-03	6.527007595055325e-03	0.000000000000000e+00	0.000000000000000e+00	2.957834693272139e+05	1.655180223438753e+04	8.534704998557480e-03	3.832012806677029e+04	8.572043778143179e+03	8.787878110421752e+03	0.000000000000000e+00	-inf	
32	3.999999999999999e-01	1.000000000000000e+00	2.007697403502155e-03	6.527007595055325e-03	0.000000000000000e+00	0.000000000000000e+00	2.957834693272139e+05	1.655180223438753e+04	8.534704998557480e-03	3.832012806677029e+04	8.572043778143179e+03	8.787878110421752e+03	0.000000000000000e+00	-inf	
33	6.000000000000000e-01	1.000000000000000e+00	2.007697403502155e-03	6.527007595055325e-03	1.155058271251614e-16	-3.010427462868436e-16	2.957834693272139e+05	1.655180223438753e+04	8.534704998557480e-03	3.832012806677029e+04	8.572043778143179e+03	8.787878110421752e+03	1.404189217449577e-17	-inf	
34	8.000000000000000e-01	1.000000000000000e+00	2.007697403502156e-03	6.527007595055325e-03	0.000000000000000e+00	3.146851668134281e-16	2.957834693272139e+05	1.655180223438752e+04	8.534704998557480e-03	3.832012806677027e+04	8.572043778143176e+03	8.787878110421751e+03	1.370412683599430e-17	-inf	
35	1.000000000000000e+00	1.000000000000000e+00	2.007697403502155e-03	6.527007595055325e-03	-2.291926648467769e-16	-1.823536877054735e-16	2.957834693272139e+05	1.655180223438753e+04	8.534704998557480e-03	3.832012806677029e+04	8.572043778143179e+03	8.787878110421752e+03	1.275479691930206e-17	-inf	
EXT_ITER= 5174
AOA= 0.000000000000000e+00
SIDESLIP_ANGLE= 0.000000000000000e+00
INITIAL_BCTHRUST= 4.000000000000000e+03
DCD_DCL_VALUE= 0.000000000000000e+00
DCMX_DCL_VALUE= 0.000000000000000e+00
DCMY_DCL_VALUE= 0.000000000000000e+00
DCMZ_DCL_VALUE= 0.000000000000000e+00
