"PointID"	"x"	"y"	"Density[0]"	"Density[1]"	"Momentum_x"	"Momentum_y"	"Energy"	"Electronic_Energy"	"Total_Density"	"Pressure"	"Temperature"	"Tve"	"Mach"	"C<sub>p</sub>"
0	0.000000000000000e+00	0.000000000000000e+00	2.065149252405038e-03	6.469555746152441e-03	0.000000000000000e+00	0.000000000000000e+00	2.957834693272139e+05	1.756746870557869e+04	8.534704998557480e-03	3.877703337767557e+04	8.707465500625942e+03	8.990977841483924e+03	0.000000000000000e+00	-inf	
1	2.000000000000000e-01	0.000000000000000e+00	2.065149252405038e-03	6.469555746152441e-03	0.000000000000000e+00	8.758433978073014e-16	2.957834693272139e+05	1.756746870557869e+04	8.534704998557480e-03	3.877703337767557e+04	8.707465500625942e+03	8.990977841483924e+03	3.793554805627224e-17	-inf	
2	4.000000000000000e-01	0.000000000000000e+00	2.065149252405038e-03	6.469555746152441e-03	0.000000000000000e+00	-7.084963726810967e-16	2.957834693272139e+05	1.756746870557869e+04	8.534704998557480e-03	3.877703337767557e+04	8.707465500625942e+03	8.990977841483924e+03	3.068721904032860e-17	-inf	
3	6.000000000000001e-01	0.000000000000000e+00	2.065149252405038e-03	6.469555746152441e-03	0.000000000000000e+00	-2.728484105318821e-16	2.957834693272139e+05	1.756746870557869e+04	8.534704998557480e-03	3.877703337767557e+04	8.707465500625942e+03	8.990977841483924e+03	1.181792774338754e-17	-inf	
4	8.000000000000000e-01	0.000000000000000e+00	2.065149252405038e-03	6.469555746152441e-03	1.145963324233885e-16	0.000000000000000e+00	2.957834693272139e+05	1.756746870557869e+04	8.534704998557480e-03	3.877703337767557e+04	8.707465500625942e+03	8.990977841483924e+03	4.963529652222679e-18	-inf	
5	1.000000000000000e+00	0.000000000000000e+00	2.065149252405039e-03	6.469555746152441e-03	1.723492459859675e-16	3.442437446210587e-16	2.957834693272139e+05	1.756746870557868e+04	8.534704998557480e-03	3.877703337767556e+04	8.707465500625940e+03	8.990977841483924e+03	1.667461258246087e-17	-inf	
6	0.000000000000000e+00	2.000000000000000e-01	2.065149252405038e-03	6.469555746152441e-03	0.000000000000000e+00	0.000000000000000e+00	2.957834693272139e+05	1.756746870557869e+04	8.534704998557480e-03	3.877703337767557e+04	8.707465500625942e+03	8.990977841483924e+03	0.000000000000000e+00	-inf	
7	2.000000000000000e-01	2.000000000000000e-01	2.065149252405038e-03	6.469555746152441e-03	-3.562945494195373e-16	-1.818989403545857e-18	2.957834693272139e+05	1.756746870557869e+04	8.534704998557480e-03	3.877703337767557e+04	8.707465500625942e+03	8.990977841483924e+03	1.543244509035608e-17	-inf	
8	4.000000000000000e-01	2.000000000000000e-01	2.065149252405038e-03	6.469555746152441e-03	-4.370122042018778e-16	1.164153218269343e-16	2.957834693272139e+05	1.756746870557869e+04	8.534704998557480e-03	3.877703337767557e+04	8.707465500625942e+03	8.990977841483924e+03	1.958848013111915e-17	-inf	
9	5.999999999999999e-01	2.000000000000000e-01	2.065149252405038e-03	6.469555746152441e-03	0.000000000000000e+00	2.571596269262986e-16	2.957834693272139e+05	1.756746870557869e+04	8.534704998557480e-03	3.877703337767557e+04	8.707465500625942e+03	8.990977841483924e+03	1.113839689814274e-17	-inf	
10	7.999999999999999e-01	2.000000000000000e-01	2.065149252405038e-03	6.469555746152441e-03	1.041371433530006e-16	-2.273736754432355e-16	2.957834693272139e+05	1.756746870557869e+04	8.534704998557480e-03	3.877703337767557e+04	8.707465500625942e+03	8.990977841483924e+03	1.083204392880419e-17	-inf	
11	1.000000000000000e+00	2.000000000000000e-01	2.065149252405039e-03	6.469555746152441e-03	1.855369191616766e-16	-8.799361239653002e-17	2.957834693272139e+05	1.756746870557868e+04	8.534704998557480e-03	3.877703337767556e+04	8.707465500625940e+03	8.990977841483924e+03	8.894168415458238e-18	-inf	
12	0.000000000000000e+00	3.999999999999999e-01	2.065149252405038e-03	6.469555746152441e-03	-9.554241842124404e-16	0.000000000000000e+00	2.957834693272139e+05	1.756746870557869e+04	8.534704998557480e-03	3.877703337767557e+04	8.707465500625942e+03	8.990977841483924e+03	4.138244364809390e-17	-inf	
13	2.000000000000000e-01	3.999999999999999e-01	2.065149252405038e-03	6.469555746152441e-03	3.094178932536999e-16	0.000000000000000e+00	2.957834693272139e+05	1.756746870557869e+04	8.534704998557480e-03	3.877703337767557e+04	8.707465500625942e+03	8.990977841483924e+03	1.340186771788485e-17	-inf	
14	3.999999999999999e-01	4.000000000000001e-01	2.065149252405039e-03	6.469555746152441e-03	7.545038122261328e-17	0.000000000000000e+00	2.957834693272139e+05	1.756746870557868e+04	8.534704998557480e-03	3.877703337767556e+04	8.707465500625940e+03	8.990977841483924e+03	3.267994677930136e-18	-inf	
15	6.000000000000001e-01	4.000000000000000e-01	2.065149252405039e-03	6.469555746152441e-03	-2.082742867060028e-16	-9.094947017729280e-19	2.957834693272139e+05	1.756746870557868e+04	8.534704998557480e-03	3.877703337767556e+04	8.707465500625940e+03	8.990977841483924e+03	9.021104188161377e-18	-inf	
16	8.000000000000000e-01	4.000000000000000e-01	2.065149252405038e-03	6.469555746152441e-03	-1.209627953357993e-16	0.000000000000000e+00	2.957834693272139e+05	1.756746870557869e+04	8.534704998557480e-03	3.877703337767557e+04	8.707465500625942e+03	8.990977841483924e+03	5.239281299568397e-18	-inf	
17	1.000000000000000e+00	4.000000000000000e-01	2.065149252405038e-03	6.469555746152441e-03	0.000000000000000e+00	0.000000000000000e+00	2.957834693272139e+05	1.756746870557869e+04	8.534704998557480e-03	3.877703337767557e+04	8.707465500625942e+03	8.990977841483924e+03	0.000000000000000e+00	-inf	
18	0.000000000000000e+00	6.000000000000000e-01	2.065149252405038e-03	6.469555746152441e-03	7.084963726810967e-16	1.145963324233884e-16	2.957834693272139e+05	1.756746870557869e+04	8.534704998557480e-03	3.877703337767557e+04	8.707465500625942e+03	8.990977841483924e+03	3.108604251167395e-17	-inf	
19	2.000000000000000e-01	6.000000000000000e-01	2.065149252405038e-03	6.469555746152441e-03	-3.804676184809754e-17	1.818989403545857e-18	2.957834693272139e+05	1.756746870557869e+04	8.534704998557480e-03	3.877703337767557e+04	8.707465500625942e+03	8.990977841483924e+03	1.649807887993457e-18	-inf	
20	4.000000000000001e-01	6.000000000000002e-01	2.065149252405038e-03	6.469555746152441e-03	0.000000000000000e+00	-1.164153218269345e-16	2.957834693272139e+05	1.756746870557869e+04	8.534704998557480e-03	3.877703337767557e+04	8.707465500625942e+03	8.990977841483924e+03	5.042315837178600e-18	-inf	
21	6.000000000000000e-01	6.000000000000001e-01	2.065149252405038e-03	6.469555746152441e-03	3.804676184809781e-17	-1.225544110639020e-16	2.957834693272139e+05	1.756746870557869e+04	8.534704998557480e-03	3.877703337767557e+04	8.707465500625942e+03	8.990977841483924e+03	5.558133679633196e-18	-inf	
22	8.000000000000000e-01	6.000000000000001e-01	2.065149252405038e-03	6.469555746152441e-03	1.218722900375720e-16	-9.094947017729286e-19	2.957834693272139e+05	1.756746870557869e+04	8.534704998557480e-03	3.877703337767557e+04	8.707465500625942e+03	8.990977841483924e+03	5.278821379150922e-18	-inf	
23	1.000000000000000e+00	6.000000000000001e-01	2.065149252405039e-03	6.469555746152441e-03	4.174580681137786e-16	-9.094947017729280e-19	2.957834693272139e+05	1.756746870557868e+04	8.534704998557480e-03	3.877703337767556e+04	8.707465500625940e+03	8.990977841483924e+03	1.808147235919741e-17	-inf	
24	0.000000000000000e+00	8.000000000000000e-01	2.065149252405039e-03	6.469555746152441e-03	-1.432454155292372e-16	0.000000000000000e+00	2.957834693272139e+05	1.756746870557868e+04	8.534704998557480e-03	3.877703337767556e+04	8.707465500625940e+03	8.990977841483924e+03	6.204412065278420e-18	-inf	
25	2.000000000000000e-01	8.000000000000000e-01	2.065149252405038e-03	6.469555746152441e-03	-1.225544110639020e-16	3.553850547177644e-16	2.957834693272139e+05	1.756746870557869e+04	8.534704998557480e-03	3.877703337767557e+04	8.707465500625942e+03	8.990977841483924e+03	1.628241534870129e-17	-inf	
26	3.999999999999999e-01	8.000000000000000e-01	2.065149252405038e-03	6.469555746152441e-03	-9.094947017729284e-19	0.000000000000000e+00	2.957834693272139e+05	1.756746870557869e+04	8.534704998557480e-03	3.877703337767557e+04	8.707465500625942e+03	8.990977841483924e+03	3.939309247795794e-20	-inf	
27	6.000000000000000e-01	8.000000000000000e-01	2.065149252405038e-03	6.469555746152441e-03	0.000000000000000e+00	-3.826698957709499e-16	2.957834693272139e+05	1.756746870557869e+04	8.534704998557480e-03	3.877703337767557e+04	8.707465500625942e+03	8.990977841483924e+03	1.657464366010038e-17	-inf	
28	8.000000000000000e-01	8.000000000000000e-01	2.065149252405038e-03	6.469555746152441e-03	0.000000000000000e+00	1.143689587479449e-16	2.957834693272139e+05	1.756746870557869e+04	8.534704998557480e-03	3.877703337767557e+04	8.707465500625942e+03	8.990977841483924e+03	4.953681379103175e-18	-inf	
29	1.000000000000000e+00	8.000000000000000e-01	2.065149252405038e-03	6.469555746152441e-03	-2.710294211283362e-16	-1.045918907038876e-16	2.957834693272139e+05	1.756746870557869e+04	8.534704998557480e-03	3.877703337767557e+04	8.707465500625942e+03	8.990977841483924e+03	1.258293318840908e-17	-inf	
30	0.000000000000000e+00	1.000000000000000e+00	2.065149252405038e-03	6.469555746152441e-03	1.818989403545857e-18	-2.310116542503231e-16	2.957834693272139e+05	1.756746870557869e+04	8.534704998557480e-03	3.877703337767557e+04	8.707465500625942e+03	8.990977841483924e+03	1.000615566642414e-17	-inf	
31	2.000000000000000e-01	1.000000000000000e+00	2.065149252405038e-03	6.469555746152441e-03	0.000000000000000e+00	0.000000000000000e+00	2.957834693272139e+05	1.756746870557869e+04	8.534704998557480e-03	3.877703337767557e+04	8.707465500625942e+03	8.990977841483924e+03	0.000000000000000e+00	-inf	
32	3.999999999999999e-01	1.000000000000000e+00	2.065149252405038e-03	6.469555746152441e-03	0.000000000000000e+00	0.000000000000000e+00	2.957834693272139e+05	1.756746870557869e+04	8.534704998557480e-03	3.877703337767557e+04	8.707465500625942e+03	8.990977841483924e+03	0.000000000000000e+00	-inf	
33	6.000000000000000e-01	1.000000000000000e+00	2.065149252405038e-03	6.469555746152441e-03	1.232365320902311e-16	-2.123670128639810e-16	2.957834693272139e+05	1.756746870557869e+04	8.534704998557480e-03	3.877703337767557e+04	8.707465500625942e+03	8.990977841483924e+03	1.063485826442735e-17	-inf	
34	8.000000000000000e-01	1.000000000000000e+00	2.065149252405039e-03	6.469555746152441e-03	0.000000000000000e+00	5.497895472217365e-16	2.957834693272139e+05	1.756746870557868e+04	8.534704998557480e-03	3.877703337767556e+04	8.707465500625940e+03	8.990977841483924e+03	2.381312440292563e-17	-inf	
35	1.000000000000000e+00	1.000000000000000e+00	2.065149252405038e-03	6.469555746152441e-03	-2.446540747769163e-16	-3.456079866737181e-16	2.957834693272139e+05	1.756746870557869e+04	8.534704998557480e-03	3.877703337767557e+04	8.707465500625942e+03	8.990977841483924e+03	1.834047792532527e-17	-inf	
EXT_ITER= 4099
AOA= 0.000000000000000e+00
SIDESLIP_ANGLE= 0.000000000000000e+00
INITIAL_BCTHRUST= 4.000000000000000e+03
DCD_DCL_VALUE= 0.000000000000000e+00
DCMX_DCL_VALUE= 0.000000000000000e+00
DCMY_DCL_VALUE= 0.000000000000000e+00
DCMZ_DCL_VALUE= 0.000000000000000e+00
