"PointID"	"x"	"y"	"Density[0]"	"Density[1]"	"Momentum_x"	"Momentum_y"	"Energy"	"Electronic_Energy"	"Total_Density"	"Pressure"	"Temperature"	"Tve"	"Mach"	"C<sub>p</sub>"
0	0.000000000000000e+00	0.000000000000000e+00	3.004540310860999e-03	5.530164687696498e-03	0.000000000000000e+00	0.000000000000000e+00	2.957834693272139e+05	4.084254306369750e+04	8.534704998557498e-03	4.189272210980332e+04	1.003539919679186e+04	1.325785962777484e+04	0.000000000000000e+00	-inf	
1	2.000000000000000e-01	0.000000000000000e+00	3.004540310860999e-03	5.530164687696498e-03	0.000000000000000e+00	5.093170329928393e-17	2.957834693272139e+05	4.084254306369750e+04	8.534704998557498e-03	4.189272210980332e+04	1.003539919679186e+04	1.325785962777484e+04	2.140461989405742e-18	-inf	
2	4.000000000000000e-01	0.000000000000000e+00	3.004540310860999e-03	5.530164687696498e-03	0.000000000000000e+00	-3.547029336914419e-17	2.957834693272139e+05	4.084254306369750e+04	8.534704998557498e-03	4.189272210980332e+04	1.003539919679186e+04	1.325785962777484e+04	1.490678885479000e-18	-inf	
3	6.000000000000001e-01	0.000000000000000e+00	3.004540310860999e-03	5.530164687696498e-03	0.000000000000000e+00	-5.184119800105685e-17	2.957834693272139e+05	4.084254306369750e+04	8.534704998557498e-03	4.189272210980332e+04	1.003539919679186e+04	1.325785962777484e+04	2.178684524930844e-18	-inf	
4	8.000000000000000e-01	0.000000000000000e+00	3.004540310860999e-03	5.530164687696498e-03	-1.818989403545857e-18	0.000000000000000e+00	2.957834693272139e+05	4.084254306369750e+04	8.534704998557498e-03	4.189272210980332e+04	1.003539919679186e+04	1.325785962777484e+04	7.644507105020516e-20	-inf	
5	1.000000000000000e+00	0.000000000000000e+00	3.004540310860999e-03	5.530164687696498e-03	-2.728484105318784e-18	-4.547473508864640e-18	2.957834693272139e+05	4.084254306369750e+04	8.534704998557498e-03	4.189272210980332e+04	1.003539919679186e+04	1.325785962777484e+04	2.228737659458886e-19	-inf	
6	0.000000000000000e+00	2.000000000000000e-01	3.004540310860999e-03	5.530164687696498e-03	0.000000000000000e+00	0.000000000000000e+00	2.957834693272139e+05	4.084254306369750e+04	8.534704998557498e-03	4.189272210980332e+04	1.003539919679186e+04	1.325785962777484e+04	0.000000000000000e+00	-inf	
7	2.000000000000000e-01	2.000000000000000e-01	3.004540310860999e-03	5.530164687696498e-03	-2.819433575496075e-17	-1.818989403545857e-18	2.957834693272139e+05	4.084254306369750e+04	8.534704998557498e-03	4.189272210980332e+04	1.003539919679186e+04	1.325785962777484e+04	1.187362010592749e-18	-inf	
8	4.000000000000000e-01	2.000000000000000e-01	3.004540310860999e-03	5.530164687696498e-03	-2.455635694786904e-17	0.000000000000000e+00	2.957834693272139e+05	4.084254306369750e+04	8.534704998557498e-03	4.189272210980332e+04	1.003539919679186e+04	1.325785962777484e+04	1.032008459177768e-18	-inf	
9	5.999999999999999e-01	2.000000000000000e-01	3.004540310860999e-03	5.530164687696498e-03	0.000000000000000e+00	2.182787284255026e-17	2.957834693272139e+05	4.084254306369750e+04	8.534704998557498e-03	4.189272210980332e+04	1.003539919679186e+04	1.325785962777484e+04	9.173408526024609e-19	-inf	
10	7.999999999999999e-01	2.000000000000000e-01	3.004540310860999e-03	5.530164687696498e-03	0.000000000000000e+00	-2.546585164964196e-17	2.957834693272139e+05	4.084254306369750e+04	8.534704998557498e-03	4.189272210980332e+04	1.003539919679186e+04	1.325785962777484e+04	1.070230994702871e-18	-inf	
11	1.000000000000000e+00	2.000000000000000e-01	3.004540310860999e-03	5.530164687696498e-03	1.818989403545854e-18	0.000000000000000e+00	2.957834693272139e+05	4.084254306369750e+04	8.534704998557498e-03	4.189272210980332e+04	1.003539919679186e+04	1.325785962777484e+04	7.644507105020506e-20	-inf	
12	0.000000000000000e+00	3.999999999999999e-01	3.004540310860999e-03	5.530164687696498e-03	-6.821210263296951e-17	0.000000000000000e+00	2.957834693272139e+05	4.084254306369750e+04	8.534704998557498e-03	4.189272210980332e+04	1.003539919679186e+04	1.325785962777484e+04	2.866690164382689e-18	-inf	
13	2.000000000000000e-01	3.999999999999999e-01	3.004540310860999e-03	5.530164687696498e-03	3.263994923611650e-17	0.000000000000000e+00	2.957834693272139e+05	4.084254306369750e+04	8.534704998557498e-03	4.189272210980332e+04	1.003539919679186e+04	1.325785962777484e+04	1.371730496926511e-18	-inf	
14	3.999999999999999e-01	4.000000000000001e-01	3.004540310860999e-03	5.530164687696498e-03	-1.010630174721114e-17	0.000000000000000e+00	2.957834693272139e+05	4.084254306369750e+04	8.534704998557498e-03	4.189272210980332e+04	1.003539919679186e+04	1.325785962777484e+04	4.247286727533109e-19	-inf	
15	6.000000000000001e-01	4.000000000000000e-01	3.004540310860999e-03	5.530164687696498e-03	-2.319211489520965e-17	-9.094947017729280e-19	2.957834693272139e+05	4.084254306369750e+04	8.534704998557498e-03	4.189272210980332e+04	1.003539919679186e+04	1.325785962777484e+04	9.754238294487588e-19	-inf	
16	8.000000000000000e-01	4.000000000000000e-01	3.004540310860999e-03	5.530164687696498e-03	2.273736754432322e-18	0.000000000000000e+00	2.957834693272139e+05	4.084254306369750e+04	8.534704998557498e-03	4.189272210980332e+04	1.003539919679186e+04	1.325785962777484e+04	9.555633881275650e-20	-inf	
17	1.000000000000000e+00	4.000000000000000e-01	3.004540310860999e-03	5.530164687696498e-03	0.000000000000000e+00	0.000000000000000e+00	2.957834693272139e+05	4.084254306369750e+04	8.534704998557498e-03	4.189272210980332e+04	1.003539919679186e+04	1.325785962777484e+04	0.000000000000000e+00	-inf	
18	0.000000000000000e+00	6.000000000000000e-01	3.004540310860999e-03	5.530164687696498e-03	3.547029336914419e-17	-1.818989403545856e-18	2.957834693272139e+05	4.084254306369750e+04	8.534704998557498e-03	4.189272210980332e+04	1.003539919679186e+04	1.325785962777484e+04	1.492637728486314e-18	-inf	
19	2.000000000000000e-01	6.000000000000000e-01	3.004540310860999e-03	5.530164687696498e-03	-6.584674063042944e-19	1.818989403545857e-18	2.957834693272139e+05	4.084254306369750e+04	8.534704998557498e-03	4.189272210980332e+04	1.003539919679186e+04	1.325785962777484e+04	8.129965868995769e-20	-inf	
20	4.000000000000001e-01	6.000000000000002e-01	3.004540310860999e-03	5.530164687696498e-03	0.000000000000000e+00	0.000000000000000e+00	2.957834693272139e+05	4.084254306369750e+04	8.534704998557498e-03	4.189272210980332e+04	1.003539919679186e+04	1.325785962777484e+04	0.000000000000000e+00	-inf	
21	6.000000000000000e-01	6.000000000000001e-01	3.004540310860999e-03	5.530164687696498e-03	6.584674063043281e-19	2.273736754432320e-18	2.957834693272139e+05	4.084254306369750e+04	8.534704998557498e-03	4.189272210980332e+04	1.003539919679186e+04	1.325785962777484e+04	9.948265930568541e-20	-inf	
22	8.000000000000000e-01	6.000000000000001e-01	3.004540310860999e-03	5.530164687696498e-03	-1.364242052659393e-18	-9.094947017729286e-19	2.957834693272139e+05	4.084254306369750e+04	8.534704998557498e-03	4.189272210980332e+04	1.003539919679186e+04	1.325785962777484e+04	6.890665585700065e-20	-inf	
23	1.000000000000000e+00	6.000000000000001e-01	3.004540310860999e-03	5.530164687696498e-03	4.729372449219223e-17	-9.094947017729280e-19	2.957834693272139e+05	4.084254306369750e+04	8.534704998557498e-03	4.189272210980332e+04	1.003539919679186e+04	1.325785962777484e+04	1.987939337711968e-18	-inf	
24	0.000000000000000e+00	8.000000000000000e-01	3.004540310860999e-03	5.530164687696498e-03	2.728484105318784e-18	0.000000000000000e+00	2.957834693272139e+05	4.084254306369750e+04	8.534704998557498e-03	4.189272210980332e+04	1.003539919679186e+04	1.325785962777484e+04	1.146676065753077e-19	-inf	
25	2.000000000000000e-01	8.000000000000000e-01	3.004540310860999e-03	5.530164687696498e-03	2.273736754432320e-18	2.728484105318781e-17	2.957834693272139e+05	4.084254306369750e+04	8.534704998557498e-03	4.189272210980332e+04	1.003539919679186e+04	1.325785962777484e+04	1.150650691416926e-18	-inf	
26	3.999999999999999e-01	8.000000000000000e-01	3.004540310860999e-03	5.530164687696498e-03	-9.094947017729284e-19	0.000000000000000e+00	2.957834693272139e+05	4.084254306369750e+04	8.534704998557498e-03	4.189272210980332e+04	1.003539919679186e+04	1.325785962777484e+04	3.822253552510258e-20	-inf	
27	6.000000000000000e-01	8.000000000000000e-01	3.004540310860999e-03	5.530164687696498e-03	0.000000000000000e+00	-1.773514668457209e-17	2.957834693272139e+05	4.084254306369750e+04	8.534704998557498e-03	4.189272210980332e+04	1.003539919679186e+04	1.325785962777484e+04	7.453394427394997e-19	-inf	
28	8.000000000000000e-01	8.000000000000000e-01	3.004540310860999e-03	5.530164687696498e-03	0.000000000000000e+00	0.000000000000000e+00	2.957834693272139e+05	4.084254306369750e+04	8.534704998557498e-03	4.189272210980332e+04	1.003539919679186e+04	1.325785962777484e+04	0.000000000000000e+00	-inf	
29	1.000000000000000e+00	8.000000000000000e-01	3.004540310860999e-03	5.530164687696498e-03	-5.002220859751099e-17	-9.094947017729276e-19	2.957834693272139e+05	4.084254306369750e+04	8.534704998557498e-03	4.189272210980332e+04	1.003539919679186e+04	1.325785962777484e+04	2.102586902763911e-18	-inf	
30	0.000000000000000e+00	1.000000000000000e+00	3.004540310860999e-03	5.530164687696498e-03	1.818989403545857e-18	1.818989403545857e-18	2.957834693272139e+05	4.084254306369750e+04	8.534704998557498e-03	4.189272210980332e+04	1.003539919679186e+04	1.325785962777484e+04	1.081096562557750e-19	-inf	
31	2.000000000000000e-01	1.000000000000000e+00	3.004540310860999e-03	5.530164687696498e-03	0.000000000000000e+00	0.000000000000000e+00	2.957834693272139e+05	4.084254306369750e+04	8.534704998557498e-03	4.189272210980332e+04	1.003539919679186e+04	1.325785962777484e+04	0.000000000000000e+00	-inf	
32	3.999999999999999e-01	1.000000000000000e+00	3.004540310860999e-03	5.530164687696498e-03	0.000000000000000e+00	0.000000000000000e+00	2.957834693272139e+05	4.084254306369750e+04	8.534704998557498e-03	4.189272210980332e+04	1.003539919679186e+04	1.325785962777484e+04	0.000000000000000e+00	-inf	
33	6.000000000000000e-01	1.000000000000000e+00	3.004540310860999e-03	5.530164687696498e-03	0.000000000000000e+00	-4.820321919396515e-17	2.957834693272139e+05	4.084254306369750e+04	8.534704998557498e-03	4.189272210980332e+04	1.003539919679186e+04	1.325785962777484e+04	2.025794382830434e-18	-inf	
34	8.000000000000000e-01	1.000000000000000e+00	3.004540310860999e-03	5.530164687696498e-03	0.000000000000000e+00	-1.909938873723150e-17	2.957834693272139e+05	4.084254306369750e+04	8.534704998557498e-03	4.189272210980332e+04	1.003539919679186e+04	1.325785962777484e+04	8.026732460271546e-19	-inf	
35	1.000000000000000e+00	1.000000000000000e+00	3.004540310860999e-03	5.530164687696498e-03	1.818989403545856e-18	1.909938873723150e-17	2.957834693272139e+05	4.084254306369750e+04	8.534704998557498e-03	4.189272210980332e+04	1.003539919679186e+04	1.325785962777484e+04	8.063052702144761e-19	-inf	
EXT_ITER= 283
AOA= 0.000000000000000e+00
SIDESLIP_ANGLE= 0.000000000000000e+00
INITIAL_BCTHRUST= 4.000000000000000e+03
DCD_DCL_VALUE= 0.000000000000000e+00
DCMX_DCL_VALUE= 0.000000000000000e+00
DCMY_DCL_VALUE= 0.000000000000000e+00
DCMZ_DCL_VALUE= 0.000000000000000e+00
