"PointID"	"x"	"y"	"Density[0]"	"Density[1]"	"Momentum_x"	"Momentum_y"	"Energy"	"Electronic_Energy"	"Total_Density"	"Pressure"	"Temperature"	"Tve"	"Mach"	"C<sub>p</sub>"
0	0.000000000000000e+00	0.000000000000000e+00	2.229310228905935e-03	6.305394769651543e-03	0.000000000000000e+00	0.000000000000000e+00	2.957834693272139e+05	2.112393497747907e+04	8.534704998557479e-03	3.966832625842523e+04	9.006143043546936e+03	9.688420489192264e+03	0.000000000000000e+00	-inf	
1	2.000000000000000e-01	0.000000000000000e+00	2.229310228905935e-03	6.305394769651543e-03	0.000000000000000e+00	5.279616743791856e-16	2.957834693272139e+05	2.112393497747907e+04	8.534704998557479e-03	3.966832625842523e+04	9.006143043546936e+03	9.688420489192264e+03	2.264208302397157e-17	-inf	
2	4.000000000000000e-01	0.000000000000000e+00	2.229310228905935e-03	6.305394769651543e-03	0.000000000000000e+00	-3.983586793765493e-16	2.957834693272139e+05	2.112393497747907e+04	8.534704998557479e-03	3.966832625842523e+04	9.006143043546936e+03	9.688420489192264e+03	1.708394894831990e-17	-inf	
3	6.000000000000001e-01	0.000000000000000e+00	2.229310228905935e-03	6.305394769651543e-03	0.000000000000000e+00	-9.003997547551973e-17	2.957834693272139e+05	2.112393497747907e+04	8.534704998557479e-03	3.966832625842523e+04	9.006143043546936e+03	9.688420489192264e+03	3.861440515716069e-18	-inf	
4	8.000000000000000e-01	0.000000000000000e+00	2.229310228905935e-03	6.305394769651543e-03	4.695266397902737e-16	0.000000000000000e+00	2.957834693272139e+05	2.112393497747907e+04	8.534704998557479e-03	3.966832625842523e+04	9.006143043546936e+03	9.688420489192264e+03	2.013604713372144e-17	-inf	
5	1.000000000000000e+00	0.000000000000000e+00	2.229310228905936e-03	6.305394769651543e-03	8.794813766144193e-16	1.605258148629228e-16	2.957834693272139e+05	2.112393497747906e+04	8.534704998557479e-03	3.966832625842524e+04	9.006143043546939e+03	9.688420489192262e+03	3.834042666193456e-17	-inf	
6	0.000000000000000e+00	2.000000000000000e-01	2.229310228905935e-03	6.305394769651543e-03	0.000000000000000e+00	0.000000000000000e+00	2.957834693272139e+05	2.112393497747907e+04	8.534704998557479e-03	3.966832625842523e+04	9.006143043546936e+03	9.688420489192264e+03	0.000000000000000e+00	-inf	
7	2.000000000000000e-01	2.000000000000000e-01	2.229310228905935e-03	6.305394769651543e-03	-2.125943865394257e-16	-1.818989403545857e-18	2.957834693272139e+05	2.112393497747907e+04	8.534704998557479e-03	3.966832625842523e+04	9.006143043546936e+03	9.688420489192264e+03	9.117623828355842e-18	-inf	
8	4.000000000000000e-01	2.000000000000000e-01	2.229310228905935e-03	6.305394769651543e-03	-2.630713424878199e-16	4.713456291938194e-16	2.957834693272139e+05	2.112393497747907e+04	8.534704998557479e-03	3.966832625842523e+04	9.006143043546936e+03	9.688420489192264e+03	2.314935034903278e-17	-inf	
9	5.999999999999999e-01	2.000000000000000e-01	2.229310228905935e-03	6.305394769651543e-03	0.000000000000000e+00	5.136371328262604e-16	2.957834693272139e+05	2.112393497747907e+04	8.534704998557479e-03	3.966832625842523e+04	9.006143043546936e+03	9.688420489192264e+03	2.202776294192576e-17	-inf	
10	7.999999999999999e-01	2.000000000000000e-01	2.229310228905935e-03	6.305394769651543e-03	4.579305823426691e-16	-1.177795638795956e-16	2.957834693272139e+05	2.112393497747907e+04	8.534704998557479e-03	3.966832625842523e+04	9.006143043546936e+03	9.688420489192264e+03	2.027790658836434e-17	-inf	
11	1.000000000000000e+00	2.000000000000000e-01	2.229310228905936e-03	6.305394769651543e-03	8.872120815794900e-16	-4.413323040353126e-16	2.957834693272139e+05	2.112393497747906e+04	8.534704998557479e-03	3.966832625842524e+04	9.006143043546939e+03	9.688420489192262e+03	4.249637826319899e-17	-inf	
12	0.000000000000000e+00	3.999999999999999e-01	2.229310228905935e-03	6.305394769651543e-03	-5.948095349594902e-16	0.000000000000000e+00	2.957834693272139e+05	2.112393497747907e+04	8.534704998557479e-03	3.966832625842523e+04	9.006143043546936e+03	9.688420489192264e+03	2.550891007351811e-17	-inf	
13	2.000000000000000e-01	3.999999999999999e-01	2.229310228905935e-03	6.305394769651543e-03	5.920680517334539e-16	0.000000000000000e+00	2.957834693272139e+05	2.112393497747907e+04	8.534704998557479e-03	3.966832625842523e+04	9.006143043546936e+03	9.688420489192264e+03	2.539133924626871e-17	-inf	
14	3.999999999999999e-01	4.000000000000001e-01	2.229310228905936e-03	6.305394769651543e-03	4.067585062472187e-16	0.000000000000000e+00	2.957834693272139e+05	2.112393497747906e+04	8.534704998557479e-03	3.966832625842524e+04	9.006143043546939e+03	9.688420489192262e+03	1.744418262932775e-17	-inf	
15	6.000000000000001e-01	4.000000000000000e-01	2.229310228905936e-03	6.305394769651543e-03	-4.715730028692634e-16	-9.094947017729280e-19	2.957834693272139e+05	2.112393497747906e+04	8.534704998557479e-03	3.966832625842524e+04	9.006143043546939e+03	9.688420489192262e+03	2.022384475818421e-17	-inf	
16	8.000000000000000e-01	4.000000000000000e-01	2.229310228905935e-03	6.305394769651543e-03	-4.704361344920468e-16	0.000000000000000e+00	2.957834693272139e+05	2.112393497747907e+04	8.534704998557479e-03	3.966832625842523e+04	9.006143043546936e+03	9.688420489192264e+03	2.017505158337514e-17	-inf	
17	1.000000000000000e+00	4.000000000000000e-01	2.229310228905935e-03	6.305394769651543e-03	0.000000000000000e+00	0.000000000000000e+00	2.957834693272139e+05	2.112393497747907e+04	8.534704998557479e-03	3.966832625842523e+04	9.006143043546936e+03	9.688420489192264e+03	0.000000000000000e+00	-inf	
18	0.000000000000000e+00	6.000000000000000e-01	2.229310228905935e-03	6.305394769651543e-03	3.983586793765493e-16	4.695266397902736e-16	2.957834693272139e+05	2.112393497747907e+04	8.534704998557479e-03	3.966832625842523e+04	9.006143043546936e+03	9.688420489192264e+03	2.640684960081857e-17	-inf	
19	2.000000000000000e-01	6.000000000000000e-01	2.229310228905935e-03	6.305394769651543e-03	-1.867063962778905e-17	1.818989403545857e-18	2.957834693272139e+05	2.112393497747907e+04	8.534704998557479e-03	3.966832625842523e+04	9.006143043546936e+03	9.688420489192264e+03	8.044972133065654e-19	-inf	
20	4.000000000000001e-01	6.000000000000002e-01	2.229310228905935e-03	6.305394769651543e-03	0.000000000000000e+00	-4.713456291938198e-16	2.957834693272139e+05	2.112393497747907e+04	8.534704998557479e-03	3.966832625842523e+04	9.006143043546936e+03	9.688420489192264e+03	2.021405603302884e-17	-inf	
21	6.000000000000000e-01	6.000000000000001e-01	2.229310228905935e-03	6.305394769651543e-03	1.867063962778898e-17	-4.704361344920464e-16	2.957834693272139e+05	2.112393497747907e+04	8.534704998557479e-03	3.966832625842523e+04	9.006143043546936e+03	9.688420489192264e+03	2.019093451947418e-17	-inf	
22	8.000000000000000e-01	6.000000000000001e-01	2.229310228905935e-03	6.305394769651543e-03	4.713456291938195e-16	-9.094947017729286e-19	2.957834693272139e+05	2.112393497747907e+04	8.534704998557479e-03	3.966832625842523e+04	9.006143043546936e+03	9.688420489192264e+03	2.021409366391484e-17	-inf	
23	1.000000000000000e+00	6.000000000000001e-01	2.229310228905936e-03	6.305394769651543e-03	9.440555004402996e-16	-9.094947017729280e-19	2.957834693272139e+05	2.112393497747906e+04	8.534704998557479e-03	3.966832625842524e+04	9.006143043546939e+03	9.688420489192262e+03	4.048663752880444e-17	-inf	
24	0.000000000000000e+00	8.000000000000000e-01	2.229310228905936e-03	6.305394769651543e-03	-8.558345143683265e-16	0.000000000000000e+00	2.957834693272139e+05	2.112393497747906e+04	8.534704998557479e-03	3.966832625842524e+04	9.006143043546939e+03	9.688420489192262e+03	3.670318712412961e-17	-inf	
25	2.000000000000000e-01	8.000000000000000e-01	2.229310228905935e-03	6.305394769651543e-03	-4.704361344920464e-16	2.116848918376527e-16	2.957834693272139e+05	2.112393497747907e+04	8.534704998557479e-03	3.966832625842523e+04	9.006143043546936e+03	9.688420489192264e+03	2.212347117565624e-17	-inf	
26	3.999999999999999e-01	8.000000000000000e-01	2.229310228905935e-03	6.305394769651543e-03	-9.094947017729284e-19	0.000000000000000e+00	2.957834693272139e+05	2.112393497747907e+04	8.534704998557479e-03	3.966832625842523e+04	9.006143043546936e+03	9.688420489192264e+03	3.900444965369775e-20	-inf	
27	6.000000000000000e-01	8.000000000000000e-01	2.229310228905935e-03	6.305394769651543e-03	0.000000000000000e+00	-1.987245923373882e-16	2.957834693272139e+05	2.112393497747907e+04	8.534704998557479e-03	3.966832625842523e+04	9.006143043546936e+03	9.688420489192264e+03	8.522472249333101e-18	-inf	
28	8.000000000000000e-01	8.000000000000000e-01	2.229310228905935e-03	6.305394769651543e-03	0.000000000000000e+00	4.674802767112848e-16	2.957834693272139e+05	2.112393497747907e+04	8.534704998557479e-03	3.966832625842523e+04	9.006143043546936e+03	9.688420489192264e+03	2.004828712200063e-17	-inf	
29	1.000000000000000e+00	8.000000000000000e-01	2.229310228905935e-03	6.305394769651543e-03	-8.822098607197387e-17	-4.567937139654535e-16	2.957834693272139e+05	2.112393497747907e+04	8.534704998557479e-03	3.966832625842523e+04	9.006143043546936e+03	9.688420489192264e+03	1.995198889262500e-17	-inf	
30	0.000000000000000e+00	1.000000000000000e+00	2.229310228905935e-03	6.305394769651543e-03	1.818989403545857e-18	-9.408722689840933e-16	2.957834693272139e+05	2.112393497747907e+04	8.534704998557479e-03	3.966832625842523e+04	9.006143043546936e+03	9.688420489192264e+03	4.035017857402568e-17	-inf	
31	2.000000000000000e-01	1.000000000000000e+00	2.229310228905935e-03	6.305394769651543e-03	0.000000000000000e+00	0.000000000000000e+00	2.957834693272139e+05	2.112393497747907e+04	8.534704998557479e-03	3.966832625842523e+04	9.006143043546936e+03	9.688420489192264e+03	0.000000000000000e+00	-inf	
32	3.999999999999999e-01	1.000000000000000e+00	2.229310228905935e-03	6.305394769651543e-03	0.000000000000000e+00	0.000000000000000e+00	2.957834693272139e+05	2.112393497747907e+04	8.534704998557479e-03	3.966832625842523e+04	9.006143043546936e+03	9.688420489192264e+03	0.000000000000000e+00	-inf	
33	6.000000000000000e-01	1.000000000000000e+00	2.229310228905935e-03	6.305394769651543e-03	4.727098712464786e-16	-8.731149137020095e-17	2.957834693272139e+05	2.112393497747907e+04	8.534704998557479e-03	3.966832625842523e+04	9.006143043546936e+03	9.688420489192264e+03	2.061546830748776e-17	-inf	
34	8.000000000000000e-01	1.000000000000000e+00	2.229310228905936e-03	6.305394769651543e-03	0.000000000000000e+00	9.808900358621016e-16	2.957834693272139e+05	2.112393497747906e+04	8.534704998557479e-03	3.966832625842524e+04	9.006143043546939e+03	9.688420489192262e+03	4.206629895151294e-17	-inf	
35	1.000000000000000e+00	1.000000000000000e+00	2.229310228905935e-03	6.305394769651543e-03	-9.436007530894113e-16	-1.555235940031715e-16	2.957834693272139e+05	2.112393497747907e+04	8.534704998557479e-03	3.966832625842523e+04	9.006143043546936e+03	9.688420489192264e+03	4.101308607549993e-17	-inf	
EXT_ITER= 2222
AOA= 0.000000000000000e+00
SIDESLIP_ANGLE= 0.000000000000000e+00
INITIAL_BCTHRUST= 4.000000000000000e+03
DCD_DCL_VALUE= 0.000000000000000e+00
DCMX_DCL_VALUE= 0.000000000000000e+00
DCMY_DCL_VALUE= 0.000000000000000e+00
DCMZ_DCL_VALUE= 0.000000000000000e+00
