"PointID"	"x"	"y"	"Density[0]"	"Density[1]"	"Momentum_x"	"Momentum_y"	"Energy"	"Electronic_Energy"	"Total_Density"	"Pressure"	"Temperature"	"Tve"	"Mach"	"C<sub>p</sub>"
0	0.000000000000000e+00	0.000000000000000e+00	3.633914643716087e-03	4.900790354841415e-03	0.000000000000000e+00	0.000000000000000e+00	2.957834693272139e+05	4.782651387349061e+04	8.534704998557501e-03	4.854595548383251e+04	1.217393994280971e+04	1.437819651237369e+04	0.000000000000000e+00	-inf	
1	2.000000000000000e-01	0.000000000000000e+00	3.633914643716087e-03	4.900790354841415e-03	0.000000000000000e+00	-1.546140993013978e-17	2.957834693272139e+05	4.782651387349061e+04	8.534704998557501e-03	4.854595548383251e+04	1.217393994280971e+04	1.437819651237369e+04	6.072199540654883e-19	-inf	
2	4.000000000000000e-01	0.000000000000000e+00	3.633914643716087e-03	4.900790354841415e-03	0.000000000000000e+00	8.185452315956353e-18	2.957834693272139e+05	4.782651387349061e+04	8.534704998557501e-03	4.854595548383251e+04	1.217393994280971e+04	1.437819651237369e+04	3.214693874464349e-19	-inf	
3	6.000000000000001e-01	0.000000000000000e+00	3.633914643716087e-03	4.900790354841415e-03	0.000000000000000e+00	-1.818989403545856e-18	2.957834693272139e+05	4.782651387349061e+04	8.534704998557501e-03	4.854595548383251e+04	1.217393994280971e+04	1.437819651237369e+04	7.143764165476329e-20	-inf	
4	8.000000000000000e-01	0.000000000000000e+00	3.633914643716087e-03	4.900790354841415e-03	-1.818989403545857e-18	0.000000000000000e+00	2.957834693272139e+05	4.782651387349061e+04	8.534704998557501e-03	4.854595548383251e+04	1.217393994280971e+04	1.437819651237369e+04	7.143764165476333e-20	-inf	
5	1.000000000000000e+00	0.000000000000000e+00	3.633914643716087e-03	4.900790354841415e-03	-2.728484105318784e-18	9.094947017729282e-18	2.957834693272139e+05	4.782651387349061e+04	8.534704998557501e-03	4.854595548383251e+04	1.217393994280971e+04	1.437819651237369e+04	3.729154375747224e-19	-inf	
6	0.000000000000000e+00	2.000000000000000e-01	3.633914643716087e-03	4.900790354841415e-03	0.000000000000000e+00	0.000000000000000e+00	2.957834693272139e+05	4.782651387349061e+04	8.534704998557501e-03	4.854595548383251e+04	1.217393994280971e+04	1.437819651237369e+04	0.000000000000000e+00	-inf	
7	2.000000000000000e-01	2.000000000000000e-01	3.633914643716087e-03	4.900790354841415e-03	3.183231456205251e-18	-1.818989403545857e-18	2.957834693272139e+05	4.782651387349061e+04	8.534704998557501e-03	4.854595548383251e+04	1.217393994280971e+04	1.437819651237369e+04	1.439871699878227e-19	-inf	
8	4.000000000000000e-01	2.000000000000000e-01	3.633914643716087e-03	4.900790354841415e-03	8.640199666842820e-18	0.000000000000000e+00	2.957834693272139e+05	4.782651387349061e+04	8.534704998557501e-03	4.854595548383251e+04	1.217393994280971e+04	1.437819651237369e+04	3.393287978601258e-19	-inf	
9	5.999999999999999e-01	2.000000000000000e-01	3.633914643716087e-03	4.900790354841415e-03	0.000000000000000e+00	-3.183231456205248e-18	2.957834693272139e+05	4.782651387349061e+04	8.534704998557501e-03	4.854595548383251e+04	1.217393994280971e+04	1.437819651237369e+04	1.250158728958358e-19	-inf	
10	7.999999999999999e-01	2.000000000000000e-01	3.633914643716087e-03	4.900790354841415e-03	0.000000000000000e+00	2.728484105318784e-18	2.957834693272139e+05	4.782651387349061e+04	8.534704998557501e-03	4.854595548383251e+04	1.217393994280971e+04	1.437819651237369e+04	1.071564624821450e-19	-inf	
11	1.000000000000000e+00	2.000000000000000e-01	3.633914643716087e-03	4.900790354841415e-03	1.818989403545854e-18	0.000000000000000e+00	2.957834693272139e+05	4.782651387349061e+04	8.534704998557501e-03	4.854595548383251e+04	1.217393994280971e+04	1.437819651237369e+04	7.143764165476323e-20	-inf	
12	0.000000000000000e+00	3.999999999999999e-01	3.633914643716087e-03	4.900790354841415e-03	1.455191522836685e-17	0.000000000000000e+00	2.957834693272139e+05	4.782651387349061e+04	8.534704998557501e-03	4.854595548383251e+04	1.217393994280971e+04	1.437819651237369e+04	5.715011332381066e-19	-inf	
13	2.000000000000000e-01	3.999999999999999e-01	3.633914643716087e-03	4.900790354841415e-03	1.556505621556079e-18	0.000000000000000e+00	2.957834693272139e+05	4.782651387349061e+04	8.534704998557501e-03	4.854595548383251e+04	1.217393994280971e+04	1.437819651237369e+04	6.112904814596114e-20	-inf	
14	3.999999999999999e-01	4.000000000000001e-01	3.633914643716087e-03	4.900790354841415e-03	-5.719451992627354e-18	0.000000000000000e+00	2.957834693272139e+05	4.782651387349061e+04	8.534704998557501e-03	4.854595548383251e+04	1.217393994280971e+04	1.437819651237369e+04	2.246215184730923e-19	-inf	
15	6.000000000000001e-01	4.000000000000000e-01	3.633914643716087e-03	4.900790354841415e-03	1.818989403545856e-18	-9.094947017729280e-19	2.957834693272139e+05	4.782651387349061e+04	8.534704998557501e-03	4.854595548383251e+04	1.217393994280971e+04	1.437819651237369e+04	7.986971144616065e-20	-inf	
16	8.000000000000000e-01	4.000000000000000e-01	3.633914643716087e-03	4.900790354841415e-03	2.273736754432322e-18	0.000000000000000e+00	2.957834693272139e+05	4.782651387349061e+04	8.534704998557501e-03	4.854595548383251e+04	1.217393994280971e+04	1.437819651237369e+04	8.929705206845419e-20	-inf	
17	1.000000000000000e+00	4.000000000000000e-01	3.633914643716087e-03	4.900790354841415e-03	0.000000000000000e+00	0.000000000000000e+00	2.957834693272139e+05	4.782651387349061e+04	8.534704998557501e-03	4.854595548383251e+04	1.217393994280971e+04	1.437819651237369e+04	0.000000000000000e+00	-inf	
18	0.000000000000000e+00	6.000000000000000e-01	3.633914643716087e-03	4.900790354841415e-03	-8.185452315956353e-18	-1.818989403545856e-18	2.957834693272139e+05	4.782651387349061e+04	8.534704998557501e-03	4.854595548383251e+04	1.217393994280971e+04	1.437819651237369e+04	3.293112565801242e-19	-inf	
19	2.000000000000000e-01	6.000000000000000e-01	3.633914643716087e-03	4.900790354841415e-03	8.392744886798343e-19	1.818989403545857e-18	2.957834693272139e+05	4.782651387349061e+04	8.534704998557501e-03	4.854595548383251e+04	1.217393994280971e+04	1.437819651237369e+04	7.867507280896404e-20	-inf	
20	4.000000000000001e-01	6.000000000000002e-01	3.633914643716087e-03	4.900790354841415e-03	0.000000000000000e+00	0.000000000000000e+00	2.957834693272139e+05	4.782651387349061e+04	8.534704998557501e-03	4.854595548383251e+04	1.217393994280971e+04	1.437819651237369e+04	0.000000000000000e+00	-inf	
21	6.000000000000000e-01	6.000000000000001e-01	3.633914643716087e-03	4.900790354841415e-03	-8.392744886798238e-19	2.273736754432320e-18	2.957834693272139e+05	4.782651387349061e+04	8.534704998557501e-03	4.854595548383251e+04	1.217393994280971e+04	1.437819651237369e+04	9.518610163473234e-20	-inf	
22	8.000000000000000e-01	6.000000000000001e-01	3.633914643716087e-03	4.900790354841415e-03	-1.364242052659393e-18	-9.094947017729286e-19	2.957834693272139e+05	4.782651387349061e+04	8.534704998557501e-03	4.854595548383251e+04	1.217393994280971e+04	1.437819651237369e+04	6.439301999611785e-20	-inf	
23	1.000000000000000e+00	6.000000000000001e-01	3.633914643716087e-03	4.900790354841415e-03	-2.728484105318781e-18	-9.094947017729280e-19	2.957834693272139e+05	4.782651387349061e+04	8.534704998557501e-03	4.854595548383251e+04	1.217393994280971e+04	1.437819651237369e+04	1.129528291499859e-19	-inf	
24	0.000000000000000e+00	8.000000000000000e-01	3.633914643716087e-03	4.900790354841415e-03	2.728484105318784e-18	0.000000000000000e+00	2.957834693272139e+05	4.782651387349061e+04	8.534704998557501e-03	4.854595548383251e+04	1.217393994280971e+04	1.437819651237369e+04	1.071564624821449e-19	-inf	
25	2.000000000000000e-01	8.000000000000000e-01	3.633914643716087e-03	4.900790354841415e-03	2.273736754432320e-18	-4.092726157978176e-18	2.957834693272139e+05	4.782651387349061e+04	8.534704998557501e-03	4.854595548383251e+04	1.217393994280971e+04	1.437819651237369e+04	1.838738841554524e-19	-inf	
26	3.999999999999999e-01	8.000000000000000e-01	3.633914643716087e-03	4.900790354841415e-03	-9.094947017729284e-19	0.000000000000000e+00	2.957834693272139e+05	4.782651387349061e+04	8.534704998557501e-03	4.854595548383251e+04	1.217393994280971e+04	1.437819651237369e+04	3.571882082738166e-20	-inf	
27	6.000000000000000e-01	8.000000000000000e-01	3.633914643716087e-03	4.900790354841415e-03	0.000000000000000e+00	8.640199666842814e-18	2.957834693272139e+05	4.782651387349061e+04	8.534704998557501e-03	4.854595548383251e+04	1.217393994280971e+04	1.437819651237369e+04	3.393287978601255e-19	-inf	
28	8.000000000000000e-01	8.000000000000000e-01	3.633914643716087e-03	4.900790354841415e-03	0.000000000000000e+00	0.000000000000000e+00	2.957834693272139e+05	4.782651387349061e+04	8.534704998557501e-03	4.854595548383251e+04	1.217393994280971e+04	1.437819651237369e+04	0.000000000000000e+00	-inf	
29	1.000000000000000e+00	8.000000000000000e-01	3.633914643716087e-03	4.900790354841415e-03	1.155557966632342e-33	-9.094947017729276e-19	2.957834693272139e+05	4.782651387349061e+04	8.534704998557501e-03	4.854595548383251e+04	1.217393994280971e+04	1.437819651237369e+04	3.571882082738163e-20	-inf	
30	0.000000000000000e+00	1.000000000000000e+00	3.633914643716087e-03	4.900790354841415e-03	1.818989403545857e-18	1.818989403545857e-18	2.957834693272139e+05	4.782651387349061e+04	8.534704998557501e-03	4.854595548383251e+04	1.217393994280971e+04	1.437819651237369e+04	1.010280816921155e-19	-inf	
31	2.000000000000000e-01	1.000000000000000e+00	3.633914643716087e-03	4.900790354841415e-03	0.000000000000000e+00	0.000000000000000e+00	2.957834693272139e+05	4.782651387349061e+04	8.534704998557501e-03	4.854595548383251e+04	1.217393994280971e+04	1.437819651237369e+04	0.000000000000000e+00	-inf	
32	3.999999999999999e-01	1.000000000000000e+00	3.633914643716087e-03	4.900790354841415e-03	0.000000000000000e+00	0.000000000000000e+00	2.957834693272139e+05	4.782651387349061e+04	8.534704998557501e-03	4.854595548383251e+04	1.217393994280971e+04	1.437819651237369e+04	0.000000000000000e+00	-inf	
33	6.000000000000000e-01	1.000000000000000e+00	3.633914643716087e-03	4.900790354841415e-03	0.000000000000000e+00	-7.275957614183424e-18	2.957834693272139e+05	4.782651387349061e+04	8.534704998557501e-03	4.854595548383251e+04	1.217393994280971e+04	1.437819651237369e+04	2.857505666190532e-19	-inf	
34	8.000000000000000e-01	1.000000000000000e+00	3.633914643716087e-03	4.900790354841415e-03	0.000000000000000e+00	-1.818989403545858e-18	2.957834693272139e+05	4.782651387349061e+04	8.534704998557501e-03	4.854595548383251e+04	1.217393994280971e+04	1.437819651237369e+04	7.143764165476335e-20	-inf	
35	1.000000000000000e+00	1.000000000000000e+00	3.633914643716087e-03	4.900790354841415e-03	1.818989403545856e-18	5.456968210637568e-18	2.957834693272139e+05	4.782651387349061e+04	8.534704998557501e-03	4.854595548383251e+04	1.217393994280971e+04	1.437819651237369e+04	2.259056582999720e-19	-inf	
EXT_ITER= 89
AOA= 0.000000000000000e+00
SIDESLIP_ANGLE= 0.000000000000000e+00
INITIAL_BCTHRUST= 4.000000000000000e+03
DCD_DCL_VALUE= 0.000000000000000e+00
DCMX_DCL_VALUE= 0.000000000000000e+00
DCMY_DCL_VALUE= 0.000000000000000e+00
DCMZ_DCL_VALUE= 0.000000000000000e+00
