"PointID"	"x"	"y"	"Density[0]"	"Density[1]"	"Momentum_x"	"Momentum_y"	"Energy"	"Electronic_Energy"	"Total_Density"	"Pressure"	"Temperature"	"Tve"	"Mach"	"C<sub>p</sub>"
0	0.000000000000000e+00	0.000000000000000e+00	1.939211824560728e-03	6.595493173996774e-03	0.000000000000000e+00	0.000000000000000e+00	2.957834693272139e+05	1.542404188193091e+04	8.534704998557503e-03	3.772033527511253e+04	8.399679447128521e+03	8.559998738465420e+03	0.000000000000000e+00	-inf	
1	2.000000000000000e-01	0.000000000000000e+00	1.939211824560728e-03	6.595493173996774e-03	0.000000000000000e+00	1.246007741428930e-15	2.957834693272139e+05	1.542404188193091e+04	8.534704998557503e-03	3.772033527511253e+04	8.399679447128521e+03	8.559998738465420e+03	5.465902599991291e-17	-inf	
2	4.000000000000000e-01	0.000000000000000e+00	1.939211824560728e-03	6.595493173996774e-03	0.000000000000000e+00	-9.540599421597808e-16	2.957834693272139e+05	1.542404188193091e+04	8.534704998557503e-03	3.772033527511253e+04	8.399679447128521e+03	8.559998738465420e+03	4.185205713423837e-17	-inf	
3	6.000000000000001e-01	0.000000000000000e+00	1.939211824560728e-03	6.595493173996774e-03	0.000000000000000e+00	-7.685230229981049e-16	2.957834693272139e+05	1.542404188193091e+04	8.534704998557503e-03	3.772033527511253e+04	8.399679447128521e+03	8.559998738465420e+03	3.371304888315662e-17	-inf	
4	8.000000000000000e-01	0.000000000000000e+00	1.939211824560728e-03	6.595493173996774e-03	1.880380295915528e-16	0.000000000000000e+00	2.957834693272139e+05	1.542404188193091e+04	8.534704998557503e-03	3.772033527511253e+04	8.399679447128521e+03	8.559998738465420e+03	8.248725274074325e-18	-inf	
5	1.000000000000000e+00	0.000000000000000e+00	1.939211824560728e-03	6.595493173996774e-03	3.146851668134316e-16	-5.456968210637553e-18	2.957834693272139e+05	1.542404188193091e+04	8.534704998557503e-03	3.772033527511252e+04	8.399679447128517e+03	8.559998738465420e+03	1.380647176304762e-17	-inf	
6	0.000000000000000e+00	2.000000000000000e-01	1.939211824560728e-03	6.595493173996774e-03	0.000000000000000e+00	0.000000000000000e+00	2.957834693272139e+05	1.542404188193091e+04	8.534704998557503e-03	3.772033527511253e+04	8.399679447128521e+03	8.559998738465420e+03	0.000000000000000e+00	-inf	
7	2.000000000000000e-01	2.000000000000000e-01	1.939211824560728e-03	6.595493173996774e-03	-5.429683369584366e-16	-1.818989403545857e-18	2.957834693272139e+05	1.542404188193091e+04	8.534704998557503e-03	3.772033527511253e+04	8.399679447128521e+03	8.559998738465420e+03	2.381870192244422e-17	-inf	
8	4.000000000000000e-01	2.000000000000000e-01	1.939211824560728e-03	6.595493173996774e-03	-6.220943760126917e-16	1.898570189950987e-16	2.957834693272139e+05	1.542404188193091e+04	8.534704998557503e-03	3.772033527511253e+04	8.399679447128521e+03	8.559998738465420e+03	2.853221639853299e-17	-inf	
9	5.999999999999999e-01	2.000000000000000e-01	1.939211824560728e-03	6.595493173996774e-03	0.000000000000000e+00	5.841229722136694e-16	2.957834693272139e+05	1.542404188193091e+04	8.534704998557503e-03	3.772033527511253e+04	8.399679447128521e+03	8.559998738465420e+03	2.562391200616345e-17	-inf	
10	7.999999999999999e-01	2.000000000000000e-01	1.939211824560728e-03	6.595493173996774e-03	1.796252036001539e-16	-3.965396899729859e-16	2.957834693272139e+05	1.542404188193091e+04	8.534704998557503e-03	3.772033527511253e+04	8.399679447128521e+03	8.559998738465420e+03	1.909659767501919e-17	-inf	
11	1.000000000000000e+00	2.000000000000000e-01	1.939211824560728e-03	6.595493173996774e-03	3.165041562169794e-16	-1.566604623803867e-16	2.957834693272139e+05	1.542404188193091e+04	8.534704998557503e-03	3.772033527511252e+04	8.399679447128517e+03	8.559998738465420e+03	1.549189838569322e-17	-inf	
12	0.000000000000000e+00	3.999999999999999e-01	1.939211824560728e-03	6.595493173996774e-03	-1.265561877517064e-15	0.000000000000000e+00	2.957834693272139e+05	1.542404188193091e+04	8.534704998557503e-03	3.772033527511253e+04	8.399679447128521e+03	8.559998738465420e+03	5.551681363421884e-17	-inf	
13	2.000000000000000e-01	3.999999999999999e-01	1.939211824560728e-03	6.595493173996774e-03	4.893602063137595e-16	0.000000000000000e+00	2.957834693272139e+05	1.542404188193091e+04	8.534704998557503e-03	3.772033527511253e+04	8.399679447128521e+03	8.559998738465420e+03	2.146692299804799e-17	-inf	
14	3.999999999999999e-01	4.000000000000001e-01	1.939211824560728e-03	6.595493173996774e-03	1.476175721225797e-16	0.000000000000000e+00	2.957834693272139e+05	1.542404188193091e+04	8.534704998557503e-03	3.772033527511252e+04	8.399679447128517e+03	8.559998738465420e+03	6.475587947342081e-18	-inf	
15	6.000000000000001e-01	4.000000000000000e-01	1.939211824560728e-03	6.595493173996774e-03	-5.327365215634990e-16	-9.094947017729280e-19	2.957834693272139e+05	1.542404188193091e+04	8.534704998557503e-03	3.772033527511252e+04	8.399679447128517e+03	8.559998738465420e+03	2.336975995380592e-17	-inf	
16	8.000000000000000e-01	4.000000000000000e-01	1.939211824560728e-03	6.595493173996774e-03	-1.966782292583959e-16	0.000000000000000e+00	2.957834693272139e+05	1.542404188193091e+04	8.534704998557503e-03	3.772033527511253e+04	8.399679447128521e+03	8.559998738465420e+03	8.627747717139421e-18	-inf	
17	1.000000000000000e+00	4.000000000000000e-01	1.939211824560728e-03	6.595493173996774e-03	0.000000000000000e+00	0.000000000000000e+00	2.957834693272139e+05	1.542404188193091e+04	8.534704998557503e-03	3.772033527511253e+04	8.399679447128521e+03	8.559998738465420e+03	0.000000000000000e+00	-inf	
18	0.000000000000000e+00	6.000000000000000e-01	1.939211824560728e-03	6.595493173996774e-03	9.540599421597808e-16	1.880380295915527e-16	2.957834693272139e+05	1.542404188193091e+04	8.534704998557503e-03	3.772033527511253e+04	8.399679447128521e+03	8.559998738465420e+03	4.265719347325495e-17	-inf	
19	2.000000000000000e-01	6.000000000000000e-01	1.939211824560728e-03	6.595493173996774e-03	7.834818484915884e-18	1.818989403545857e-18	2.957834693272139e+05	1.542404188193091e+04	8.534704998557503e-03	3.772033527511253e+04	8.399679447128521e+03	8.559998738465420e+03	3.528337655468497e-19	-inf	
20	4.000000000000001e-01	6.000000000000002e-01	1.939211824560728e-03	6.595493173996774e-03	0.000000000000000e+00	-1.898570189950988e-16	2.957834693272139e+05	1.542404188193091e+04	8.534704998557503e-03	3.772033527511253e+04	8.399679447128521e+03	8.559998738465420e+03	8.328519472614349e-18	-inf	
21	6.000000000000000e-01	6.000000000000001e-01	1.939211824560728e-03	6.595493173996774e-03	-7.834818484915493e-18	-2.016804501181474e-16	2.957834693272139e+05	1.542404188193091e+04	8.534704998557503e-03	3.772033527511253e+04	8.399679447128521e+03	8.559998738465420e+03	8.853855075714296e-18	-inf	
22	8.000000000000000e-01	6.000000000000001e-01	1.939211824560728e-03	6.595493173996774e-03	1.975877239601686e-16	-9.094947017729286e-19	2.957834693272139e+05	1.542404188193091e+04	8.534704998557503e-03	3.772033527511253e+04	8.399679447128521e+03	8.559998738465420e+03	8.667736638936331e-18	-inf	
23	1.000000000000000e+00	6.000000000000001e-01	1.939211824560728e-03	6.595493173996774e-03	1.066382537828771e-15	-9.094947017729280e-19	2.957834693272139e+05	1.542404188193091e+04	8.534704998557503e-03	3.772033527511252e+04	8.399679447128517e+03	8.559998738465420e+03	4.677936590777123e-17	-inf	
24	0.000000000000000e+00	8.000000000000000e-01	1.939211824560728e-03	6.595493173996774e-03	-2.896740625146793e-16	0.000000000000000e+00	2.957834693272139e+05	1.542404188193091e+04	8.534704998557503e-03	3.772033527511252e+04	8.399679447128517e+03	8.559998738465420e+03	1.270722611749789e-17	-inf	
25	2.000000000000000e-01	8.000000000000000e-01	1.939211824560728e-03	6.595493173996774e-03	-2.016804501181474e-16	5.420588422566634e-16	2.957834693272139e+05	1.542404188193091e+04	8.534704998557503e-03	3.772033527511253e+04	8.399679447128521e+03	8.559998738465420e+03	2.537120075044553e-17	-inf	
26	3.999999999999999e-01	8.000000000000000e-01	1.939211824560728e-03	6.595493173996774e-03	-9.094947017729284e-19	0.000000000000000e+00	2.957834693272139e+05	1.542404188193091e+04	8.534704998557503e-03	3.772033527511253e+04	8.399679447128521e+03	8.559998738465420e+03	3.989709927000886e-20	-inf	
27	6.000000000000000e-01	8.000000000000000e-01	1.939211824560728e-03	6.595493173996774e-03	0.000000000000000e+00	-5.986748874420357e-16	2.957834693272139e+05	1.542404188193091e+04	8.534704998557503e-03	3.772033527511253e+04	8.399679447128521e+03	8.559998738465420e+03	2.626226559448357e-17	-inf	
28	8.000000000000000e-01	8.000000000000000e-01	1.939211824560728e-03	6.595493173996774e-03	0.000000000000000e+00	1.898570189950982e-16	2.957834693272139e+05	1.542404188193091e+04	8.534704998557503e-03	3.772033527511253e+04	8.399679447128521e+03	8.559998738465420e+03	8.328519472614324e-18	-inf	
29	1.000000000000000e+00	8.000000000000000e-01	1.939211824560728e-03	6.595493173996774e-03	-7.667040335945592e-16	-1.748503564158468e-16	2.957834693272139e+05	1.542404188193091e+04	8.534704998557503e-03	3.772033527511253e+04	8.399679447128521e+03	8.559998738465420e+03	3.449678325063357e-17	-inf	
30	0.000000000000000e+00	1.000000000000000e+00	1.939211824560728e-03	6.595493173996774e-03	1.818989403545857e-18	-3.778950485866517e-16	2.957834693272139e+05	1.542404188193091e+04	8.534704998557503e-03	3.772033527511253e+04	8.399679447128521e+03	8.559998738465420e+03	1.657743678937543e-17	-inf	
31	2.000000000000000e-01	1.000000000000000e+00	1.939211824560728e-03	6.595493173996774e-03	0.000000000000000e+00	0.000000000000000e+00	2.957834693272139e+05	1.542404188193091e+04	8.534704998557503e-03	3.772033527511253e+04	8.399679447128521e+03	8.559998738465420e+03	0.000000000000000e+00	-inf	
32	3.999999999999999e-01	1.000000000000000e+00	1.939211824560728e-03	6.595493173996774e-03	0.000000000000000e+00	0.000000000000000e+00	2.957834693272139e+05	1.542404188193091e+04	8.534704998557503e-03	3.772033527511253e+04	8.399679447128521e+03	8.559998738465420e+03	0.000000000000000e+00	-inf	
33	6.000000000000000e-01	1.000000000000000e+00	1.939211824560728e-03	6.595493173996774e-03	1.989519660128279e-16	-5.215952114667756e-16	2.957834693272139e+05	1.542404188193091e+04	8.534704998557503e-03	3.772033527511253e+04	8.399679447128521e+03	8.559998738465420e+03	2.448894913820892e-17	-inf	
34	8.000000000000000e-01	1.000000000000000e+00	1.939211824560728e-03	6.595493173996774e-03	0.000000000000000e+00	2.555680111981877e-16	2.957834693272139e+05	1.542404188193091e+04	8.534704998557503e-03	3.772033527511252e+04	8.399679447128517e+03	8.559998738465420e+03	1.121108489487226e-17	-inf	
35	1.000000000000000e+00	1.000000000000000e+00	1.939211824560728e-03	6.595493173996774e-03	-3.960849426221097e-16	-2.546585164964193e-17	2.957834693272139e+05	1.542404188193091e+04	8.534704998557503e-03	3.772033527511253e+04	8.399679447128521e+03	8.559998738465420e+03	1.741106166615356e-17	-inf	
EXT_ITER= 6918
AOA= 0.000000000000000e+00
SIDESLIP_ANGLE= 0.000000000000000e+00
INITIAL_BCTHRUST= 4.000000000000000e+03
DCD_DCL_VALUE= 0.000000000000000e+00
DCMX_DCL_VALUE= 0.000000000000000e+00
DCMY_DCL_VALUE= 0.000000000000000e+00
DCMZ_DCL_VALUE= 0.000000000000000e+00
