"PointID"	"x"	"y"	"Density[0]"	"Density[1]"	"Momentum_x"	"Momentum_y"	"Energy"	"Electronic_Energy"	"Total_Density"	"Pressure"	"Temperature"	"Tve"	"Mach"	"C<sub>p</sub>"
0	0.000000000000000e+00	0.000000000000000e+00	1.973026125202807e-03	6.561678873354676e-03	0.000000000000000e+00	0.000000000000000e+00	2.957834693272139e+05	1.597209627667529e+04	8.534704998557482e-03	3.802246417527361e+04	8.485923523184969e+03	8.671079721163676e+03	0.000000000000000e+00	-inf	
1	2.000000000000000e-01	0.000000000000000e+00	1.973026125202807e-03	6.561678873354676e-03	0.000000000000000e+00	1.156422513304284e-15	2.957834693272139e+05	1.597209627667529e+04	8.534704998557482e-03	3.802246417527361e+04	8.485923523184969e+03	8.671079721163676e+03	5.054211379706038e-17	-inf	
2	4.000000000000000e-01	0.000000000000000e+00	1.973026125202807e-03	6.561678873354676e-03	0.000000000000000e+00	-8.662937034386864e-16	2.957834693272139e+05	1.597209627667529e+04	8.534704998557482e-03	3.802246417527361e+04	8.485923523184969e+03	8.671079721163676e+03	3.786186660770603e-17	-inf	
3	6.000000000000001e-01	0.000000000000000e+00	1.973026125202807e-03	6.561678873354676e-03	0.000000000000000e+00	-6.180016498546979e-16	2.957834693272139e+05	1.597209627667529e+04	8.534704998557482e-03	3.802246417527361e+04	8.485923523184969e+03	8.671079721163676e+03	2.701011901305700e-17	-inf	
4	8.000000000000000e-01	0.000000000000000e+00	1.973026125202807e-03	6.561678873354676e-03	1.209627953357990e-16	0.000000000000000e+00	2.957834693272139e+05	1.597209627667529e+04	8.534704998557482e-03	3.802246417527361e+04	8.485923523184969e+03	8.671079721163676e+03	5.286748828162778e-18	-inf	
5	1.000000000000000e+00	0.000000000000000e+00	1.973026125202808e-03	6.561678873354676e-03	1.773514668457183e-16	8.321876521222276e-17	2.957834693272139e+05	1.597209627667529e+04	8.534704998557484e-03	3.802246417527361e+04	8.485923523184971e+03	8.671079721163675e+03	8.562156406463948e-18	-inf	
6	0.000000000000000e+00	2.000000000000000e-01	1.973026125202807e-03	6.561678873354676e-03	0.000000000000000e+00	0.000000000000000e+00	2.957834693272139e+05	1.597209627667529e+04	8.534704998557482e-03	3.802246417527361e+04	8.485923523184969e+03	8.671079721163676e+03	0.000000000000000e+00	-inf	
7	2.000000000000000e-01	2.000000000000000e-01	1.973026125202807e-03	6.561678873354676e-03	-4.622506821760785e-16	-1.818989403545857e-18	2.957834693272139e+05	1.597209627667529e+04	8.534704998557482e-03	3.802246417527361e+04	8.485923523184969e+03	8.671079721163676e+03	2.020308944035219e-17	-inf	
8	4.000000000000000e-01	2.000000000000000e-01	1.973026125202807e-03	6.561678873354676e-03	-5.773017619503691e-16	1.227817847393449e-16	2.957834693272139e+05	1.597209627667529e+04	8.534704998557482e-03	3.802246417527361e+04	8.485923523184969e+03	8.671079721163676e+03	2.579564836458017e-17	-inf	
9	5.999999999999999e-01	2.000000000000000e-01	1.973026125202807e-03	6.561678873354676e-03	0.000000000000000e+00	4.333742253948113e-16	2.957834693272139e+05	1.597209627667529e+04	8.534704998557482e-03	3.802246417527361e+04	8.485923523184969e+03	8.671079721163676e+03	1.894087080165140e-17	-inf	
10	7.999999999999999e-01	2.000000000000000e-01	1.973026125202807e-03	6.561678873354676e-03	1.102762325899680e-16	-3.078639565501329e-16	2.957834693272139e+05	1.597209627667529e+04	8.534704998557482e-03	3.802246417527361e+04	8.485923523184969e+03	8.671079721163676e+03	1.429252998703404e-17	-inf	
11	1.000000000000000e+00	2.000000000000000e-01	1.973026125202808e-03	6.561678873354676e-03	1.850821718107903e-16	-8.799361239652998e-17	2.957834693272139e+05	1.597209627667529e+04	8.534704998557484e-03	3.802246417527361e+04	8.485923523184971e+03	8.671079721163675e+03	8.956795268761420e-18	-inf	
12	0.000000000000000e+00	3.999999999999999e-01	1.973026125202807e-03	6.561678873354676e-03	-1.270564098376803e-15	0.000000000000000e+00	2.957834693272139e+05	1.597209627667529e+04	8.534704998557482e-03	3.802246417527361e+04	8.485923523184969e+03	8.671079721163676e+03	5.553073769130495e-17	-inf	
13	2.000000000000000e-01	3.999999999999999e-01	1.973026125202807e-03	6.561678873354676e-03	4.102463434763424e-16	0.000000000000000e+00	2.957834693272139e+05	1.597209627667529e+04	8.534704998557482e-03	3.802246417527361e+04	8.485923523184969e+03	8.671079721163676e+03	1.793005336567102e-17	-inf	
14	3.999999999999999e-01	4.000000000000001e-01	1.973026125202808e-03	6.561678873354676e-03	1.067024867596264e-16	0.000000000000000e+00	2.957834693272139e+05	1.597209627667529e+04	8.534704998557484e-03	3.802246417527361e+04	8.485923523184971e+03	8.671079721163675e+03	4.663493806277479e-18	-inf	
15	6.000000000000001e-01	4.000000000000000e-01	1.973026125202808e-03	6.561678873354676e-03	-3.863078745780611e-16	-9.094947017729280e-19	2.957834693272139e+05	1.597209627667529e+04	8.534704998557484e-03	3.802246417527361e+04	8.485923523184971e+03	8.671079721163675e+03	1.688385554976608e-17	-inf	
16	8.000000000000000e-01	4.000000000000000e-01	1.973026125202807e-03	6.561678873354676e-03	-1.321041054325178e-16	0.000000000000000e+00	2.957834693272139e+05	1.597209627667529e+04	8.534704998557482e-03	3.802246417527361e+04	8.485923523184969e+03	8.671079721163676e+03	5.773686220230424e-18	-inf	
17	1.000000000000000e+00	4.000000000000000e-01	1.973026125202807e-03	6.561678873354676e-03	0.000000000000000e+00	0.000000000000000e+00	2.957834693272139e+05	1.597209627667529e+04	8.534704998557482e-03	3.802246417527361e+04	8.485923523184969e+03	8.671079721163676e+03	0.000000000000000e+00	-inf	
18	0.000000000000000e+00	6.000000000000000e-01	1.973026125202807e-03	6.561678873354676e-03	8.662937034386864e-16	1.209627953357989e-16	2.957834693272139e+05	1.597209627667529e+04	8.534704998557482e-03	3.802246417527361e+04	8.485923523184969e+03	8.671079721163676e+03	3.822918592112322e-17	-inf	
19	2.000000000000000e-01	6.000000000000000e-01	1.973026125202807e-03	6.561678873354676e-03	1.627199690997280e-17	1.818989403545857e-18	2.957834693272139e+05	1.597209627667529e+04	8.534704998557482e-03	3.802246417527361e+04	8.485923523184969e+03	8.671079721163676e+03	7.156067385385414e-19	-inf	
20	4.000000000000001e-01	6.000000000000002e-01	1.973026125202807e-03	6.561678873354676e-03	0.000000000000000e+00	-1.227817847393450e-16	2.957834693272139e+05	1.597209627667529e+04	8.534704998557482e-03	3.802246417527361e+04	8.485923523184969e+03	8.671079721163676e+03	5.366248810541172e-18	-inf	
21	6.000000000000000e-01	6.000000000000001e-01	1.973026125202807e-03	6.561678873354676e-03	-1.627199690997243e-17	-1.261923898709939e-16	2.957834693272139e+05	1.597209627667529e+04	8.534704998557482e-03	3.802246417527361e+04	8.485923523184969e+03	8.671079721163676e+03	5.560973947499631e-18	-inf	
22	8.000000000000000e-01	6.000000000000001e-01	1.973026125202807e-03	6.561678873354676e-03	1.330136001342906e-16	-9.094947017729286e-19	2.957834693272139e+05	1.597209627667529e+04	8.534704998557482e-03	3.802246417527361e+04	8.485923523184969e+03	8.671079721163676e+03	5.813572107237022e-18	-inf	
23	1.000000000000000e+00	6.000000000000001e-01	1.973026125202808e-03	6.561678873354676e-03	7.735252438578952e-16	-9.094947017729280e-19	2.957834693272139e+05	1.597209627667529e+04	8.534704998557484e-03	3.802246417527361e+04	8.485923523184971e+03	8.671079721163675e+03	3.380739087500376e-17	-inf	
24	0.000000000000000e+00	8.000000000000000e-01	1.973026125202808e-03	6.561678873354676e-03	-1.691660145297658e-16	0.000000000000000e+00	2.957834693272139e+05	1.597209627667529e+04	8.534704998557484e-03	3.802246417527361e+04	8.485923523184971e+03	8.671079721163675e+03	7.393498361190126e-18	-inf	
25	2.000000000000000e-01	8.000000000000000e-01	1.973026125202807e-03	6.561678873354676e-03	-1.261923898709940e-16	4.613411874743053e-16	2.957834693272139e+05	1.597209627667529e+04	8.534704998557482e-03	3.802246417527361e+04	8.485923523184969e+03	8.671079721163676e+03	2.090388979156664e-17	-inf	
26	3.999999999999999e-01	8.000000000000000e-01	1.973026125202807e-03	6.561678873354676e-03	-9.094947017729284e-19	0.000000000000000e+00	2.957834693272139e+05	1.597209627667529e+04	8.534704998557482e-03	3.802246417527361e+04	8.485923523184969e+03	8.671079721163676e+03	3.974999118919397e-20	-inf	
27	6.000000000000000e-01	8.000000000000000e-01	1.973026125202807e-03	6.561678873354676e-03	0.000000000000000e+00	-5.552465154323726e-16	2.957834693272139e+05	1.597209627667529e+04	8.534704998557482e-03	3.802246417527361e+04	8.485923523184969e+03	8.671079721163676e+03	2.426736962100291e-17	-inf	
28	8.000000000000000e-01	8.000000000000000e-01	1.973026125202807e-03	6.561678873354676e-03	0.000000000000000e+00	1.205080479849122e-16	2.957834693272139e+05	1.597209627667529e+04	8.534704998557482e-03	3.802246417527361e+04	8.485923523184969e+03	8.671079721163676e+03	5.266873832568168e-18	-inf	
29	1.000000000000000e+00	8.000000000000000e-01	1.973026125202807e-03	6.561678873354676e-03	-6.161826604511522e-16	-1.077751221600931e-16	2.957834693272139e+05	1.597209627667529e+04	8.534704998557482e-03	3.802246417527361e+04	8.485923523184969e+03	8.671079721163676e+03	2.733945617930529e-17	-inf	
30	0.000000000000000e+00	1.000000000000000e+00	1.973026125202807e-03	6.561678873354676e-03	1.818989403545857e-18	-2.437445800751442e-16	2.957834693272139e+05	1.597209627667529e+04	8.534704998557482e-03	3.802246417527361e+04	8.485923523184969e+03	8.671079721163676e+03	1.065329427629924e-17	-inf	
31	2.000000000000000e-01	1.000000000000000e+00	1.973026125202807e-03	6.561678873354676e-03	0.000000000000000e+00	0.000000000000000e+00	2.957834693272139e+05	1.597209627667529e+04	8.534704998557482e-03	3.802246417527361e+04	8.485923523184969e+03	8.671079721163676e+03	0.000000000000000e+00	-inf	
32	3.999999999999999e-01	1.000000000000000e+00	1.973026125202807e-03	6.561678873354676e-03	0.000000000000000e+00	0.000000000000000e+00	2.957834693272139e+05	1.597209627667529e+04	8.534704998557482e-03	3.802246417527361e+04	8.485923523184969e+03	8.671079721163676e+03	0.000000000000000e+00	-inf	
33	6.000000000000000e-01	1.000000000000000e+00	1.973026125202807e-03	6.561678873354676e-03	1.343778421869498e-16	-3.701643436215878e-16	2.957834693272139e+05	1.597209627667529e+04	8.534704998557482e-03	3.802246417527361e+04	8.485923523184969e+03	8.671079721163676e+03	1.721129004084289e-17	-inf	
34	8.000000000000000e-01	1.000000000000000e+00	1.973026125202808e-03	6.561678873354676e-03	0.000000000000000e+00	2.200977178290438e-16	2.957834693272139e+05	1.597209627667529e+04	8.534704998557484e-03	3.802246417527361e+04	8.485923523184971e+03	8.671079721163675e+03	9.619497867784727e-18	-inf	
35	1.000000000000000e+00	1.000000000000000e+00	1.973026125202807e-03	6.561678873354676e-03	-2.669366949703536e-16	-1.132320903707293e-16	2.957834693272139e+05	1.597209627667529e+04	8.534704998557482e-03	3.802246417527361e+04	8.485923523184969e+03	8.671079721163676e+03	1.267286200744902e-17	-inf	
EXT_ITER= 5983
AOA= 0.000000000000000e+00
SIDESLIP_ANGLE= 0.000000000000000e+00
INITIAL_BCTHRUST= 4.000000000000000e+03
DCD_DCL_VALUE= 0.000000000000000e+00
DCMX_DCL_VALUE= 0.000000000000000e+00
DCMY_DCL_VALUE= 0.000000000000000e+00
DCMZ_DCL_VALUE= 0.000000000000000e+00
