"PointID"	"x"	"y"	"Density[0]"	"Density[1]"	"Momentum_x"	"Momentum_y"	"Energy"	"Electronic_Energy"	"Total_Density"	"Pressure"	"Temperature"	"Tve"	"Mach"	"C<sub>p</sub>"
0	0.000000000000000e+00	0.000000000000000e+00	2.567026826127694e-03	5.967678172429798e-03	0.000000000000000e+00	0.000000000000000e+00	2.957834693272139e+05	3.094616334524669e+04	8.534704998557492e-03	3.994349392006305e+04	9.279796654788357e+03	1.153223453311727e+04	0.000000000000000e+00	-inf	
1	2.000000000000000e-01	0.000000000000000e+00	2.567026826127694e-03	5.967678172429798e-03	0.000000000000000e+00	1.687112671788794e-16	2.957834693272139e+05	3.094616334524669e+04	8.534704998557492e-03	3.994349392006305e+04	9.279796654788357e+03	1.153223453311727e+04	7.232186461624304e-18	-inf	
2	4.000000000000000e-01	0.000000000000000e+00	2.567026826127694e-03	5.967678172429798e-03	0.000000000000000e+00	-1.346052158623937e-16	2.957834693272139e+05	3.094616334524669e+04	8.534704998557492e-03	3.994349392006305e+04	9.279796654788357e+03	1.153223453311727e+04	5.770154158061415e-18	-inf	
3	6.000000000000001e-01	0.000000000000000e+00	2.567026826127694e-03	5.967678172429798e-03	0.000000000000000e+00	-9.003997547551973e-17	2.957834693272139e+05	3.094616334524669e+04	8.534704998557492e-03	3.994349392006305e+04	9.279796654788357e+03	1.153223453311727e+04	3.859765281405929e-18	-inf	
4	8.000000000000000e-01	0.000000000000000e+00	2.567026826127694e-03	5.967678172429798e-03	2.235083229606970e-16	0.000000000000000e+00	2.957834693272139e+05	3.094616334524669e+04	8.534704998557492e-03	3.994349392006305e+04	9.279796654788357e+03	1.153223453311727e+04	9.581185029348571e-18	-inf	
5	1.000000000000000e+00	0.000000000000000e+00	2.567026826127694e-03	5.967678172429799e-03	4.324647306930269e-16	2.319211489520965e-17	2.957834693272139e+05	3.094616334524670e+04	8.534704998557494e-03	3.994349392006303e+04	9.279796654788350e+03	1.153223453311727e+04	1.856520834616893e-17	-inf	
6	0.000000000000000e+00	2.000000000000000e-01	2.567026826127694e-03	5.967678172429798e-03	0.000000000000000e+00	0.000000000000000e+00	2.957834693272139e+05	3.094616334524669e+04	8.534704998557492e-03	3.994349392006305e+04	9.279796654788357e+03	1.153223453311727e+04	0.000000000000000e+00	-inf	
7	2.000000000000000e-01	2.000000000000000e-01	2.567026826127694e-03	5.967678172429798e-03	-8.139977580867760e-17	-1.818989403545857e-18	2.957834693272139e+05	3.094616334524669e+04	8.534704998557492e-03	3.994349392006305e+04	9.279796654788357e+03	1.153223453311727e+04	3.490254885444262e-18	-inf	
8	4.000000000000000e-01	2.000000000000000e-01	2.567026826127694e-03	5.967678172429798e-03	-8.344613888766673e-17	2.253273123642428e-16	2.957834693272139e+05	3.094616334524669e+04	8.534704998557492e-03	3.994349392006305e+04	9.279796654788357e+03	1.153223453311727e+04	1.030024556826066e-17	-inf	
9	5.999999999999999e-01	2.000000000000000e-01	2.567026826127694e-03	5.967678172429798e-03	0.000000000000000e+00	2.657998265931383e-16	2.957834693272139e+05	3.094616334524669e+04	8.534704998557492e-03	3.994349392006305e+04	9.279796654788357e+03	1.153223453311727e+04	1.139410508576651e-17	-inf	
10	7.999999999999999e-01	2.000000000000000e-01	2.567026826127694e-03	5.967678172429798e-03	2.191882231272757e-16	-5.752553988713764e-17	2.957834693272139e+05	3.094616334524669e+04	8.534704998557492e-03	3.994349392006305e+04	9.279796654788357e+03	1.153223453311727e+04	9.714199542008273e-18	-inf	
11	1.000000000000000e+00	2.000000000000000e-01	2.567026826127694e-03	5.967678172429799e-03	4.329194780439135e-16	-2.150954969692973e-16	2.957834693272139e+05	3.094616334524670e+04	8.534704998557494e-03	3.994349392006303e+04	9.279796654788350e+03	1.153223453311727e+04	2.072245800433848e-17	-inf	
12	0.000000000000000e+00	3.999999999999999e-01	2.567026826127694e-03	5.967678172429798e-03	-2.096385287586621e-16	0.000000000000000e+00	2.957834693272139e+05	3.094616334524669e+04	8.534704998557492e-03	3.994349392006305e+04	9.279796654788357e+03	1.153223453311727e+04	8.986625225899772e-18	-inf	
13	2.000000000000000e-01	3.999999999999999e-01	2.567026826127694e-03	5.967678172429798e-03	2.934063051701618e-16	0.000000000000000e+00	2.957834693272139e+05	3.094616334524669e+04	8.534704998557492e-03	3.994349392006305e+04	9.279796654788357e+03	1.153223453311727e+04	1.257751864169804e-17	-inf	
14	3.999999999999999e-01	4.000000000000001e-01	2.567026826127694e-03	5.967678172429799e-03	1.960903720804580e-16	0.000000000000000e+00	2.957834693272139e+05	3.094616334524670e+04	8.534704998557494e-03	3.994349392006303e+04	9.279796654788350e+03	1.153223453311727e+04	8.405853135532006e-18	-inf	
15	6.000000000000001e-01	4.000000000000000e-01	2.567026826127694e-03	5.967678172429799e-03	-2.546585164964198e-16	-9.094947017729280e-19	2.957834693272139e+05	3.094616334524670e+04	8.534704998557494e-03	3.994349392006303e+04	9.279796654788350e+03	1.153223453311727e+04	1.091657748696653e-17	-inf	
16	8.000000000000000e-01	4.000000000000000e-01	2.567026826127694e-03	5.967678172429798e-03	-2.225988282589243e-16	0.000000000000000e+00	2.957834693272139e+05	3.094616334524669e+04	8.534704998557492e-03	3.994349392006305e+04	9.279796654788357e+03	1.153223453311727e+04	9.542197501253568e-18	-inf	
17	1.000000000000000e+00	4.000000000000000e-01	2.567026826127694e-03	5.967678172429798e-03	0.000000000000000e+00	0.000000000000000e+00	2.957834693272139e+05	3.094616334524669e+04	8.534704998557492e-03	3.994349392006305e+04	9.279796654788357e+03	1.153223453311727e+04	0.000000000000000e+00	-inf	
18	0.000000000000000e+00	6.000000000000000e-01	2.567026826127694e-03	5.967678172429798e-03	1.346052158623937e-16	2.235083229606970e-16	2.957834693272139e+05	3.094616334524669e+04	8.534704998557492e-03	3.994349392006305e+04	9.279796654788357e+03	1.153223453311727e+04	1.118453331947322e-17	-inf	
19	2.000000000000000e-01	6.000000000000000e-01	2.567026826127694e-03	5.967678172429798e-03	-2.994703759420709e-18	1.818989403545857e-18	2.957834693272139e+05	3.094616334524669e+04	8.534704998557492e-03	3.994349392006305e+04	9.279796654788357e+03	1.153223453311727e+04	1.502004309224747e-19	-inf	
20	4.000000000000001e-01	6.000000000000002e-01	2.567026826127694e-03	5.967678172429798e-03	0.000000000000000e+00	-2.253273123642429e-16	2.957834693272139e+05	3.094616334524669e+04	8.534704998557492e-03	3.994349392006305e+04	9.279796654788357e+03	1.153223453311727e+04	9.659160085538591e-18	-inf	
21	6.000000000000000e-01	6.000000000000001e-01	2.567026826127694e-03	5.967678172429798e-03	2.994703759420647e-18	-2.225988282589242e-16	2.957834693272139e+05	3.094616334524669e+04	8.534704998557492e-03	3.994349392006305e+04	9.279796654788357e+03	1.153223453311727e+04	9.543060998075577e-18	-inf	
22	8.000000000000000e-01	6.000000000000001e-01	2.567026826127694e-03	5.967678172429798e-03	2.235083229606971e-16	-9.094947017729286e-19	2.957834693272139e+05	3.094616334524669e+04	8.534704998557492e-03	3.994349392006305e+04	9.279796654788357e+03	1.153223453311727e+04	9.581264352576868e-18	-inf	
23	1.000000000000000e+00	6.000000000000001e-01	2.567026826127694e-03	5.967678172429799e-03	5.102265276946125e-16	-9.094947017729280e-19	2.957834693272139e+05	3.094616334524670e+04	8.534704998557494e-03	3.994349392006303e+04	9.279796654788350e+03	1.153223453311727e+04	2.187203800951521e-17	-inf	
24	0.000000000000000e+00	8.000000000000000e-01	2.567026826127694e-03	5.967678172429799e-03	-4.220055416226385e-16	0.000000000000000e+00	2.957834693272139e+05	3.094616334524670e+04	8.534704998557494e-03	3.994349392006303e+04	9.279796654788350e+03	1.153223453311727e+04	1.809021303608438e-17	-inf	
25	2.000000000000000e-01	8.000000000000000e-01	2.567026826127694e-03	5.967678172429798e-03	-2.225988282589242e-16	8.049028110690464e-17	2.957834693272139e+05	3.094616334524669e+04	8.534704998557492e-03	3.994349392006305e+04	9.279796654788357e+03	1.153223453311727e+04	1.014685997445272e-17	-inf	
26	3.999999999999999e-01	8.000000000000000e-01	2.567026826127694e-03	5.967678172429798e-03	-9.094947017729284e-19	0.000000000000000e+00	2.957834693272139e+05	3.094616334524669e+04	8.534704998557492e-03	3.994349392006305e+04	9.279796654788357e+03	1.153223453311727e+04	3.898752809500946e-20	-inf	
27	6.000000000000000e-01	8.000000000000000e-01	2.567026826127694e-03	5.967678172429798e-03	0.000000000000000e+00	-6.684786058031038e-17	2.957834693272139e+05	3.094616334524669e+04	8.534704998557492e-03	3.994349392006305e+04	9.279796654788357e+03	1.153223453311727e+04	2.865583314983202e-18	-inf	
28	8.000000000000000e-01	8.000000000000000e-01	2.567026826127694e-03	5.967678172429798e-03	0.000000000000000e+00	2.250999386887997e-16	2.957834693272139e+05	3.094616334524669e+04	8.534704998557492e-03	3.994349392006305e+04	9.279796654788357e+03	1.153223453311727e+04	9.649413203514840e-18	-inf	
29	1.000000000000000e+00	8.000000000000000e-01	2.567026826127694e-03	5.967678172429798e-03	-8.822098607197387e-17	-2.205524651799350e-16	2.957834693272139e+05	3.094616334524669e+04	8.534704998557492e-03	3.994349392006305e+04	9.279796654788357e+03	1.153223453311727e+04	1.018278181439901e-17	-inf	
30	0.000000000000000e+00	1.000000000000000e+00	2.567026826127694e-03	5.967678172429798e-03	1.818989403545857e-18	-4.488356353249399e-16	2.957834693272139e+05	3.094616334524669e+04	8.534704998557492e-03	3.994349392006305e+04	9.279796654788357e+03	1.153223453311727e+04	1.924050311840494e-17	-inf	
31	2.000000000000000e-01	1.000000000000000e+00	2.567026826127694e-03	5.967678172429798e-03	0.000000000000000e+00	0.000000000000000e+00	2.957834693272139e+05	3.094616334524669e+04	8.534704998557492e-03	3.994349392006305e+04	9.279796654788357e+03	1.153223453311727e+04	0.000000000000000e+00	-inf	
32	3.999999999999999e-01	1.000000000000000e+00	2.567026826127694e-03	5.967678172429798e-03	0.000000000000000e+00	0.000000000000000e+00	2.957834693272139e+05	3.094616334524669e+04	8.534704998557492e-03	3.994349392006305e+04	9.279796654788357e+03	1.153223453311727e+04	0.000000000000000e+00	-inf	
33	6.000000000000000e-01	1.000000000000000e+00	2.567026826127694e-03	5.967678172429798e-03	2.248725650133565e-16	-8.731149137020095e-17	2.957834693272139e+05	3.094616334524669e+04	8.534704998557492e-03	3.994349392006305e+04	9.279796654788357e+03	1.153223453311727e+04	1.034078037767291e-17	-inf	
34	8.000000000000000e-01	1.000000000000000e+00	2.567026826127694e-03	5.967678172429799e-03	0.000000000000000e+00	4.156390787102284e-16	2.957834693272139e+05	3.094616334524670e+04	8.534704998557494e-03	3.994349392006303e+04	9.279796654788350e+03	1.153223453311727e+04	1.781730033941933e-17	-inf	
35	1.000000000000000e+00	1.000000000000000e+00	2.567026826127694e-03	5.967678172429798e-03	-4.479261406231671e-16	-1.364242052659391e-17	2.957834693272139e+05	3.094616334524669e+04	8.534704998557492e-03	3.994349392006305e+04	9.279796654788357e+03	1.153223453311727e+04	1.921026130298405e-17	-inf	
EXT_ITER= 795
AOA= 0.000000000000000e+00
SIDESLIP_ANGLE= 0.000000000000000e+00
INITIAL_BCTHRUST= 4.000000000000000e+03
DCD_DCL_VALUE= 0.000000000000000e+00
DCMX_DCL_VALUE= 0.000000000000000e+00
DCMY_DCL_VALUE= 0.000000000000000e+00
DCMZ_DCL_VALUE= 0.000000000000000e+00
