"PointID"	"x"	"y"	"Density[0]"	"Density[1]"	"Momentum_x"	"Momentum_y"	"Energy"	"Electronic_Energy"	"Total_Density"	"Pressure"	"Temperature"	"Tve"	"Mach"	"C<sub>p</sub>"
0	0.000000000000000e+00	0.000000000000000e+00	2.155290565369005e-03	6.379414433188482e-03	0.000000000000000e+00	0.000000000000000e+00	2.957834693272139e+05	1.937375125386476e+04	8.534704998557487e-03	3.935808798463345e+04	8.891359298242882e+03	9.347824666461762e+03	0.000000000000000e+00	-inf	
1	2.000000000000000e-01	0.000000000000000e+00	2.155290565369005e-03	6.379414433188482e-03	0.000000000000000e+00	6.580194167327034e-16	2.957834693272139e+05	1.937375125386476e+04	8.534704998557487e-03	3.935808798463345e+04	8.891359298242882e+03	9.347824666461762e+03	2.831218547154379e-17	-inf	
2	4.000000000000000e-01	0.000000000000000e+00	2.155290565369005e-03	6.379414433188482e-03	0.000000000000000e+00	-5.238689482212078e-16	2.957834693272139e+05	1.937375125386476e+04	8.534704998557487e-03	3.935808798463345e+04	8.891359298242882e+03	9.347824666461762e+03	2.254017806718661e-17	-inf	
3	6.000000000000001e-01	0.000000000000000e+00	2.155290565369005e-03	6.379414433188482e-03	0.000000000000000e+00	-1.346052158623937e-16	2.957834693272139e+05	1.937375125386476e+04	8.534704998557487e-03	3.935808798463345e+04	8.891359298242882e+03	9.347824666461762e+03	5.791573531152119e-18	-inf	
4	8.000000000000000e-01	0.000000000000000e+00	2.155290565369005e-03	6.379414433188482e-03	1.905391400214278e-16	0.000000000000000e+00	2.957834693272139e+05	1.937375125386476e+04	8.534704998557487e-03	3.935808798463345e+04	8.891359298242882e+03	9.347824666461762e+03	8.198207126867307e-18	-inf	
5	1.000000000000000e+00	0.000000000000000e+00	2.155290565369005e-03	6.379414433188482e-03	3.210516297258414e-16	2.328306436538723e-16	2.957834693272139e+05	1.937375125386476e+04	8.534704998557487e-03	3.935808798463349e+04	8.891359298242893e+03	9.347824666461762e+03	1.706386136850360e-17	-inf	
6	0.000000000000000e+00	2.000000000000000e-01	2.155290565369005e-03	6.379414433188482e-03	0.000000000000000e+00	0.000000000000000e+00	2.957834693272139e+05	1.937375125386476e+04	8.534704998557487e-03	3.935808798463345e+04	8.891359298242882e+03	9.347824666461762e+03	0.000000000000000e+00	-inf	
7	2.000000000000000e-01	2.000000000000000e-01	2.155290565369005e-03	6.379414433188482e-03	-2.735305315582078e-16	-1.818989403545857e-18	2.957834693272139e+05	1.937375125386476e+04	8.534704998557487e-03	3.935808798463345e+04	8.891359298242882e+03	9.347824666461762e+03	1.176928549508712e-17	-inf	
8	4.000000000000000e-01	2.000000000000000e-01	2.155290565369005e-03	6.379414433188482e-03	-3.281002136645788e-16	1.923581294249736e-16	2.957834693272139e+05	1.937375125386476e+04	8.534704998557487e-03	3.935808798463345e+04	8.891359298242882e+03	9.347824666461762e+03	1.636424626937244e-17	-inf	
9	5.999999999999999e-01	2.000000000000000e-01	2.155290565369005e-03	6.379414433188482e-03	0.000000000000000e+00	2.626165951369332e-16	2.957834693272139e+05	1.937375125386476e+04	8.534704998557487e-03	3.935808798463345e+04	8.891359298242882e+03	9.347824666461762e+03	1.129943822378494e-17	-inf	
10	7.999999999999999e-01	2.000000000000000e-01	2.155290565369005e-03	6.379414433188482e-03	1.789430825738239e-16	-1.459738996345571e-16	2.957834693272139e+05	1.937375125386476e+04	8.534704998557487e-03	3.935808798463345e+04	8.891359298242882e+03	9.347824666461762e+03	9.936110918563527e-18	-inf	
11	1.000000000000000e+00	2.000000000000000e-01	2.155290565369005e-03	6.379414433188482e-03	3.269633452873666e-16	-1.587068254593751e-16	2.957834693272139e+05	1.937375125386476e+04	8.534704998557487e-03	3.935808798463349e+04	8.891359298242893e+03	9.347824666461762e+03	1.563775481658303e-17	-inf	
12	0.000000000000000e+00	3.999999999999999e-01	2.155290565369005e-03	6.379414433188482e-03	-7.330527296289637e-16	0.000000000000000e+00	2.957834693272139e+05	1.937375125386476e+04	8.534704998557487e-03	3.935808798463345e+04	8.891359298242882e+03	9.347824666461762e+03	3.154059639262494e-17	-inf	
13	2.000000000000000e-01	3.999999999999999e-01	2.155290565369005e-03	6.379414433188482e-03	3.291453085351357e-16	0.000000000000000e+00	2.957834693272139e+05	1.937375125386476e+04	8.534704998557487e-03	3.935808798463345e+04	8.891359298242882e+03	9.347824666461762e+03	1.416192711851344e-17	-inf	
14	3.999999999999999e-01	4.000000000000001e-01	2.155290565369005e-03	6.379414433188482e-03	1.392882895400361e-16	0.000000000000000e+00	2.957834693272139e+05	1.937375125386476e+04	8.534704998557487e-03	3.935808798463349e+04	8.891359298242893e+03	9.347824666461762e+03	5.993069181837713e-18	-inf	
15	6.000000000000001e-01	4.000000000000000e-01	2.155290565369005e-03	6.379414433188482e-03	-2.121396391885366e-16	-9.094947017729280e-19	2.957834693272139e+05	1.937375125386476e+04	8.534704998557487e-03	3.935808798463349e+04	8.891359298242893e+03	9.347824666461762e+03	9.127682034005451e-18	-inf	
16	8.000000000000000e-01	4.000000000000000e-01	2.155290565369005e-03	6.379414433188482e-03	-1.946318661794063e-16	0.000000000000000e+00	2.957834693272139e+05	1.937375125386476e+04	8.534704998557487e-03	3.935808798463345e+04	8.891359298242882e+03	9.347824666461762e+03	8.374302268017216e-18	-inf	
17	1.000000000000000e+00	4.000000000000000e-01	2.155290565369005e-03	6.379414433188482e-03	0.000000000000000e+00	0.000000000000000e+00	2.957834693272139e+05	1.937375125386476e+04	8.534704998557487e-03	3.935808798463345e+04	8.891359298242882e+03	9.347824666461762e+03	0.000000000000000e+00	-inf	
18	0.000000000000000e+00	6.000000000000000e-01	2.155290565369005e-03	6.379414433188482e-03	5.238689482212078e-16	1.905391400214277e-16	2.957834693272139e+05	1.937375125386476e+04	8.534704998557487e-03	3.935808798463345e+04	8.891359298242882e+03	9.347824666461762e+03	2.398479158540883e-17	-inf	
19	2.000000000000000e-01	6.000000000000000e-01	2.155290565369005e-03	6.379414433188482e-03	-1.973768310144642e-17	1.818989403545857e-18	2.957834693272139e+05	1.937375125386476e+04	8.534704998557487e-03	3.935808798463345e+04	8.891359298242882e+03	9.347824666461762e+03	8.528395466622168e-19	-inf	
20	4.000000000000001e-01	6.000000000000002e-01	2.155290565369005e-03	6.379414433188482e-03	0.000000000000000e+00	-1.923581294249738e-16	2.957834693272139e+05	1.937375125386476e+04	8.534704998557487e-03	3.935808798463345e+04	8.891359298242882e+03	9.347824666461762e+03	8.276471634045044e-18	-inf	
21	6.000000000000000e-01	6.000000000000001e-01	2.155290565369005e-03	6.379414433188482e-03	1.973768310144657e-17	-1.971329766092820e-16	2.957834693272139e+05	1.937375125386476e+04	8.534704998557487e-03	3.935808798463345e+04	8.891359298242882e+03	9.347824666461762e+03	8.524324513012596e-18	-inf	
22	8.000000000000000e-01	6.000000000000001e-01	2.155290565369005e-03	6.379414433188482e-03	1.955413608811790e-16	-9.094947017729286e-19	2.957834693272139e+05	1.937375125386476e+04	8.534704998557487e-03	3.935808798463345e+04	8.891359298242882e+03	9.347824666461762e+03	8.413525526354797e-18	-inf	
23	1.000000000000000e+00	6.000000000000001e-01	2.155290565369005e-03	6.379414433188482e-03	4.251887730788462e-16	-9.094947017729280e-19	2.957834693272139e+05	1.937375125386476e+04	8.534704998557487e-03	3.935808798463349e+04	8.891359298242893e+03	9.347824666461762e+03	1.829437040542450e-17	-inf	
24	0.000000000000000e+00	8.000000000000000e-01	2.155290565369005e-03	6.379414433188482e-03	-2.874003257602465e-16	0.000000000000000e+00	2.957834693272139e+05	1.937375125386476e+04	8.534704998557487e-03	3.935808798463349e+04	8.891359298242893e+03	9.347824666461762e+03	1.236579213408156e-17	-inf	
25	2.000000000000000e-01	8.000000000000000e-01	2.155290565369005e-03	6.379414433188482e-03	-1.971329766092820e-16	2.726210368564349e-16	2.957834693272139e+05	1.937375125386476e+04	8.534704998557487e-03	3.935808798463345e+04	8.891359298242882e+03	9.347824666461762e+03	1.447526471421035e-17	-inf	
26	3.999999999999999e-01	8.000000000000000e-01	2.155290565369005e-03	6.379414433188482e-03	-9.094947017729284e-19	0.000000000000000e+00	2.957834693272139e+05	1.937375125386476e+04	8.534704998557487e-03	3.935808798463345e+04	8.891359298242882e+03	9.347824666461762e+03	3.913225358886557e-20	-inf	
27	6.000000000000000e-01	8.000000000000000e-01	2.155290565369005e-03	6.379414433188482e-03	0.000000000000000e+00	-2.721662895055485e-16	2.957834693272139e+05	1.937375125386476e+04	8.534704998557487e-03	3.935808798463345e+04	8.891359298242882e+03	9.347824666461762e+03	1.171032688646801e-17	-inf	
28	8.000000000000000e-01	8.000000000000000e-01	2.155290565369005e-03	6.379414433188482e-03	0.000000000000000e+00	1.884927769424383e-16	2.957834693272139e+05	1.937375125386476e+04	8.534704998557487e-03	3.935808798463345e+04	8.891359298242882e+03	9.347824666461762e+03	8.110159556292341e-18	-inf	
29	1.000000000000000e+00	8.000000000000000e-01	2.155290565369005e-03	6.379414433188482e-03	-1.327862264588478e-16	-1.793978299247109e-16	2.957834693272139e+05	1.937375125386476e+04	8.534704998557487e-03	3.935808798463345e+04	8.891359298242882e+03	9.347824666461762e+03	9.603246583889368e-18	-inf	
30	0.000000000000000e+00	1.000000000000000e+00	2.155290565369005e-03	6.379414433188482e-03	1.818989403545857e-18	-3.828972694464017e-16	2.957834693272139e+05	1.937375125386476e+04	8.534704998557487e-03	3.935808798463345e+04	8.891359298242882e+03	9.347824666461762e+03	1.647486466130574e-17	-inf	
31	2.000000000000000e-01	1.000000000000000e+00	2.155290565369005e-03	6.379414433188482e-03	0.000000000000000e+00	0.000000000000000e+00	2.957834693272139e+05	1.937375125386476e+04	8.534704998557487e-03	3.935808798463345e+04	8.891359298242882e+03	9.347824666461762e+03	0.000000000000000e+00	-inf	
32	3.999999999999999e-01	1.000000000000000e+00	2.155290565369005e-03	6.379414433188482e-03	0.000000000000000e+00	0.000000000000000e+00	2.957834693272139e+05	1.937375125386476e+04	8.534704998557487e-03	3.935808798463345e+04	8.891359298242882e+03	9.347824666461762e+03	0.000000000000000e+00	-inf	
33	6.000000000000000e-01	1.000000000000000e+00	2.155290565369005e-03	6.379414433188482e-03	1.969056029338382e-16	-1.105036062654106e-16	2.957834693272139e+05	1.937375125386476e+04	8.534704998557487e-03	3.935808798463345e+04	8.891359298242882e+03	9.347824666461762e+03	9.715089319607568e-18	-inf	
34	8.000000000000000e-01	1.000000000000000e+00	2.155290565369005e-03	6.379414433188482e-03	0.000000000000000e+00	5.247784429229791e-16	2.957834693272139e+05	1.937375125386476e+04	8.534704998557487e-03	3.935808798463349e+04	8.891359298242893e+03	9.347824666461762e+03	2.257931032077540e-17	-inf	
35	1.000000000000000e+00	1.000000000000000e+00	2.155290565369005e-03	6.379414433188482e-03	-3.919922164641304e-16	-2.319211489520993e-16	2.957834693272139e+05	1.937375125386476e+04	8.534704998557487e-03	3.935808798463345e+04	8.891359298242882e+03	9.347824666461762e+03	1.959686060793365e-17	-inf	
EXT_ITER= 2900
AOA= 0.000000000000000e+00
SIDESLIP_ANGLE= 0.000000000000000e+00
INITIAL_BCTHRUST= 4.000000000000000e+03
DCD_DCL_VALUE= 0.000000000000000e+00
DCMX_DCL_VALUE= 0.000000000000000e+00
DCMY_DCL_VALUE= 0.000000000000000e+00
DCMZ_DCL_VALUE= 0.000000000000000e+00
