"PointID"	"x"	"y"	"Density[0]"	"Density[1]"	"Momentum_x"	"Momentum_y"	"Energy"	"Electronic_Energy"	"Total_Density"	"Pressure"	"Temperature"	"Tve"	"Mach"	"C<sub>p</sub>"
0	0.000000000000000e+00	0.000000000000000e+00	1.975443770585508e-03	6.559261227971971e-03	0.000000000000000e+00	0.000000000000000e+00	2.957834693272139e+05	1.601186985187068e+04	8.534704998557480e-03	3.804365860630405e+04	8.492013708520650e+03	8.679154878228230e+03	0.000000000000000e+00	-inf	
1	2.000000000000000e-01	0.000000000000000e+00	1.975443770585508e-03	6.559261227971971e-03	0.000000000000000e+00	1.149146555690100e-15	2.957834693272139e+05	1.601186985187068e+04	8.534704998557480e-03	3.804365860630405e+04	8.492013708520650e+03	8.679154878228230e+03	5.021118157297145e-17	-inf	
2	4.000000000000000e-01	0.000000000000000e+00	1.975443770585508e-03	6.559261227971971e-03	0.000000000000000e+00	-8.617462299298222e-16	2.957834693272139e+05	1.601186985187068e+04	8.534704998557480e-03	3.804365860630405e+04	8.492013708520650e+03	8.679154878228230e+03	3.765341871024039e-17	-inf	
3	6.000000000000001e-01	0.000000000000000e+00	1.975443770585508e-03	6.559261227971971e-03	0.000000000000000e+00	-6.093614501878558e-16	2.957834693272139e+05	1.601186985187068e+04	8.534704998557480e-03	3.804365860630405e+04	8.492013708520650e+03	8.679154878228230e+03	2.662563644945817e-17	-inf	
4	8.000000000000000e-01	0.000000000000000e+00	1.975443770585508e-03	6.559261227971971e-03	1.134594640461723e-16	0.000000000000000e+00	2.957834693272139e+05	1.601186985187068e+04	8.534704998557480e-03	3.804365860630405e+04	8.492013708520650e+03	8.679154878228230e+03	4.957534547865560e-18	-inf	
5	1.000000000000000e+00	0.000000000000000e+00	1.975443770585509e-03	6.559261227971971e-03	1.659827830735567e-16	8.913048077374678e-17	2.957834693272139e+05	1.601186985187068e+04	8.534704998557480e-03	3.804365860630402e+04	8.492013708520642e+03	8.679154878228230e+03	8.232006742754122e-18	-inf	
6	0.000000000000000e+00	2.000000000000000e-01	1.975443770585508e-03	6.559261227971971e-03	0.000000000000000e+00	0.000000000000000e+00	2.957834693272139e+05	1.601186985187068e+04	8.534704998557480e-03	3.804365860630405e+04	8.492013708520650e+03	8.679154878228230e+03	0.000000000000000e+00	-inf	
7	2.000000000000000e-01	2.000000000000000e-01	1.975443770585508e-03	6.559261227971971e-03	-4.586127033689863e-16	-1.818989403545857e-18	2.957834693272139e+05	1.601186985187068e+04	8.534704998557480e-03	3.804365860630405e+04	8.492013708520650e+03	8.679154878228230e+03	2.003892952854900e-17	-inf	
8	4.000000000000000e-01	2.000000000000000e-01	1.975443770585508e-03	6.559261227971971e-03	-5.736637831432769e-16	1.152784534497182e-16	2.957834693272139e+05	1.601186985187068e+04	8.534704998557480e-03	3.804365860630405e+04	8.492013708520650e+03	8.679154878228230e+03	2.556693956117827e-17	-inf	
9	5.999999999999999e-01	2.000000000000000e-01	1.975443770585508e-03	6.559261227971971e-03	0.000000000000000e+00	4.206412995699901e-16	2.957834693272139e+05	1.601186985187068e+04	8.534704998557480e-03	3.804365860630405e+04	8.492013708520650e+03	8.679154878228230e+03	1.837963710130573e-17	-inf	
10	7.999999999999999e-01	2.000000000000000e-01	1.975443770585508e-03	6.559261227971971e-03	1.018634065985684e-16	-3.039986040675983e-16	2.957834693272139e+05	1.601186985187068e+04	8.534704998557480e-03	3.804365860630405e+04	8.492013708520650e+03	8.679154878228230e+03	1.400887342347303e-17	-inf	
11	1.000000000000000e+00	2.000000000000000e-01	1.975443770585509e-03	6.559261227971971e-03	1.755324774421746e-16	-8.230927051044917e-17	2.957834693272139e+05	1.601186985187068e+04	8.534704998557480e-03	3.804365860630402e+04	8.492013708520642e+03	8.679154878228230e+03	8.471118799009829e-18	-inf	
12	0.000000000000000e+00	3.999999999999999e-01	1.975443770585508e-03	6.559261227971971e-03	-1.270564098376803e-15	0.000000000000000e+00	2.957834693272139e+05	1.601186985187068e+04	8.534704998557480e-03	3.804365860630405e+04	8.492013708520650e+03	8.679154878228230e+03	5.551643898491653e-17	-inf	
13	2.000000000000000e-01	3.999999999999999e-01	1.975443770585508e-03	6.559261227971971e-03	4.042443996952459e-16	0.000000000000000e+00	2.957834693272139e+05	1.601186985187068e+04	8.534704998557480e-03	3.804365860630405e+04	8.492013708520650e+03	8.679154878228230e+03	1.766318565064617e-17	-inf	
14	3.999999999999999e-01	4.000000000000001e-01	1.975443770585509e-03	6.559261227971971e-03	1.009279166539732e-16	0.000000000000000e+00	2.957834693272139e+05	1.601186985187068e+04	8.534704998557480e-03	3.804365860630402e+04	8.492013708520642e+03	8.679154878228230e+03	4.409977059758977e-18	-inf	
15	6.000000000000001e-01	4.000000000000000e-01	1.975443770585509e-03	6.559261227971971e-03	-3.760760591831155e-16	-9.094947017729280e-19	2.957834693272139e+05	1.601186985187068e+04	8.534704998557480e-03	3.804365860630402e+04	8.492013708520642e+03	8.679154878228230e+03	1.643243711530362e-17	-inf	
16	8.000000000000000e-01	4.000000000000000e-01	1.975443770585508e-03	6.559261227971971e-03	-1.239186531165615e-16	0.000000000000000e+00	2.957834693272139e+05	1.601186985187068e+04	8.534704998557480e-03	3.804365860630405e+04	8.492013708520650e+03	8.679154878228230e+03	5.414541740654793e-18	-inf	
17	1.000000000000000e+00	4.000000000000000e-01	1.975443770585508e-03	6.559261227971971e-03	0.000000000000000e+00	0.000000000000000e+00	2.957834693272139e+05	1.601186985187068e+04	8.534704998557480e-03	3.804365860630405e+04	8.492013708520650e+03	8.679154878228230e+03	0.000000000000000e+00	-inf	
18	0.000000000000000e+00	6.000000000000000e-01	1.975443770585508e-03	6.559261227971971e-03	8.617462299298222e-16	1.134594640461723e-16	2.957834693272139e+05	1.601186985187068e+04	8.534704998557480e-03	3.804365860630405e+04	8.492013708520650e+03	8.679154878228230e+03	3.797837660250845e-17	-inf	
19	2.000000000000000e-01	6.000000000000000e-01	1.975443770585508e-03	6.559261227971971e-03	1.518204576905516e-17	1.818989403545857e-18	2.957834693272139e+05	1.601186985187068e+04	8.534704998557480e-03	3.804365860630405e+04	8.492013708520650e+03	8.679154878228230e+03	6.681135514723302e-19	-inf	
20	4.000000000000001e-01	6.000000000000002e-01	1.975443770585508e-03	6.559261227971971e-03	0.000000000000000e+00	-1.152784534497183e-16	2.957834693272139e+05	1.601186985187068e+04	8.534704998557480e-03	3.804365860630405e+04	8.492013708520650e+03	8.679154878228230e+03	5.037014059654995e-18	-inf	
21	6.000000000000000e-01	6.000000000000001e-01	1.975443770585508e-03	6.559261227971971e-03	-1.518204576905478e-17	-1.177795638795943e-16	2.957834693272139e+05	1.601186985187068e+04	8.534704998557480e-03	3.804365860630405e+04	8.492013708520650e+03	8.679154878228230e+03	5.188877125829803e-18	-inf	
22	8.000000000000000e-01	6.000000000000001e-01	1.975443770585508e-03	6.559261227971971e-03	1.248281478183342e-16	-9.094947017729286e-19	2.957834693272139e+05	1.601186985187068e+04	8.534704998557480e-03	3.804365860630405e+04	8.492013708520650e+03	8.679154878228230e+03	5.454426266052261e-18	-inf	
23	1.000000000000000e+00	6.000000000000001e-01	1.975443770585509e-03	6.559261227971971e-03	7.530616130680040e-16	-9.094947017729280e-19	2.957834693272139e+05	1.601186985187068e+04	8.534704998557480e-03	3.804365860630402e+04	8.492013708520642e+03	8.679154878228230e+03	3.290454187825250e-17	-inf	
24	0.000000000000000e+00	8.000000000000000e-01	1.975443770585509e-03	6.559261227971971e-03	-1.577973307576041e-16	0.000000000000000e+00	2.957834693272139e+05	1.601186985187068e+04	8.534704998557480e-03	3.804365860630402e+04	8.492013708520642e+03	8.679154878228230e+03	6.894847647732940e-18	-inf	
25	2.000000000000000e-01	8.000000000000000e-01	1.975443770585508e-03	6.559261227971971e-03	-1.177795638795943e-16	4.577032086672131e-16	2.957834693272139e+05	1.601186985187068e+04	8.534704998557480e-03	3.804365860630405e+04	8.492013708520650e+03	8.679154878228230e+03	2.065056111100593e-17	-inf	
26	3.999999999999999e-01	8.000000000000000e-01	1.975443770585508e-03	6.559261227971971e-03	-9.094947017729284e-19	0.000000000000000e+00	2.957834693272139e+05	1.601186985187068e+04	8.534704998557480e-03	3.804365860630405e+04	8.492013708520650e+03	8.679154878228230e+03	3.973975589471409e-20	-inf	
27	6.000000000000000e-01	8.000000000000000e-01	1.975443770585508e-03	6.559261227971971e-03	0.000000000000000e+00	-5.509264155989506e-16	2.957834693272139e+05	1.601186985187068e+04	8.534704998557480e-03	3.804365860630405e+04	8.492013708520650e+03	8.679154878228230e+03	2.407235713322302e-17	-inf	
28	8.000000000000000e-01	8.000000000000000e-01	1.975443770585508e-03	6.559261227971971e-03	0.000000000000000e+00	1.132320903707288e-16	2.957834693272139e+05	1.601186985187068e+04	8.534704998557480e-03	3.804365860630405e+04	8.492013708520650e+03	8.679154878228230e+03	4.947599608891867e-18	-inf	
29	1.000000000000000e+00	8.000000000000000e-01	1.975443770585508e-03	6.559261227971971e-03	-6.075424607843101e-16	-1.002717908704664e-16	2.957834693272139e+05	1.601186985187068e+04	8.534704998557480e-03	3.804365860630405e+04	8.492013708520650e+03	8.679154878228230e+03	2.690528402964717e-17	-inf	
30	0.000000000000000e+00	1.000000000000000e+00	1.975443770585508e-03	6.559261227971971e-03	1.818989403545857e-18	-2.287379174958908e-16	2.957834693272139e+05	1.601186985187068e+04	8.534704998557480e-03	3.804365860630405e+04	8.492013708520650e+03	8.679154878228230e+03	9.994864624440166e-18	-inf	
31	2.000000000000000e-01	1.000000000000000e+00	1.975443770585508e-03	6.559261227971971e-03	0.000000000000000e+00	0.000000000000000e+00	2.957834693272139e+05	1.601186985187068e+04	8.534704998557480e-03	3.804365860630405e+04	8.492013708520650e+03	8.679154878228230e+03	0.000000000000000e+00	-inf	
32	3.999999999999999e-01	1.000000000000000e+00	1.975443770585508e-03	6.559261227971971e-03	0.000000000000000e+00	0.000000000000000e+00	2.957834693272139e+05	1.601186985187068e+04	8.534704998557480e-03	3.804365860630405e+04	8.492013708520650e+03	8.679154878228230e+03	0.000000000000000e+00	-inf	
33	6.000000000000000e-01	1.000000000000000e+00	1.975443770585508e-03	6.559261227971971e-03	1.261923898709935e-16	-3.656168701127231e-16	2.957834693272139e+05	1.601186985187068e+04	8.534704998557480e-03	3.804365860630405e+04	8.492013708520650e+03	8.679154878228230e+03	1.690017222633431e-17	-inf	
34	8.000000000000000e-01	1.000000000000000e+00	1.975443770585509e-03	6.559261227971971e-03	0.000000000000000e+00	2.178239810746115e-16	2.957834693272139e+05	1.601186985187068e+04	8.534704998557480e-03	3.804365860630402e+04	8.492013708520642e+03	8.679154878228230e+03	9.517671536783814e-18	-inf	
35	1.000000000000000e+00	1.000000000000000e+00	1.975443770585508e-03	6.559261227971971e-03	-2.505657903384409e-16	-1.177795638795941e-16	2.957834693272139e+05	1.601186985187068e+04	8.534704998557480e-03	3.804365860630405e+04	8.492013708520650e+03	8.679154878228230e+03	1.209750884214249e-17	-inf	
EXT_ITER= 5922
AOA= 0.000000000000000e+00
SIDESLIP_ANGLE= 0.000000000000000e+00
INITIAL_BCTHRUST= 4.000000000000000e+03
DCD_DCL_VALUE= 0.000000000000000e+00
DCMX_DCL_VALUE= 0.000000000000000e+00
DCMY_DCL_VALUE= 0.000000000000000e+00
DCMZ_DCL_VALUE= 0.000000000000000e+00
