"PointID"	"x"	"y"	"Density[0]"	"Density[1]"	"Momentum_x"	"Momentum_y"	"Energy"	"Electronic_Energy"	"Total_Density"	"Pressure"	"Temperature"	"Tve"	"Mach"	"C<sub>p</sub>"
0	0.000000000000000e+00	0.000000000000000e+00	1.977689079200795e-03	6.557015919356686e-03	0.000000000000000e+00	0.000000000000000e+00	2.957834693272139e+05	1.604889374044468e+04	8.534704998557480e-03	3.806328439506080e+04	8.497658602144387e+03	8.686678419882845e+03	0.000000000000000e+00	-inf	
1	2.000000000000000e-01	0.000000000000000e+00	1.977689079200795e-03	6.557015919356686e-03	0.000000000000000e+00	1.145963324233894e-15	2.957834693272139e+05	1.604889374044468e+04	8.534704998557480e-03	3.806328439506080e+04	8.497658602144387e+03	8.686678419882845e+03	5.006016335520929e-17	-inf	
2	4.000000000000000e-01	0.000000000000000e+00	1.977689079200795e-03	6.557015919356686e-03	0.000000000000000e+00	-8.571987564209579e-16	2.957834693272139e+05	1.604889374044468e+04	8.534704998557480e-03	3.806328439506080e+04	8.497658602144387e+03	8.686678419882845e+03	3.744579679546276e-17	-inf	
3	6.000000000000001e-01	0.000000000000000e+00	1.977689079200795e-03	6.557015919356686e-03	0.000000000000000e+00	-5.989022611174680e-16	2.957834693272139e+05	1.604889374044468e+04	8.534704998557480e-03	3.806328439506080e+04	8.497658602144387e+03	8.686678419882845e+03	2.616239489635309e-17	-inf	
4	8.000000000000000e-01	0.000000000000000e+00	1.977689079200795e-03	6.557015919356686e-03	1.066382537828753e-16	0.000000000000000e+00	2.957834693272139e+05	1.604889374044468e+04	8.534704998557480e-03	3.806328439506080e+04	8.497658602144387e+03	8.686678419882845e+03	4.658376312220824e-18	-inf	
5	1.000000000000000e+00	0.000000000000000e+00	1.977689079200796e-03	6.557015919356686e-03	1.491571310907575e-16	9.504219633527080e-17	2.957834693272139e+05	1.604889374044468e+04	8.534704998557480e-03	3.806328439506079e+04	8.497658602144385e+03	8.686678419882845e+03	7.726111075196593e-18	-inf	
6	0.000000000000000e+00	2.000000000000000e-01	1.977689079200795e-03	6.557015919356686e-03	0.000000000000000e+00	0.000000000000000e+00	2.957834693272139e+05	1.604889374044468e+04	8.534704998557480e-03	3.806328439506080e+04	8.497658602144387e+03	8.686678419882845e+03	0.000000000000000e+00	-inf	
7	2.000000000000000e-01	2.000000000000000e-01	1.977689079200795e-03	6.557015919356686e-03	-4.547473508864508e-16	-1.818989403545857e-18	2.957834693272139e+05	1.604889374044468e+04	8.534704998557480e-03	3.806328439506080e+04	8.497658602144387e+03	8.686678419882845e+03	1.986530310909229e-17	-inf	
8	4.000000000000000e-01	2.000000000000000e-01	1.977689079200795e-03	6.557015919356686e-03	-5.720721674151740e-16	1.084572431864211e-16	2.957834693272139e+05	1.604889374044468e+04	8.534704998557480e-03	3.806328439506080e+04	8.497658602144387e+03	8.686678419882845e+03	2.543550197939089e-17	-inf	
9	5.999999999999999e-01	2.000000000000000e-01	1.977689079200795e-03	6.557015919356686e-03	0.000000000000000e+00	4.079083737451688e-16	2.957834693272139e+05	1.604889374044468e+04	8.534704998557480e-03	3.806328439506080e+04	8.497658602144387e+03	8.686678419882845e+03	1.781903433715226e-17	-inf	
10	7.999999999999999e-01	2.000000000000000e-01	1.977689079200795e-03	6.557015919356686e-03	9.617906471248755e-17	-3.017248673131661e-16	2.957834693272139e+05	1.604889374044468e+04	8.534704998557480e-03	3.806328439506080e+04	8.497658602144387e+03	8.686678419882845e+03	1.383396574961743e-17	-inf	
11	1.000000000000000e+00	2.000000000000000e-01	1.977689079200796e-03	6.557015919356686e-03	1.618900569155805e-16	-7.389644451904959e-17	2.957834693272139e+05	1.604889374044468e+04	8.534704998557480e-03	3.806328439506079e+04	8.497658602144385e+03	8.686678419882845e+03	7.773905078095161e-18	-inf	
12	0.000000000000000e+00	3.999999999999999e-01	1.977689079200795e-03	6.557015919356686e-03	-1.270564098376802e-15	0.000000000000000e+00	2.957834693272139e+05	1.604889374044468e+04	8.534704998557480e-03	3.806328439506080e+04	8.497658602144387e+03	8.686678419882845e+03	5.550321286287959e-17	-inf	
13	2.000000000000000e-01	3.999999999999999e-01	1.977689079200795e-03	6.557015919356686e-03	3.992572148890116e-16	0.000000000000000e+00	2.957834693272139e+05	1.604889374044468e+04	8.534704998557480e-03	3.806328439506080e+04	8.497658602144387e+03	8.686678419882845e+03	1.744111785728532e-17	-inf	
14	3.999999999999999e-01	4.000000000000001e-01	1.977689079200796e-03	6.557015919356686e-03	9.230275304064715e-17	0.000000000000000e+00	2.957834693272139e+05	1.604889374044468e+04	8.534704998557480e-03	3.806328439506079e+04	8.497658602144385e+03	8.686678419882845e+03	4.032145529997121e-18	-inf	
15	6.000000000000001e-01	4.000000000000000e-01	1.977689079200796e-03	6.557015919356686e-03	-3.633431333582943e-16	-9.094947017729280e-19	2.957834693272139e+05	1.604889374044468e+04	8.534704998557480e-03	3.806328439506079e+04	8.497658602144385e+03	8.686678419882845e+03	1.587229993161072e-17	-inf	
16	8.000000000000000e-01	4.000000000000000e-01	1.977689079200795e-03	6.557015919356686e-03	-1.170974428532644e-16	0.000000000000000e+00	2.957834693272139e+05	1.604889374044468e+04	8.534704998557480e-03	3.806328439506080e+04	8.497658602144387e+03	8.686678419882845e+03	5.115274628558067e-18	-inf	
17	1.000000000000000e+00	4.000000000000000e-01	1.977689079200795e-03	6.557015919356686e-03	0.000000000000000e+00	0.000000000000000e+00	2.957834693272139e+05	1.604889374044468e+04	8.534704998557480e-03	3.806328439506080e+04	8.497658602144387e+03	8.686678419882845e+03	0.000000000000000e+00	-inf	
18	0.000000000000000e+00	6.000000000000000e-01	1.977689079200795e-03	6.557015919356686e-03	8.571987564209579e-16	1.066382537828753e-16	2.957834693272139e+05	1.604889374044468e+04	8.534704998557480e-03	3.806328439506080e+04	8.497658602144387e+03	8.686678419882845e+03	3.773444272164821e-17	-inf	
19	2.000000000000000e-01	6.000000000000000e-01	1.977689079200795e-03	6.557015919356686e-03	1.293838112165634e-17	1.818989403545857e-18	2.957834693272139e+05	1.604889374044468e+04	8.534704998557480e-03	3.806328439506080e+04	8.497658602144387e+03	8.686678419882845e+03	5.707574252365146e-19	-inf	
20	4.000000000000001e-01	6.000000000000002e-01	1.977689079200795e-03	6.557015919356686e-03	0.000000000000000e+00	-1.084572431864213e-16	2.957834693272139e+05	1.604889374044468e+04	8.534704998557480e-03	3.806328439506080e+04	8.497658602144387e+03	8.686678419882845e+03	4.737836888975128e-18	-inf	
21	6.000000000000000e-01	6.000000000000001e-01	1.977689079200795e-03	6.557015919356686e-03	-1.293838112165598e-17	-1.102762325899676e-16	2.957834693272139e+05	1.604889374044468e+04	8.534704998557480e-03	3.806328439506080e+04	8.497658602144387e+03	8.686678419882845e+03	4.850340702314408e-18	-inf	
22	8.000000000000000e-01	6.000000000000001e-01	1.977689079200795e-03	6.557015919356686e-03	1.180069375550372e-16	-9.094947017729286e-19	2.957834693272139e+05	1.604889374044468e+04	8.534704998557480e-03	3.806328439506080e+04	8.497658602144387e+03	8.686678419882845e+03	5.155158017892440e-18	-inf	
23	1.000000000000000e+00	6.000000000000001e-01	1.977689079200796e-03	6.557015919356686e-03	7.275957614183616e-16	-9.094947017729280e-19	2.957834693272139e+05	1.604889374044468e+04	8.534704998557480e-03	3.806328439506079e+04	8.497658602144385e+03	8.686678419882845e+03	3.178425553314142e-17	-inf	
24	0.000000000000000e+00	8.000000000000000e-01	1.977689079200796e-03	6.557015919356686e-03	-1.441549102310100e-16	0.000000000000000e+00	2.957834693272139e+05	1.604889374044468e+04	8.534704998557480e-03	3.806328439506079e+04	8.497658602144385e+03	8.686678419882845e+03	6.297250707778327e-18	-inf	
25	2.000000000000000e-01	8.000000000000000e-01	1.977689079200795e-03	6.557015919356686e-03	-1.102762325899676e-16	4.538378561846777e-16	2.957834693272139e+05	1.604889374044468e+04	8.534704998557480e-03	3.806328439506080e+04	8.497658602144387e+03	8.686678419882845e+03	2.040228887128744e-17	-inf	
26	3.999999999999999e-01	8.000000000000000e-01	1.977689079200795e-03	6.557015919356686e-03	-9.094947017729284e-19	0.000000000000000e+00	2.957834693272139e+05	1.604889374044468e+04	8.534704998557480e-03	3.806328439506080e+04	8.497658602144387e+03	8.686678419882845e+03	3.973028837715008e-20	-inf	
27	6.000000000000000e-01	8.000000000000000e-01	1.977689079200795e-03	6.557015919356686e-03	0.000000000000000e+00	-5.456968210637556e-16	2.957834693272139e+05	1.604889374044468e+04	8.534704998557480e-03	3.806328439506080e+04	8.497658602144387e+03	8.686678419882845e+03	2.383817302628998e-17	-inf	
28	8.000000000000000e-01	8.000000000000000e-01	1.977689079200795e-03	6.557015919356686e-03	0.000000000000000e+00	1.064108801074318e-16	2.957834693272139e+05	1.604889374044468e+04	8.534704998557480e-03	3.806328439506080e+04	8.497658602144387e+03	8.686678419882845e+03	4.648443740126522e-18	-inf	
29	1.000000000000000e+00	8.000000000000000e-01	1.977689079200795e-03	6.557015919356686e-03	-5.970832717139223e-16	-9.345058060716939e-17	2.957834693272139e+05	1.604889374044468e+04	8.534704998557480e-03	3.806328439506080e+04	8.497658602144387e+03	8.686678419882845e+03	2.640046459701817e-17	-inf	
30	0.000000000000000e+00	1.000000000000000e+00	1.977689079200795e-03	6.557015919356686e-03	1.818989403545857e-18	-2.150954969692968e-16	2.957834693272139e+05	1.604889374044468e+04	8.534704998557480e-03	3.806328439506080e+04	8.497658602144387e+03	8.686678419882845e+03	9.396549180714552e-18	-inf	
31	2.000000000000000e-01	1.000000000000000e+00	1.977689079200795e-03	6.557015919356686e-03	0.000000000000000e+00	0.000000000000000e+00	2.957834693272139e+05	1.604889374044468e+04	8.534704998557480e-03	3.806328439506080e+04	8.497658602144387e+03	8.686678419882845e+03	0.000000000000000e+00	-inf	
32	3.999999999999999e-01	1.000000000000000e+00	1.977689079200795e-03	6.557015919356686e-03	0.000000000000000e+00	0.000000000000000e+00	2.957834693272139e+05	1.604889374044468e+04	8.534704998557480e-03	3.806328439506080e+04	8.497658602144387e+03	8.686678419882845e+03	0.000000000000000e+00	-inf	
33	6.000000000000000e-01	1.000000000000000e+00	1.977689079200795e-03	6.557015919356686e-03	1.193711796076964e-16	-3.610693966038583e-16	2.957834693272139e+05	1.604889374044468e+04	8.534704998557480e-03	3.806328439506080e+04	8.497658602144387e+03	8.686678419882845e+03	1.661256162178245e-17	-inf	
34	8.000000000000000e-01	1.000000000000000e+00	1.977689079200796e-03	6.557015919356686e-03	0.000000000000000e+00	2.132765075657467e-16	2.957834693272139e+05	1.604889374044468e+04	8.534704998557480e-03	3.806328439506079e+04	8.497658602144385e+03	8.686678419882845e+03	9.316752624441476e-18	-inf	
35	1.000000000000000e+00	1.000000000000000e+00	1.977689079200795e-03	6.557015919356686e-03	-2.369233698118468e-16	-1.223270373884588e-16	2.957834693272139e+05	1.604889374044468e+04	8.534704998557480e-03	3.806328439506080e+04	8.497658602144387e+03	8.686678419882845e+03	1.164785407304235e-17	-inf	
EXT_ITER= 5866
AOA= 0.000000000000000e+00
SIDESLIP_ANGLE= 0.000000000000000e+00
INITIAL_BCTHRUST= 4.000000000000000e+03
DCD_DCL_VALUE= 0.000000000000000e+00
DCMX_DCL_VALUE= 0.000000000000000e+00
DCMY_DCL_VALUE= 0.000000000000000e+00
DCMZ_DCL_VALUE= 0.000000000000000e+00
