"PointID"	"x"	"y"	"Density[0]"	"Density[1]"	"Momentum_x"	"Momentum_y"	"Energy"	"Electronic_Energy"	"Total_Density"	"Pressure"	"Temperature"	"Tve"	"Mach"	"C<sub>p</sub>"
0	0.000000000000000e+00	0.000000000000000e+00	1.863642107687187e-03	6.671062890870318e-03	0.000000000000000e+00	0.000000000000000e+00	2.957834693272139e+05	1.424444150843781e+04	8.534704998557505e-03	3.701292772202304e+04	8.201189877427074e+03	8.318107532719103e+03	0.000000000000000e+00	-inf	
1	2.000000000000000e-01	0.000000000000000e+00	1.863642107687187e-03	6.671062890870318e-03	0.000000000000000e+00	1.493845047662085e-15	2.957834693272139e+05	1.424444150843781e+04	8.534704998557505e-03	3.701292772202304e+04	8.201189877427074e+03	8.318107532719103e+03	6.611080344595293e-17	-inf	
2	4.000000000000000e-01	0.000000000000000e+00	1.863642107687187e-03	6.671062890870318e-03	0.000000000000000e+00	-1.190073817269887e-15	2.957834693272139e+05	1.424444150843781e+04	8.534704998557505e-03	3.701292772202304e+04	8.201189877427074e+03	8.318107532719103e+03	5.266726715922511e-17	-inf	
3	6.000000000000001e-01	0.000000000000000e+00	1.863642107687187e-03	6.671062890870318e-03	0.000000000000000e+00	-1.254647941095775e-15	2.957834693272139e+05	1.424444150843781e+04	8.534704998557505e-03	3.701292772202304e+04	8.201189877427074e+03	8.318107532719103e+03	5.552502487287091e-17	-inf	
4	8.000000000000000e-01	0.000000000000000e+00	1.863642107687187e-03	6.671062890870318e-03	3.949480742448933e-16	0.000000000000000e+00	2.957834693272139e+05	1.424444150843781e+04	8.534704998557505e-03	3.701292772202304e+04	8.201189877427074e+03	8.318107532719103e+03	1.747860967817597e-17	-inf	
5	1.000000000000000e+00	0.000000000000000e+00	1.863642107687187e-03	6.671062890870318e-03	7.521521183662132e-16	-1.164153218269347e-16	2.957834693272139e+05	1.424444150843782e+04	8.534704998557505e-03	3.701292772202310e+04	8.201189877427089e+03	8.318107532719105e+03	3.368318503846055e-17	-inf	
6	0.000000000000000e+00	2.000000000000000e-01	1.863642107687187e-03	6.671062890870318e-03	0.000000000000000e+00	0.000000000000000e+00	2.957834693272139e+05	1.424444150843781e+04	8.534704998557505e-03	3.701292772202304e+04	8.201189877427074e+03	8.318107532719103e+03	0.000000000000000e+00	-inf	
7	2.000000000000000e-01	2.000000000000000e-01	1.863642107687187e-03	6.671062890870318e-03	-7.855760486563974e-16	-1.818989403545857e-18	2.957834693272139e+05	1.424444150843781e+04	8.534704998557505e-03	3.701292772202304e+04	8.201189877427074e+03	8.318107532719103e+03	3.476612453868965e-17	-inf	
8	4.000000000000000e-01	2.000000000000000e-01	1.863642107687187e-03	6.671062890870318e-03	-7.460130291292696e-16	3.967670636484391e-16	2.957834693272139e+05	1.424444150843781e+04	8.534704998557505e-03	3.701292772202304e+04	8.201189877427074e+03	8.318107532719103e+03	3.739415163415712e-17	-inf	
9	5.999999999999999e-01	2.000000000000000e-01	1.863642107687187e-03	6.671062890870318e-03	0.000000000000000e+00	1.040234565152782e-15	2.957834693272139e+05	1.424444150843781e+04	8.534704998557505e-03	3.701292772202304e+04	8.201189877427074e+03	8.318107532719103e+03	4.603606176030794e-17	-inf	
10	7.999999999999999e-01	2.000000000000000e-01	1.863642107687187e-03	6.671062890870318e-03	3.801687853410836e-16	-6.384652806446066e-16	2.957834693272139e+05	1.424444150843781e+04	8.534704998557505e-03	3.701292772202304e+04	8.201189877427074e+03	8.318107532719103e+03	3.288529942911884e-17	-inf	
11	1.000000000000000e+00	2.000000000000000e-01	1.863642107687187e-03	6.671062890870318e-03	7.485141395591217e-16	-3.717559593496847e-16	2.957834693272139e+05	1.424444150843782e+04	8.534704998557505e-03	3.701292772202310e+04	8.201189877427089e+03	8.318107532719105e+03	3.698644578179914e-17	-inf	
12	0.000000000000000e+00	3.999999999999999e-01	1.863642107687187e-03	6.671062890870318e-03	-1.254193193744933e-15	0.000000000000000e+00	2.957834693272139e+05	1.424444150843781e+04	8.534704998557505e-03	3.701292772202304e+04	8.201189877427074e+03	8.318107532719103e+03	5.550489981855142e-17	-inf	
13	2.000000000000000e-01	3.999999999999999e-01	1.863642107687187e-03	6.671062890870318e-03	7.725193683533036e-16	0.000000000000000e+00	2.957834693272139e+05	1.424444150843781e+04	8.534704998557505e-03	3.701292772202304e+04	8.201189877427074e+03	8.318107532719103e+03	3.418820191513576e-17	-inf	
14	3.999999999999999e-01	4.000000000000001e-01	1.863642107687187e-03	6.671062890870318e-03	3.018558601858091e-16	0.000000000000000e+00	2.957834693272139e+05	1.424444150843782e+04	8.534704998557505e-03	3.701292772202310e+04	8.201189877427089e+03	8.318107532719105e+03	1.335877069243876e-17	-inf	
15	6.000000000000001e-01	4.000000000000000e-01	1.863642107687187e-03	6.671062890870318e-03	-9.956693247659077e-16	-9.094947017729280e-19	2.957834693272139e+05	1.424444150843782e+04	8.534704998557505e-03	3.701292772202310e+04	8.201189877427089e+03	8.318107532719105e+03	4.406382482004441e-17	-inf	
16	8.000000000000000e-01	4.000000000000000e-01	1.863642107687187e-03	6.671062890870318e-03	-4.120010999031370e-16	0.000000000000000e+00	2.957834693272139e+05	1.424444150843781e+04	8.534704998557505e-03	3.701292772202304e+04	8.201189877427074e+03	8.318107532719103e+03	1.823329921523026e-17	-inf	
17	1.000000000000000e+00	4.000000000000000e-01	1.863642107687187e-03	6.671062890870318e-03	0.000000000000000e+00	0.000000000000000e+00	2.957834693272139e+05	1.424444150843781e+04	8.534704998557505e-03	3.701292772202304e+04	8.201189877427074e+03	8.318107532719103e+03	0.000000000000000e+00	-inf	
18	0.000000000000000e+00	6.000000000000000e-01	1.863642107687187e-03	6.671062890870318e-03	1.190073817269887e-15	3.949480742448932e-16	2.957834693272139e+05	1.424444150843781e+04	8.534704998557505e-03	3.701292772202304e+04	8.201189877427074e+03	8.318107532719103e+03	5.549182666216007e-17	-inf	
19	2.000000000000000e-01	6.000000000000000e-01	1.863642107687187e-03	6.671062890870318e-03	4.459985245671310e-17	1.818989403545857e-18	2.957834693272139e+05	1.424444150843781e+04	8.534704998557505e-03	3.701292772202304e+04	8.201189877427074e+03	8.318107532719103e+03	1.975428001199480e-18	-inf	
20	4.000000000000001e-01	6.000000000000002e-01	1.863642107687187e-03	6.671062890870318e-03	0.000000000000000e+00	-3.967670636484395e-16	2.957834693272139e+05	1.424444150843781e+04	8.534704998557505e-03	3.701292772202304e+04	8.201189877427074e+03	8.318107532719103e+03	1.755910989546177e-17	-inf	
21	6.000000000000000e-01	6.000000000000001e-01	1.863642107687187e-03	6.671062890870318e-03	-4.459985245671258e-17	-4.147295840084560e-16	2.957834693272139e+05	1.424444150843781e+04	8.534704998557505e-03	3.701292772202304e+04	8.201189877427074e+03	8.318107532719103e+03	1.845987459497645e-17	-inf	
22	8.000000000000000e-01	6.000000000000001e-01	1.863642107687187e-03	6.671062890870318e-03	7.823928172001594e-16	-9.094947017729286e-19	2.957834693272139e+05	1.424444150843781e+04	8.534704998557505e-03	3.701292772202304e+04	8.201189877427074e+03	8.318107532719103e+03	3.462517935446540e-17	-inf	
23	1.000000000000000e+00	6.000000000000001e-01	1.863642107687187e-03	6.671062890870318e-03	1.253283699043078e-15	-9.094947017729280e-19	2.957834693272139e+05	1.424444150843782e+04	8.534704998557505e-03	3.701292772202310e+04	8.201189877427089e+03	8.318107532719105e+03	5.546466431444162e-17	-inf	
24	0.000000000000000e+00	8.000000000000000e-01	1.863642107687187e-03	6.671062890870318e-03	-7.075868779793396e-16	0.000000000000000e+00	2.957834693272139e+05	1.424444150843782e+04	8.534704998557505e-03	3.701292772202310e+04	8.201189877427089e+03	8.318107532719105e+03	3.131458452417029e-17	-inf	
25	2.000000000000000e-01	8.000000000000000e-01	1.863642107687187e-03	6.671062890870318e-03	-4.147295840084561e-16	7.846665539546242e-16	2.957834693272139e+05	1.424444150843781e+04	8.534704998557505e-03	3.701292772202304e+04	8.201189877427074e+03	8.318107532719103e+03	3.927786929949484e-17	-inf	
26	3.999999999999999e-01	8.000000000000000e-01	1.863642107687187e-03	6.671062890870318e-03	-9.094947017729284e-19	0.000000000000000e+00	2.957834693272139e+05	1.424444150843781e+04	8.534704998557505e-03	3.701292772202304e+04	8.201189877427074e+03	8.318107532719103e+03	4.025010864289236e-20	-inf	
27	6.000000000000000e-01	8.000000000000000e-01	1.863642107687187e-03	6.671062890870318e-03	0.000000000000000e+00	-7.303242455236846e-16	2.957834693272139e+05	1.424444150843781e+04	8.534704998557505e-03	3.701292772202304e+04	8.201189877427074e+03	8.318107532719103e+03	3.232083724024359e-17	-inf	
28	8.000000000000000e-01	8.000000000000000e-01	1.863642107687187e-03	6.671062890870318e-03	0.000000000000000e+00	3.904006007360278e-16	2.957834693272139e+05	1.424444150843781e+04	8.534704998557505e-03	3.701292772202304e+04	8.201189877427074e+03	8.318107532719103e+03	1.727735913496147e-17	-inf	
29	1.000000000000000e+00	8.000000000000000e-01	1.863642107687187e-03	6.671062890870318e-03	-1.279204298043646e-15	-3.885816113324852e-16	2.957834693272139e+05	1.424444150843781e+04	8.534704998557505e-03	3.701292772202304e+04	8.201189877427074e+03	8.318107532719103e+03	5.916608270805410e-17	-inf	
30	0.000000000000000e+00	1.000000000000000e+00	1.863642107687187e-03	6.671062890870318e-03	1.818989403545857e-18	-7.917151378933327e-16	2.957834693272139e+05	1.424444150843781e+04	8.534704998557505e-03	3.701292772202304e+04	8.201189877427074e+03	8.318107532719103e+03	3.503781204935405e-17	-inf	
31	2.000000000000000e-01	1.000000000000000e+00	1.863642107687187e-03	6.671062890870318e-03	0.000000000000000e+00	0.000000000000000e+00	2.957834693272139e+05	1.424444150843781e+04	8.534704998557505e-03	3.701292772202304e+04	8.201189877427074e+03	8.318107532719103e+03	0.000000000000000e+00	-inf	
32	3.999999999999999e-01	1.000000000000000e+00	1.863642107687187e-03	6.671062890870318e-03	0.000000000000000e+00	0.000000000000000e+00	2.957834693272139e+05	1.424444150843781e+04	8.534704998557505e-03	3.701292772202304e+04	8.201189877427074e+03	8.318107532719103e+03	0.000000000000000e+00	-inf	
33	6.000000000000000e-01	1.000000000000000e+00	1.863642107687187e-03	6.671062890870318e-03	4.142748366575689e-16	-1.006810634862618e-15	2.957834693272139e+05	1.424444150843781e+04	8.534704998557505e-03	3.701292772202304e+04	8.201189877427074e+03	8.318107532719103e+03	4.818140175565706e-17	-inf	
34	8.000000000000000e-01	1.000000000000000e+00	1.863642107687187e-03	6.671062890870318e-03	0.000000000000000e+00	4.311004886403583e-16	2.957834693272139e+05	1.424444150843782e+04	8.534704998557505e-03	3.701292772202310e+04	8.201189877427089e+03	8.318107532719105e+03	1.907855149673053e-17	-inf	
35	1.000000000000000e+00	1.000000000000000e+00	1.863642107687187e-03	6.671062890870318e-03	-8.267306839115917e-16	8.594724931754156e-17	2.957834693272139e+05	1.424444150843781e+04	8.534704998557505e-03	3.701292772202304e+04	8.201189877427074e+03	8.318107532719103e+03	3.678453112742013e-17	-inf	
EXT_ITER= 9697
AOA= 0.000000000000000e+00
SIDESLIP_ANGLE= 0.000000000000000e+00
INITIAL_BCTHRUST= 4.000000000000000e+03
DCD_DCL_VALUE= 0.000000000000000e+00
DCMX_DCL_VALUE= 0.000000000000000e+00
DCMY_DCL_VALUE= 0.000000000000000e+00
DCMZ_DCL_VALUE= 0.000000000000000e+00
