"PointID"	"x"	"y"	"Density[0]"	"Density[1]"	"Momentum_x"	"Momentum_y"	"Energy"	"Electronic_Energy"	"Total_Density"	"Pressure"	"Temperature"	"Tve"	"Mach"	"C<sub>p</sub>"
0	0.000000000000000e+00	0.000000000000000e+00	2.254928493692557e-03	6.279776504864925e-03	0.000000000000000e+00	0.000000000000000e+00	2.957834693272139e+05	2.178970312707936e+04	8.534704998557482e-03	3.973854870794551e+04	9.037687715152189e+03	9.817076324585514e+03	0.000000000000000e+00	-inf	
1	2.000000000000000e-01	0.000000000000000e+00	2.254928493692557e-03	6.279776504864925e-03	0.000000000000000e+00	4.924913810100444e-16	2.957834693272139e+05	2.178970312707936e+04	8.534704998557482e-03	3.973854870794551e+04	9.037687715152189e+03	9.817076324585514e+03	2.110703423398534e-17	-inf	
2	4.000000000000000e-01	0.000000000000000e+00	2.254928493692557e-03	6.279776504864925e-03	0.000000000000000e+00	-3.642526280600637e-16	2.957834693272139e+05	2.178970312707936e+04	8.534704998557482e-03	3.973854870794551e+04	9.037687715152189e+03	9.817076324585514e+03	1.561101977970674e-17	-inf	
3	6.000000000000001e-01	0.000000000000000e+00	2.254928493692557e-03	6.279776504864925e-03	0.000000000000000e+00	-9.003997547551973e-17	2.957834693272139e+05	2.178970312707936e+04	8.534704998557482e-03	3.973854870794551e+04	9.037687715152189e+03	9.817076324585514e+03	3.858903765770136e-18	-inf	
4	8.000000000000000e-01	0.000000000000000e+00	2.254928493692557e-03	6.279776504864925e-03	4.777120921062307e-16	0.000000000000000e+00	2.957834693272139e+05	2.178970312707936e+04	8.534704998557482e-03	3.973854870794551e+04	9.037687715152189e+03	9.817076324585514e+03	2.047362831283604e-17	-inf	
5	1.000000000000000e+00	0.000000000000000e+00	2.254928493692557e-03	6.279776504864925e-03	9.090399544220388e-16	1.409716787748043e-16	2.957834693272139e+05	2.178970312707935e+04	8.534704998557482e-03	3.973854870794558e+04	9.037687715152206e+03	9.817076324585511e+03	3.942502070289050e-17	-inf	
6	0.000000000000000e+00	2.000000000000000e-01	2.254928493692557e-03	6.279776504864925e-03	0.000000000000000e+00	0.000000000000000e+00	2.957834693272139e+05	2.178970312707936e+04	8.534704998557482e-03	3.973854870794551e+04	9.037687715152189e+03	9.817076324585514e+03	0.000000000000000e+00	-inf	
7	2.000000000000000e-01	2.000000000000000e-01	2.254928493692557e-03	6.279776504864925e-03	-1.950866135302964e-16	-1.818989403545857e-18	2.957834693272139e+05	2.178970312707936e+04	8.534704998557482e-03	3.973854870794551e+04	9.037687715152189e+03	9.817076324585514e+03	8.361321590206329e-18	-inf	
8	4.000000000000000e-01	2.000000000000000e-01	2.254928493692557e-03	6.279776504864925e-03	-2.453361958032493e-16	4.795310815097764e-16	2.957834693272139e+05	2.178970312707936e+04	8.534704998557482e-03	3.973854870794551e+04	9.037687715152189e+03	9.817076324585514e+03	2.308512943731767e-17	-inf	
9	5.999999999999999e-01	2.000000000000000e-01	2.254928493692557e-03	6.279776504864925e-03	0.000000000000000e+00	5.222773324931033e-16	2.957834693272139e+05	2.178970312707936e+04	8.534704998557482e-03	3.973854870794551e+04	9.037687715152189e+03	9.817076324585514e+03	2.238359078276264e-17	-inf	
10	7.999999999999999e-01	2.000000000000000e-01	2.254928493692557e-03	6.279776504864925e-03	4.654339136322965e-16	-1.093667378881958e-16	2.957834693272139e+05	2.178970312707936e+04	8.534704998557482e-03	3.973854870794551e+04	9.037687715152189e+03	9.817076324585514e+03	2.049071036850691e-17	-inf	
11	1.000000000000000e+00	2.000000000000000e-01	2.254928493692557e-03	6.279776504864925e-03	9.122231858782458e-16	-4.538378561846907e-16	2.957834693272139e+05	2.178970312707935e+04	8.534704998557482e-03	3.973854870794558e+04	9.037687715152206e+03	9.817076324585511e+03	4.366689850630638e-17	-inf	
12	0.000000000000000e+00	3.999999999999999e-01	2.254928493692557e-03	6.279776504864925e-03	-5.434230843093241e-16	0.000000000000000e+00	2.957834693272139e+05	2.178970312707936e+04	8.534704998557482e-03	3.973854870794551e+04	9.037687715152189e+03	9.817076324585514e+03	2.328984848532989e-17	-inf	
13	2.000000000000000e-01	3.999999999999999e-01	2.254928493692557e-03	6.279776504864925e-03	5.926577800768571e-16	0.000000000000000e+00	2.957834693272139e+05	2.178970312707936e+04	8.534704998557482e-03	3.973854870794551e+04	9.037687715152189e+03	9.817076324585514e+03	2.539993294393278e-17	-inf	
14	3.999999999999999e-01	4.000000000000001e-01	2.254928493692557e-03	6.279776504864925e-03	4.214454024681030e-16	0.000000000000000e+00	2.957834693272139e+05	2.178970312707935e+04	8.534704998557482e-03	3.973854870794558e+04	9.037687715152206e+03	9.817076324585511e+03	1.806216896508194e-17	-inf	
15	6.000000000000001e-01	4.000000000000000e-01	2.254928493692557e-03	6.279776504864925e-03	-4.847606760449710e-16	-9.094947017729280e-19	2.957834693272139e+05	2.178970312707935e+04	8.534704998557482e-03	3.973854870794558e+04	9.037687715152206e+03	9.817076324585511e+03	2.077575077916233e-17	-inf	
16	8.000000000000000e-01	4.000000000000000e-01	2.254928493692557e-03	6.279776504864925e-03	-4.790763341588896e-16	0.000000000000000e+00	2.957834693272139e+05	2.178970312707936e+04	8.534704998557482e-03	3.973854870794551e+04	9.037687715152189e+03	9.817076324585514e+03	2.053209655171133e-17	-inf	
17	1.000000000000000e+00	4.000000000000000e-01	2.254928493692557e-03	6.279776504864925e-03	0.000000000000000e+00	0.000000000000000e+00	2.957834693272139e+05	2.178970312707936e+04	8.534704998557482e-03	3.973854870794551e+04	9.037687715152189e+03	9.817076324585514e+03	0.000000000000000e+00	-inf	
18	0.000000000000000e+00	6.000000000000000e-01	2.254928493692557e-03	6.279776504864925e-03	3.642526280600637e-16	4.777120921062306e-16	2.957834693272139e+05	2.178970312707936e+04	8.534704998557482e-03	3.973854870794551e+04	9.037687715152189e+03	9.817076324585514e+03	2.574632779358168e-17	-inf	
19	2.000000000000000e-01	6.000000000000000e-01	2.254928493692557e-03	6.279776504864925e-03	-1.680906191465241e-17	1.818989403545857e-18	2.957834693272139e+05	2.178970312707936e+04	8.534704998557482e-03	3.973854870794551e+04	9.037687715152189e+03	9.817076324585514e+03	7.246030767750598e-19	-inf	
20	4.000000000000001e-01	6.000000000000002e-01	2.254928493692557e-03	6.279776504864925e-03	0.000000000000000e+00	-4.795310815097768e-16	2.957834693272139e+05	2.178970312707936e+04	8.534704998557482e-03	3.973854870794551e+04	9.037687715152189e+03	9.817076324585514e+03	2.055158596466979e-17	-inf	
21	6.000000000000000e-01	6.000000000000001e-01	2.254928493692557e-03	6.279776504864925e-03	1.680906191465231e-17	-4.790763341588892e-16	2.957834693272139e+05	2.178970312707936e+04	8.534704998557482e-03	3.973854870794551e+04	9.037687715152189e+03	9.817076324585514e+03	2.054473073642456e-17	-inf	
22	8.000000000000000e-01	6.000000000000001e-01	2.254928493692557e-03	6.279776504864925e-03	4.799858288606624e-16	-9.094947017729286e-19	2.957834693272139e+05	2.178970312707936e+04	8.534704998557482e-03	3.973854870794551e+04	9.037687715152189e+03	9.817076324585514e+03	2.057111230684745e-17	-inf	
23	1.000000000000000e+00	6.000000000000001e-01	2.254928493692557e-03	6.279776504864925e-03	9.704308467917148e-16	-9.094947017729280e-19	2.957834693272139e+05	2.178970312707935e+04	8.534704998557482e-03	3.973854870794558e+04	9.037687715152206e+03	9.817076324585511e+03	4.159042551891304e-17	-inf	
24	0.000000000000000e+00	8.000000000000000e-01	2.254928493692557e-03	6.279776504864925e-03	-8.822098607197410e-16	0.000000000000000e+00	2.957834693272139e+05	2.178970312707935e+04	8.534704998557482e-03	3.973854870794558e+04	9.037687715152206e+03	9.817076324585511e+03	3.780946113936402e-17	-inf	
25	2.000000000000000e-01	8.000000000000000e-01	2.254928493692557e-03	6.279776504864925e-03	-4.790763341588892e-16	1.941771188285234e-16	2.957834693272139e+05	2.178970312707936e+04	8.534704998557482e-03	3.973854870794551e+04	9.037687715152189e+03	9.817076324585514e+03	2.215451034963011e-17	-inf	
26	3.999999999999999e-01	8.000000000000000e-01	2.254928493692557e-03	6.279776504864925e-03	-9.094947017729284e-19	0.000000000000000e+00	2.957834693272139e+05	2.178970312707936e+04	8.534704998557482e-03	3.973854870794551e+04	9.037687715152189e+03	9.817076324585514e+03	3.897882591687015e-20	-inf	
27	6.000000000000000e-01	8.000000000000000e-01	2.254928493692557e-03	6.279776504864925e-03	0.000000000000000e+00	-1.816715666791454e-16	2.957834693272139e+05	2.178970312707936e+04	8.534704998557482e-03	3.973854870794551e+04	9.037687715152189e+03	9.817076324585514e+03	7.786020476894936e-18	-inf	
28	8.000000000000000e-01	8.000000000000000e-01	2.254928493692557e-03	6.279776504864925e-03	0.000000000000000e+00	4.763478500535706e-16	2.957834693272139e+05	2.178970312707936e+04	8.534704998557482e-03	3.973854870794551e+04	9.037687715152189e+03	9.817076324585514e+03	2.041516007396071e-17	-inf	
29	1.000000000000000e+00	8.000000000000000e-01	2.254928493692557e-03	6.279776504864925e-03	-8.822098607197387e-17	-4.654339136322965e-16	2.957834693272139e+05	2.178970312707936e+04	8.534704998557482e-03	3.973854870794551e+04	9.037687715152189e+03	9.817076324585514e+03	2.030258321753862e-17	-inf	
30	0.000000000000000e+00	1.000000000000000e+00	2.254928493692557e-03	6.279776504864925e-03	1.818989403545857e-18	-9.572431736160072e-16	2.957834693272139e+05	2.178970312707936e+04	8.534704998557482e-03	3.973854870794551e+04	9.037687715152189e+03	9.817076324585514e+03	4.102528834646684e-17	-inf	
31	2.000000000000000e-01	1.000000000000000e+00	2.254928493692557e-03	6.279776504864925e-03	0.000000000000000e+00	0.000000000000000e+00	2.957834693272139e+05	2.178970312707936e+04	8.534704998557482e-03	3.973854870794551e+04	9.037687715152189e+03	9.817076324585514e+03	0.000000000000000e+00	-inf	
32	3.999999999999999e-01	1.000000000000000e+00	2.254928493692557e-03	6.279776504864925e-03	0.000000000000000e+00	0.000000000000000e+00	2.957834693272139e+05	2.178970312707936e+04	8.534704998557482e-03	3.973854870794551e+04	9.037687715152189e+03	9.817076324585514e+03	0.000000000000000e+00	-inf	
33	6.000000000000000e-01	1.000000000000000e+00	2.254928493692557e-03	6.279776504864925e-03	4.813500709133215e-16	-8.731149137020095e-17	2.957834693272139e+05	2.178970312707936e+04	8.534704998557482e-03	3.973854870794551e+04	9.037687715152189e+03	9.817076324585514e+03	2.096617249308581e-17	-inf	
34	8.000000000000000e-01	1.000000000000000e+00	2.254928493692557e-03	6.279776504864925e-03	0.000000000000000e+00	9.899849828798315e-16	2.957834693272139e+05	2.178970312707935e+04	8.534704998557482e-03	3.973854870794558e+04	9.037687715152206e+03	9.817076324585511e+03	4.242845201051306e-17	-inf	
35	1.000000000000000e+00	1.000000000000000e+00	2.254928493692557e-03	6.279776504864925e-03	-9.608811524230970e-16	-1.373336999677125e-16	2.957834693272139e+05	2.178970312707936e+04	8.534704998557482e-03	3.973854870794551e+04	9.037687715152189e+03	9.817076324585514e+03	4.159961667086616e-17	-inf	
EXT_ITER= 2034
AOA= 0.000000000000000e+00
SIDESLIP_ANGLE= 0.000000000000000e+00
INITIAL_BCTHRUST= 4.000000000000000e+03
DCD_DCL_VALUE= 0.000000000000000e+00
DCMX_DCL_VALUE= 0.000000000000000e+00
DCMY_DCL_VALUE= 0.000000000000000e+00
DCMZ_DCL_VALUE= 0.000000000000000e+00
