"PointID"	"x"	"y"	"Density[0]"	"Density[1]"	"Momentum_x"	"Momentum_y"	"Energy"	"Electronic_Energy"	"Total_Density"	"Pressure"	"Temperature"	"Tve"	"Mach"	"C<sub>p</sub>"
0	0.000000000000000e+00	0.000000000000000e+00	1.905310384469579e-03	6.629394614087936e-03	0.000000000000000e+00	0.000000000000000e+00	2.957834693272139e+05	1.488810649429925e+04	8.534704998557515e-03	3.740790081080024e+04	8.311482484411947e+03	8.450684351379005e+03	0.000000000000000e+00	-inf	
1	2.000000000000000e-01	0.000000000000000e+00	1.905310384469579e-03	6.629394614087936e-03	0.000000000000000e+00	1.334228727500915e-15	2.957834693272139e+05	1.488810649429925e+04	8.534704998557515e-03	3.740790081080024e+04	8.311482484411947e+03	8.450684351379005e+03	5.875561647823562e-17	-inf	
2	4.000000000000000e-01	0.000000000000000e+00	1.905310384469579e-03	6.629394614087936e-03	0.000000000000000e+00	-1.058197085512795e-15	2.957834693272139e+05	1.488810649429925e+04	8.534704998557515e-03	3.740790081080024e+04	8.311482484411947e+03	8.450684351379005e+03	4.659997257834027e-17	-inf	
3	6.000000000000001e-01	0.000000000000000e+00	1.905310384469579e-03	6.629394614087936e-03	0.000000000000000e+00	-9.767973097041071e-16	2.957834693272139e+05	1.488810649429925e+04	8.534704998557515e-03	3.740790081080024e+04	8.311482484411947e+03	8.450684351379005e+03	4.301535930308283e-17	-inf	
4	8.000000000000000e-01	0.000000000000000e+00	1.905310384469579e-03	6.629394614087936e-03	3.126388037344443e-16	0.000000000000000e+00	2.957834693272139e+05	1.488810649429925e+04	8.534704998557515e-03	3.740790081080024e+04	8.311482484411947e+03	8.450684351379005e+03	1.376771858513501e-17	-inf	
5	1.000000000000000e+00	0.000000000000000e+00	1.905310384469580e-03	6.629394614087936e-03	5.834408511873340e-16	-1.082298695109782e-16	2.957834693272139e+05	1.488810649429926e+04	8.534704998557515e-03	3.740790081080023e+04	8.311482484411945e+03	8.450684351379005e+03	2.613139256885161e-17	-inf	
6	0.000000000000000e+00	2.000000000000000e-01	1.905310384469579e-03	6.629394614087936e-03	0.000000000000000e+00	0.000000000000000e+00	2.957834693272139e+05	1.488810649429925e+04	8.534704998557515e-03	3.740790081080024e+04	8.311482484411947e+03	8.450684351379005e+03	0.000000000000000e+00	-inf	
7	2.000000000000000e-01	2.000000000000000e-01	1.905310384469579e-03	6.629394614087936e-03	-6.461959856096776e-16	-1.818989403545857e-18	2.957834693272139e+05	1.488810649429925e+04	8.534704998557515e-03	3.740790081080024e+04	8.311482484411947e+03	8.450684351379005e+03	2.845673544632856e-17	-inf	
8	4.000000000000000e-01	2.000000000000000e-01	1.905310384469579e-03	6.629394614087936e-03	-6.662048690486846e-16	3.144577931379901e-16	2.957834693272139e+05	1.488810649429925e+04	8.534704998557515e-03	3.740790081080024e+04	8.311482484411947e+03	8.450684351379005e+03	3.244173443251262e-17	-inf	
9	5.999999999999999e-01	2.000000000000000e-01	1.905310384469579e-03	6.629394614087936e-03	0.000000000000000e+00	8.114966476568950e-16	2.957834693272139e+05	1.488810649429925e+04	8.534704998557515e-03	3.740790081080024e+04	8.311482484411947e+03	8.450684351379005e+03	3.573599100388858e-17	-inf	
10	7.999999999999999e-01	2.000000000000000e-01	1.905310384469579e-03	6.629394614087936e-03	2.969500201288616e-16	-4.927187546854755e-16	2.957834693272139e+05	1.488810649429925e+04	8.534704998557515e-03	3.740790081080024e+04	8.311482484411947e+03	8.450684351379005e+03	2.533383893600517e-17	-inf	
11	1.000000000000000e+00	2.000000000000000e-01	1.905310384469580e-03	6.629394614087936e-03	5.752553988713777e-16	-2.910383045673378e-16	2.957834693272139e+05	1.488810649429926e+04	8.534704998557515e-03	3.740790081080023e+04	8.311482484411945e+03	8.450684351379005e+03	2.839019659236791e-17	-inf	
12	0.000000000000000e+00	3.999999999999999e-01	1.905310384469579e-03	6.629394614087936e-03	-1.259650161955552e-15	0.000000000000000e+00	2.957834693272139e+05	1.488810649429925e+04	8.534704998557515e-03	3.740790081080024e+04	8.311482484411947e+03	8.450684351379005e+03	5.547138979029142e-17	-inf	
13	2.000000000000000e-01	3.999999999999999e-01	1.905310384469579e-03	6.629394614087936e-03	6.447567468953616e-16	0.000000000000000e+00	2.957834693272139e+05	1.488810649429925e+04	8.534704998557515e-03	3.740790081080024e+04	8.311482484411947e+03	8.450684351379005e+03	2.839324274878703e-17	-inf	
14	3.999999999999999e-01	4.000000000000001e-01	1.905310384469580e-03	6.629394614087936e-03	2.491265516241352e-16	0.000000000000000e+00	2.957834693272139e+05	1.488810649429926e+04	8.534704998557515e-03	3.740790081080023e+04	8.311482484411945e+03	8.450684351379005e+03	1.097082068468880e-17	-inf	
15	6.000000000000001e-01	4.000000000000000e-01	1.905310384469580e-03	6.629394614087936e-03	-7.644302968401455e-16	-9.094947017729280e-19	2.957834693272139e+05	1.488810649429926e+04	8.534704998557515e-03	3.740790081080023e+04	8.311482484411945e+03	8.450684351379005e+03	3.366334737745027e-17	-inf	
16	8.000000000000000e-01	4.000000000000000e-01	1.905310384469579e-03	6.629394614087936e-03	-3.208242560504006e-16	0.000000000000000e+00	2.957834693272139e+05	1.488810649429925e+04	8.534704998557515e-03	3.740790081080024e+04	8.311482484411947e+03	8.450684351379005e+03	1.412818248990945e-17	-inf	
17	1.000000000000000e+00	4.000000000000000e-01	1.905310384469579e-03	6.629394614087936e-03	0.000000000000000e+00	0.000000000000000e+00	2.957834693272139e+05	1.488810649429925e+04	8.534704998557515e-03	3.740790081080024e+04	8.311482484411947e+03	8.450684351379005e+03	0.000000000000000e+00	-inf	
18	0.000000000000000e+00	6.000000000000000e-01	1.905310384469579e-03	6.629394614087936e-03	1.058197085512795e-15	3.126388037344442e-16	2.957834693272139e+05	1.488810649429925e+04	8.534704998557515e-03	3.740790081080024e+04	8.311482484411947e+03	8.450684351379005e+03	4.859122883135945e-17	-inf	
19	2.000000000000000e-01	6.000000000000000e-01	1.905310384469579e-03	6.629394614087936e-03	1.667565865950630e-17	1.818989403545857e-18	2.957834693272139e+05	1.488810649429925e+04	8.534704998557515e-03	3.740790081080024e+04	8.311482484411947e+03	8.450684351379005e+03	7.387042292373143e-19	-inf	
20	4.000000000000001e-01	6.000000000000002e-01	1.905310384469579e-03	6.629394614087936e-03	0.000000000000000e+00	-3.144577931379903e-16	2.957834693272139e+05	1.488810649429925e+04	8.534704998557515e-03	3.740790081080024e+04	8.311482484411947e+03	8.450684351379005e+03	1.384782167508489e-17	-inf	
21	6.000000000000000e-01	6.000000000000001e-01	1.905310384469579e-03	6.629394614087936e-03	-1.667565865950590e-17	-3.249169822083791e-16	2.957834693272139e+05	1.488810649429925e+04	8.534704998557515e-03	3.740790081080024e+04	8.311482484411947e+03	8.450684351379005e+03	1.432724646559129e-17	-inf	
22	8.000000000000000e-01	6.000000000000001e-01	1.905310384469579e-03	6.629394614087936e-03	4.558842192636809e-16	-9.094947017729286e-19	2.957834693272139e+05	1.488810649429925e+04	8.534704998557515e-03	3.740790081080024e+04	8.311482484411947e+03	8.450684351379005e+03	2.007587687031385e-17	-inf	
23	1.000000000000000e+00	6.000000000000001e-01	1.905310384469580e-03	6.629394614087936e-03	1.261469151359050e-15	-9.094947017729280e-19	2.957834693272139e+05	1.488810649429926e+04	8.534704998557515e-03	3.740790081080023e+04	8.311482484411945e+03	8.450684351379005e+03	5.555150731842947e-17	-inf	
24	0.000000000000000e+00	8.000000000000000e-01	1.905310384469580e-03	6.629394614087936e-03	-5.466063157655323e-16	0.000000000000000e+00	2.957834693272139e+05	1.488810649429926e+04	8.534704998557515e-03	3.740790081080023e+04	8.311482484411945e+03	8.450684351379005e+03	2.407097852993796e-17	-inf	
25	2.000000000000000e-01	8.000000000000000e-01	1.905310384469579e-03	6.629394614087936e-03	-3.249169822083792e-16	6.452864909079045e-16	2.957834693272139e+05	1.488810649429925e+04	8.534704998557515e-03	3.740790081080024e+04	8.311482484411947e+03	8.450684351379005e+03	3.181559743785912e-17	-inf	
26	3.999999999999999e-01	8.000000000000000e-01	1.905310384469579e-03	6.629394614087936e-03	-9.094947017729284e-19	0.000000000000000e+00	2.957834693272139e+05	1.488810649429925e+04	8.534704998557515e-03	3.740790081080024e+04	8.311482484411947e+03	8.450684351379005e+03	4.005154497493820e-20	-inf	
27	6.000000000000000e-01	8.000000000000000e-01	1.905310384469579e-03	6.629394614087936e-03	0.000000000000000e+00	-6.516529538203158e-16	2.957834693272139e+05	1.488810649429925e+04	8.534704998557515e-03	3.740790081080024e+04	8.311482484411947e+03	8.450684351379005e+03	2.869693197454377e-17	-inf	
28	8.000000000000000e-01	8.000000000000000e-01	1.905310384469579e-03	6.629394614087936e-03	0.000000000000000e+00	3.071818355238059e-16	2.957834693272139e+05	1.488810649429925e+04	8.534704998557515e-03	3.740790081080024e+04	8.311482484411947e+03	8.450684351379005e+03	1.352740931528534e-17	-inf	
29	1.000000000000000e+00	8.000000000000000e-01	1.905310384469579e-03	6.629394614087936e-03	-9.749783203005610e-16	-2.994511305587383e-16	2.957834693272139e+05	1.488810649429925e+04	8.534704998557515e-03	3.740790081080024e+04	8.311482484411947e+03	8.450684351379005e+03	4.491472403420289e-17	-inf	
30	0.000000000000000e+00	1.000000000000000e+00	1.905310384469579e-03	6.629394614087936e-03	1.818989403545857e-18	-6.270965968724347e-16	2.957834693272139e+05	1.488810649429925e+04	8.534704998557515e-03	3.740790081080024e+04	8.311482484411947e+03	8.450684351379005e+03	2.761565643559549e-17	-inf	
31	2.000000000000000e-01	1.000000000000000e+00	1.905310384469579e-03	6.629394614087936e-03	0.000000000000000e+00	0.000000000000000e+00	2.957834693272139e+05	1.488810649429925e+04	8.534704998557515e-03	3.740790081080024e+04	8.311482484411947e+03	8.450684351379005e+03	0.000000000000000e+00	-inf	
32	3.999999999999999e-01	1.000000000000000e+00	1.905310384469579e-03	6.629394614087936e-03	0.000000000000000e+00	0.000000000000000e+00	2.957834693272139e+05	1.488810649429925e+04	8.534704998557515e-03	3.740790081080024e+04	8.311482484411947e+03	8.450684351379005e+03	0.000000000000000e+00	-inf	
33	6.000000000000000e-01	1.000000000000000e+00	1.905310384469579e-03	6.629394614087936e-03	3.230979928048326e-16	-7.280505087692130e-16	2.957834693272139e+05	1.488810649429925e+04	8.534704998557515e-03	3.740790081080024e+04	8.311482484411947e+03	8.450684351379005e+03	3.507662111859721e-17	-inf	
34	8.000000000000000e-01	1.000000000000000e+00	1.905310384469580e-03	6.629394614087936e-03	0.000000000000000e+00	4.188223101664273e-16	2.957834693272139e+05	1.488810649429926e+04	8.534704998557515e-03	3.740790081080023e+04	8.311482484411945e+03	8.450684351379005e+03	1.844373646095877e-17	-inf	
35	1.000000000000000e+00	1.000000000000000e+00	1.905310384469579e-03	6.629394614087936e-03	-6.443769962061192e-16	7.867129170335816e-17	2.957834693272139e+05	1.488810649429925e+04	8.534704998557515e-03	3.740790081080024e+04	8.311482484411947e+03	8.450684351379005e+03	2.858722335443765e-17	-inf	
EXT_ITER= 8031
AOA= 0.000000000000000e+00
SIDESLIP_ANGLE= 0.000000000000000e+00
INITIAL_BCTHRUST= 4.000000000000000e+03
DCD_DCL_VALUE= 0.000000000000000e+00
DCMX_DCL_VALUE= 0.000000000000000e+00
DCMY_DCL_VALUE= 0.000000000000000e+00
DCMZ_DCL_VALUE= 0.000000000000000e+00
