"PointID"	"x"	"y"	"Density[0]"	"Density[1]"	"Momentum_x"	"Momentum_y"	"Energy"	"Electronic_Energy"	"Total_Density"	"Pressure"	"Temperature"	"Tve"	"Mach"	"C<sub>p</sub>"
0	0.000000000000000e+00	0.000000000000000e+00	2.046737674676198e-03	6.487967323881279e-03	0.000000000000000e+00	0.000000000000000e+00	2.957834693272139e+05	1.723296348349757e+04	8.534704998557477e-03	3.863646775523279e+04	8.665268126955913e+03	8.924319428997844e+03	0.000000000000000e+00	-inf	
1	2.000000000000000e-01	0.000000000000000e+00	2.046737674676198e-03	6.487967323881279e-03	0.000000000000000e+00	9.281393431592489e-16	2.957834693272139e+05	1.723296348349757e+04	8.534704998557477e-03	3.863646775523279e+04	8.665268126955913e+03	8.924319428997844e+03	4.026720881179031e-17	-inf	
2	4.000000000000000e-01	0.000000000000000e+00	2.046737674676198e-03	6.487967323881279e-03	0.000000000000000e+00	-7.371454557869415e-16	2.957834693272139e+05	1.723296348349757e+04	8.534704998557477e-03	3.863646775523279e+04	8.665268126955913e+03	8.924319428997844e+03	3.198096300044699e-17	-inf	
3	6.000000000000001e-01	0.000000000000000e+00	2.046737674676198e-03	6.487967323881279e-03	0.000000000000000e+00	-3.365130396559887e-16	2.957834693272139e+05	1.723296348349757e+04	8.534704998557477e-03	3.863646775523279e+04	8.665268126955913e+03	8.924319428997844e+03	1.459957595331998e-17	-inf	
4	8.000000000000000e-01	0.000000000000000e+00	2.046737674676198e-03	6.487967323881279e-03	1.273292582482094e-16	0.000000000000000e+00	2.957834693272139e+05	1.723296348349757e+04	8.534704998557477e-03	3.863646775523279e+04	8.665268126955913e+03	8.924319428997844e+03	5.524163874229068e-18	-inf	
5	1.000000000000000e+00	0.000000000000000e+00	2.046737674676198e-03	6.487967323881279e-03	2.082742867059980e-16	2.914930519182276e-16	2.957834693272139e+05	1.723296348349757e+04	8.534704998557477e-03	3.863646775523278e+04	8.665268126955909e+03	8.924319428997842e+03	1.554283199228539e-17	-inf	
6	0.000000000000000e+00	2.000000000000000e-01	2.046737674676198e-03	6.487967323881279e-03	0.000000000000000e+00	0.000000000000000e+00	2.957834693272139e+05	1.723296348349757e+04	8.534704998557477e-03	3.863646775523279e+04	8.665268126955913e+03	8.924319428997844e+03	0.000000000000000e+00	-inf	
7	2.000000000000000e-01	2.000000000000000e-01	2.046737674676198e-03	6.487967323881279e-03	-3.724380803760054e-16	-1.818989403545857e-18	2.957834693272139e+05	1.723296348349757e+04	8.534704998557477e-03	3.863646775523279e+04	8.665268126955913e+03	8.924319428997844e+03	1.615837204556581e-17	-inf	
8	4.000000000000000e-01	2.000000000000000e-01	2.046737674676198e-03	6.487967323881279e-03	-4.631601768778514e-16	1.291482476517551e-16	2.957834693272139e+05	1.723296348349757e+04	8.534704998557477e-03	3.863646775523279e+04	8.665268126955913e+03	8.924319428997844e+03	2.086070991811580e-17	-inf	
9	5.999999999999999e-01	2.000000000000000e-01	2.046737674676198e-03	6.487967323881279e-03	0.000000000000000e+00	3.003606252605137e-16	2.957834693272139e+05	1.723296348349757e+04	8.534704998557477e-03	3.863646775523279e+04	8.665268126955913e+03	8.924319428997844e+03	1.303110799617274e-17	-inf	
10	7.999999999999999e-01	2.000000000000000e-01	2.046737674676198e-03	6.487967323881279e-03	1.150510797742756e-16	-2.416982169961579e-16	2.957834693272139e+05	1.723296348349757e+04	8.534704998557477e-03	3.863646775523279e+04	8.665268126955913e+03	8.924319428997844e+03	1.161344118731986e-17	-inf	
11	1.000000000000000e+00	2.000000000000000e-01	2.046737674676198e-03	6.487967323881279e-03	2.178239810746154e-16	-1.041371433529994e-16	2.957834693272139e+05	1.723296348349757e+04	8.534704998557477e-03	3.863646775523278e+04	8.665268126955909e+03	8.924319428997842e+03	1.047471449006029e-17	-inf	
12	0.000000000000000e+00	3.999999999999999e-01	2.046737674676198e-03	6.487967323881279e-03	-1.005446392809958e-15	0.000000000000000e+00	2.957834693272139e+05	1.723296348349757e+04	8.534704998557477e-03	3.863646775523279e+04	8.665268126955913e+03	8.924319428997844e+03	4.362116544971556e-17	-inf	
13	2.000000000000000e-01	3.999999999999999e-01	2.046737674676198e-03	6.487967323881279e-03	3.363733860967593e-16	0.000000000000000e+00	2.957834693272139e+05	1.723296348349757e+04	8.534704998557477e-03	3.863646775523279e+04	8.665268126955913e+03	8.924319428997844e+03	1.459351710119584e-17	-inf	
14	3.999999999999999e-01	4.000000000000001e-01	2.046737674676198e-03	6.487967323881279e-03	9.285617969705652e-17	0.000000000000000e+00	2.957834693272139e+05	1.723296348349757e+04	8.534704998557477e-03	3.863646775523278e+04	8.665268126955909e+03	8.924319428997842e+03	4.028553691732639e-18	-inf	
15	6.000000000000001e-01	4.000000000000000e-01	2.046737674676198e-03	6.487967323881279e-03	-2.514752850402174e-16	-9.094947017729280e-19	2.957834693272139e+05	1.723296348349757e+04	8.534704998557477e-03	3.863646775523278e+04	8.665268126955909e+03	8.924319428997842e+03	1.091029500455802e-17	-inf	
16	8.000000000000000e-01	4.000000000000000e-01	2.046737674676198e-03	6.487967323881279e-03	-1.343778421869499e-16	0.000000000000000e+00	2.957834693272139e+05	1.723296348349757e+04	8.534704998557477e-03	3.863646775523279e+04	8.665268126955913e+03	8.924319428997844e+03	5.829965802981050e-18	-inf	
17	1.000000000000000e+00	4.000000000000000e-01	2.046737674676198e-03	6.487967323881279e-03	0.000000000000000e+00	0.000000000000000e+00	2.957834693272139e+05	1.723296348349757e+04	8.534704998557477e-03	3.863646775523279e+04	8.665268126955913e+03	8.924319428997844e+03	0.000000000000000e+00	-inf	
18	0.000000000000000e+00	6.000000000000000e-01	2.046737674676198e-03	6.487967323881279e-03	7.371454557869415e-16	1.273292582482093e-16	2.957834693272139e+05	1.723296348349757e+04	8.534704998557477e-03	3.863646775523279e+04	8.665268126955913e+03	8.924319428997844e+03	3.245455870821997e-17	-inf	
19	2.000000000000000e-01	6.000000000000000e-01	2.046737674676198e-03	6.487967323881279e-03	-3.279374270683112e-17	1.818989403545857e-18	2.957834693272139e+05	1.723296348349757e+04	8.534704998557477e-03	3.863646775523279e+04	8.665268126955913e+03	8.924319428997844e+03	1.424939383978164e-18	-inf	
20	4.000000000000001e-01	6.000000000000002e-01	2.046737674676198e-03	6.487967323881279e-03	0.000000000000000e+00	-1.291482476517553e-16	2.957834693272139e+05	1.723296348349757e+04	8.534704998557477e-03	3.863646775523279e+04	8.665268126955913e+03	8.924319428997844e+03	5.603080501003774e-18	-inf	
21	6.000000000000000e-01	6.000000000000001e-01	2.046737674676198e-03	6.487967323881279e-03	3.279374270683138e-17	-1.339230948360635e-16	2.957834693272139e+05	1.723296348349757e+04	8.534704998557477e-03	3.863646775523279e+04	8.665268126955913e+03	8.924319428997844e+03	5.981895544047171e-18	-inf	
22	8.000000000000000e-01	6.000000000000001e-01	2.046737674676198e-03	6.487967323881279e-03	1.352873368887226e-16	-9.094947017729286e-19	2.957834693272139e+05	1.723296348349757e+04	8.534704998557477e-03	3.863646775523279e+04	8.665268126955913e+03	8.924319428997844e+03	5.869556747856029e-18	-inf	
23	1.000000000000000e+00	6.000000000000001e-01	2.046737674676198e-03	6.487967323881279e-03	5.038600647822078e-16	-9.094947017729280e-19	2.957834693272139e+05	1.723296348349757e+04	8.534704998557477e-03	3.863646775523278e+04	8.665268126955909e+03	8.924319428997842e+03	2.185994122875971e-17	-inf	
24	0.000000000000000e+00	8.000000000000000e-01	2.046737674676198e-03	6.487967323881279e-03	-1.700755092315387e-16	0.000000000000000e+00	2.957834693272139e+05	1.723296348349757e+04	8.534704998557477e-03	3.863646775523278e+04	8.665268126955909e+03	8.924319428997842e+03	7.378704603434625e-18	-inf	
25	2.000000000000000e-01	8.000000000000000e-01	2.046737674676198e-03	6.487967323881279e-03	-1.339230948360635e-16	3.715285856742325e-16	2.957834693272139e+05	1.723296348349757e+04	8.534704998557477e-03	3.863646775523279e+04	8.665268126955913e+03	8.924319428997844e+03	1.713394342133724e-17	-inf	
26	3.999999999999999e-01	8.000000000000000e-01	2.046737674676198e-03	6.487967323881279e-03	-9.094947017729284e-19	0.000000000000000e+00	2.957834693272139e+05	1.723296348349757e+04	8.534704998557477e-03	3.863646775523279e+04	8.665268126955913e+03	8.924319428997844e+03	3.945831338735068e-20	-inf	
27	6.000000000000000e-01	8.000000000000000e-01	2.046737674676198e-03	6.487967323881279e-03	0.000000000000000e+00	-4.145022103329998e-16	2.957834693272139e+05	1.723296348349757e+04	8.534704998557477e-03	3.863646775523279e+04	8.665268126955913e+03	8.924319428997844e+03	1.798312632628453e-17	-inf	
28	8.000000000000000e-01	8.000000000000000e-01	2.046737674676198e-03	6.487967323881279e-03	0.000000000000000e+00	1.271018845727658e-16	2.957834693272139e+05	1.723296348349757e+04	8.534704998557477e-03	3.863646775523279e+04	8.665268126955913e+03	8.924319428997844e+03	5.514299295882216e-18	-inf	
29	1.000000000000000e+00	8.000000000000000e-01	2.046737674676198e-03	6.487967323881279e-03	-3.346940502524428e-16	-1.155058271251626e-16	2.957834693272139e+05	1.723296348349757e+04	8.534704998557477e-03	3.863646775523279e+04	8.665268126955913e+03	8.924319428997844e+03	1.536104589048154e-17	-inf	
30	0.000000000000000e+00	1.000000000000000e+00	2.046737674676198e-03	6.487967323881279e-03	1.818989403545857e-18	-2.564775058999648e-16	2.957834693272139e+05	1.723296348349757e+04	8.534704998557477e-03	3.863646775523279e+04	8.665268126955913e+03	8.924319428997844e+03	1.112752421790816e-17	-inf	
31	2.000000000000000e-01	1.000000000000000e+00	2.046737674676198e-03	6.487967323881279e-03	0.000000000000000e+00	0.000000000000000e+00	2.957834693272139e+05	1.723296348349757e+04	8.534704998557477e-03	3.863646775523279e+04	8.665268126955913e+03	8.924319428997844e+03	0.000000000000000e+00	-inf	
32	3.999999999999999e-01	1.000000000000000e+00	2.046737674676198e-03	6.487967323881279e-03	0.000000000000000e+00	0.000000000000000e+00	2.957834693272139e+05	1.723296348349757e+04	8.534704998557477e-03	3.863646775523279e+04	8.665268126955913e+03	8.924319428997844e+03	0.000000000000000e+00	-inf	
33	6.000000000000000e-01	1.000000000000000e+00	2.046737674676198e-03	6.487967323881279e-03	1.366515789413817e-16	-2.410160959698289e-16	2.957834693272139e+05	1.723296348349757e+04	8.534704998557477e-03	3.863646775523279e+04	8.665268126955913e+03	8.924319428997844e+03	1.202022652368292e-17	-inf	
34	8.000000000000000e-01	1.000000000000000e+00	2.046737674676198e-03	6.487967323881279e-03	0.000000000000000e+00	5.238689482212064e-16	2.957834693272139e+05	1.723296348349757e+04	8.534704998557477e-03	3.863646775523278e+04	8.665268126955909e+03	8.924319428997842e+03	2.272798851111398e-17	-inf	
35	1.000000000000000e+00	1.000000000000000e+00	2.046737674676198e-03	6.487967323881279e-03	-2.714841684792175e-16	-2.933120413217735e-16	2.957834693272139e+05	1.723296348349757e+04	8.534704998557477e-03	3.863646775523279e+04	8.665268126955913e+03	8.924319428997844e+03	1.733960552042652e-17	-inf	
EXT_ITER= 4412
AOA= 0.000000000000000e+00
SIDESLIP_ANGLE= 0.000000000000000e+00
INITIAL_BCTHRUST= 4.000000000000000e+03
DCD_DCL_VALUE= 0.000000000000000e+00
DCMX_DCL_VALUE= 0.000000000000000e+00
DCMY_DCL_VALUE= 0.000000000000000e+00
DCMZ_DCL_VALUE= 0.000000000000000e+00
