"PointID"	"x"	"y"	"Density[0]"	"Density[1]"	"Momentum_x"	"Momentum_y"	"Energy"	"Electronic_Energy"	"Total_Density"	"Pressure"	"Temperature"	"Tve"	"Mach"	"C<sub>p</sub>"
0	0.000000000000000e+00	0.000000000000000e+00	3.178681360175140e-03	5.356023638382361e-03	0.000000000000000e+00	0.000000000000000e+00	2.957834693272139e+05	4.347912773491479e+04	8.534704998557501e-03	4.338310289043260e+04	1.052270434657698e+04	1.369015900440940e+04	0.000000000000000e+00	-inf	
1	2.000000000000000e-01	0.000000000000000e+00	3.178681360175140e-03	5.356023638382361e-03	0.000000000000000e+00	2.910383045673371e-17	2.957834693272139e+05	4.347912773491479e+04	8.534704998557501e-03	4.338310289043260e+04	1.052270434657698e+04	1.369015900440940e+04	1.203881730585420e-18	-inf	
2	4.000000000000000e-01	0.000000000000000e+00	3.178681360175140e-03	5.356023638382361e-03	0.000000000000000e+00	-2.273736754432321e-17	2.957834693272139e+05	4.347912773491479e+04	8.534704998557501e-03	4.338310289043260e+04	1.052270434657698e+04	1.369015900440940e+04	9.405326020198597e-19	-inf	
3	6.000000000000001e-01	0.000000000000000e+00	3.178681360175140e-03	5.356023638382361e-03	0.000000000000000e+00	-2.637534635141493e-17	2.957834693272139e+05	4.347912773491479e+04	8.534704998557501e-03	4.338310289043260e+04	1.052270434657698e+04	1.369015900440940e+04	1.091017818343037e-18	-inf	
4	8.000000000000000e-01	0.000000000000000e+00	3.178681360175140e-03	5.356023638382361e-03	-1.818989403545857e-18	0.000000000000000e+00	2.957834693272139e+05	4.347912773491479e+04	8.534704998557501e-03	4.338310289043260e+04	1.052270434657698e+04	1.369015900440940e+04	7.524260816158877e-20	-inf	
5	1.000000000000000e+00	0.000000000000000e+00	3.178681360175140e-03	5.356023638382361e-03	-2.728484105318784e-18	8.185452315956353e-18	2.957834693272139e+05	4.347912773491479e+04	8.534704998557501e-03	4.338310289043260e+04	1.052270434657698e+04	1.369015900440940e+04	3.569070283232926e-19	-inf	
6	0.000000000000000e+00	2.000000000000000e-01	3.178681360175140e-03	5.356023638382361e-03	0.000000000000000e+00	0.000000000000000e+00	2.957834693272139e+05	4.347912773491479e+04	8.534704998557501e-03	4.338310289043260e+04	1.052270434657698e+04	1.369015900440940e+04	0.000000000000000e+00	-inf	
7	2.000000000000000e-01	2.000000000000000e-01	3.178681360175140e-03	5.356023638382361e-03	-1.500666257925332e-17	-1.818989403545857e-18	2.957834693272139e+05	4.347912773491479e+04	8.534704998557501e-03	4.338310289043260e+04	1.052270434657698e+04	1.369015900440940e+04	6.252950474410569e-19	-inf	
8	4.000000000000000e-01	2.000000000000000e-01	3.178681360175140e-03	5.356023638382361e-03	-1.364242052659393e-17	0.000000000000000e+00	2.957834693272139e+05	4.347912773491479e+04	8.534704998557501e-03	4.338310289043260e+04	1.052270434657698e+04	1.369015900440940e+04	5.643195612119159e-19	-inf	
9	5.999999999999999e-01	2.000000000000000e-01	3.178681360175140e-03	5.356023638382361e-03	0.000000000000000e+00	9.094947017729285e-18	2.957834693272139e+05	4.347912773491479e+04	8.534704998557501e-03	4.338310289043260e+04	1.052270434657698e+04	1.369015900440940e+04	3.762130408079439e-19	-inf	
10	7.999999999999999e-01	2.000000000000000e-01	3.178681360175140e-03	5.356023638382361e-03	0.000000000000000e+00	-9.094947017729285e-18	2.957834693272139e+05	4.347912773491479e+04	8.534704998557501e-03	4.338310289043260e+04	1.052270434657698e+04	1.369015900440940e+04	3.762130408079439e-19	-inf	
11	1.000000000000000e+00	2.000000000000000e-01	3.178681360175140e-03	5.356023638382361e-03	1.818989403545854e-18	0.000000000000000e+00	2.957834693272139e+05	4.347912773491479e+04	8.534704998557501e-03	4.338310289043260e+04	1.052270434657698e+04	1.369015900440940e+04	7.524260816158868e-20	-inf	
12	0.000000000000000e+00	3.999999999999999e-01	3.178681360175140e-03	5.356023638382361e-03	-3.001332515850663e-17	0.000000000000000e+00	2.957834693272139e+05	4.347912773491479e+04	8.534704998557501e-03	4.338310289043260e+04	1.052270434657698e+04	1.369015900440940e+04	1.241503034666215e-18	-inf	
13	2.000000000000000e-01	3.999999999999999e-01	3.178681360175140e-03	5.356023638382361e-03	1.222916684285328e-17	0.000000000000000e+00	2.957834693272139e+05	4.347912773491479e+04	8.534704998557501e-03	4.338310289043260e+04	1.052270434657698e+04	1.369015900440940e+04	5.058602359671778e-19	-inf	
14	3.999999999999999e-01	4.000000000000001e-01	3.178681360175140e-03	5.356023638382361e-03	-5.051232490832375e-18	0.000000000000000e+00	2.957834693272139e+05	4.347912773491479e+04	8.534704998557501e-03	4.338310289043260e+04	1.052270434657698e+04	1.369015900440940e+04	2.089445415679162e-19	-inf	
15	6.000000000000001e-01	4.000000000000000e-01	3.178681360175140e-03	5.356023638382361e-03	-1.045918907038868e-17	-9.094947017729280e-19	2.957834693272139e+05	4.347912773491479e+04	8.534704998557501e-03	4.338310289043260e+04	1.052270434657698e+04	1.369015900440940e+04	4.342776253602656e-19	-inf	
16	8.000000000000000e-01	4.000000000000000e-01	3.178681360175140e-03	5.356023638382361e-03	2.273736754432322e-18	0.000000000000000e+00	2.957834693272139e+05	4.347912773491479e+04	8.534704998557501e-03	4.338310289043260e+04	1.052270434657698e+04	1.369015900440940e+04	9.405326020198602e-20	-inf	
17	1.000000000000000e+00	4.000000000000000e-01	3.178681360175140e-03	5.356023638382361e-03	0.000000000000000e+00	0.000000000000000e+00	2.957834693272139e+05	4.347912773491479e+04	8.534704998557501e-03	4.338310289043260e+04	1.052270434657698e+04	1.369015900440940e+04	0.000000000000000e+00	-inf	
18	0.000000000000000e+00	6.000000000000000e-01	3.178681360175140e-03	5.356023638382361e-03	2.273736754432321e-17	-1.818989403545856e-18	2.957834693272139e+05	4.347912773491479e+04	8.534704998557501e-03	4.338310289043260e+04	1.052270434657698e+04	1.369015900440940e+04	9.435375061677233e-19	-inf	
19	2.000000000000000e-01	6.000000000000000e-01	3.178681360175140e-03	5.356023638382361e-03	3.567240887239572e-19	1.818989403545857e-18	2.957834693272139e+05	4.347912773491479e+04	8.534704998557501e-03	4.338310289043260e+04	1.052270434657698e+04	1.369015900440940e+04	7.667585718356081e-20	-inf	
20	4.000000000000001e-01	6.000000000000002e-01	3.178681360175140e-03	5.356023638382361e-03	0.000000000000000e+00	0.000000000000000e+00	2.957834693272139e+05	4.347912773491479e+04	8.534704998557501e-03	4.338310289043260e+04	1.052270434657698e+04	1.369015900440940e+04	0.000000000000000e+00	-inf	
21	6.000000000000000e-01	6.000000000000001e-01	3.178681360175140e-03	5.356023638382361e-03	-3.567240887239289e-19	2.273736754432320e-18	2.957834693272139e+05	4.347912773491479e+04	8.534704998557501e-03	4.338310289043260e+04	1.052270434657698e+04	1.369015900440940e+04	9.520374334288471e-20	-inf	
22	8.000000000000000e-01	6.000000000000001e-01	3.178681360175140e-03	5.356023638382361e-03	-1.364242052659393e-18	-9.094947017729286e-19	2.957834693272139e+05	4.347912773491479e+04	8.534704998557501e-03	4.338310289043260e+04	1.052270434657698e+04	1.369015900440940e+04	6.782277045656342e-20	-inf	
23	1.000000000000000e+00	6.000000000000001e-01	3.178681360175140e-03	5.356023638382361e-03	2.182787284255029e-17	-9.094947017729280e-19	2.957834693272139e+05	4.347912773491479e+04	8.534704998557501e-03	4.338310289043260e+04	1.052270434657698e+04	1.369015900440940e+04	9.036947352213287e-19	-inf	
24	0.000000000000000e+00	8.000000000000000e-01	3.178681360175140e-03	5.356023638382361e-03	2.728484105318784e-18	0.000000000000000e+00	2.957834693272139e+05	4.347912773491479e+04	8.534704998557501e-03	4.338310289043260e+04	1.052270434657698e+04	1.369015900440940e+04	1.128639122423831e-19	-inf	
25	2.000000000000000e-01	8.000000000000000e-01	3.178681360175140e-03	5.356023638382361e-03	2.273736754432320e-18	1.409716787748039e-17	2.957834693272139e+05	4.347912773491479e+04	8.534704998557501e-03	4.338310289043260e+04	1.052270434657698e+04	1.369015900440940e+04	5.906664552539873e-19	-inf	
26	3.999999999999999e-01	8.000000000000000e-01	3.178681360175140e-03	5.356023638382361e-03	-9.094947017729284e-19	0.000000000000000e+00	2.957834693272139e+05	4.347912773491479e+04	8.534704998557501e-03	4.338310289043260e+04	1.052270434657698e+04	1.369015900440940e+04	3.762130408079439e-20	-inf	
27	6.000000000000000e-01	8.000000000000000e-01	3.178681360175140e-03	5.356023638382361e-03	0.000000000000000e+00	-1.136868377216160e-17	2.957834693272139e+05	4.347912773491479e+04	8.534704998557501e-03	4.338310289043260e+04	1.052270434657698e+04	1.369015900440940e+04	4.702663010099297e-19	-inf	
28	8.000000000000000e-01	8.000000000000000e-01	3.178681360175140e-03	5.356023638382361e-03	0.000000000000000e+00	0.000000000000000e+00	2.957834693272139e+05	4.347912773491479e+04	8.534704998557501e-03	4.338310289043260e+04	1.052270434657698e+04	1.369015900440940e+04	0.000000000000000e+00	-inf	
29	1.000000000000000e+00	8.000000000000000e-01	3.178681360175140e-03	5.356023638382361e-03	-2.455635694786906e-17	-9.094947017729276e-19	2.957834693272139e+05	4.347912773491479e+04	8.534704998557501e-03	4.338310289043260e+04	1.052270434657698e+04	1.369015900440940e+04	1.016471662241454e-18	-inf	
30	0.000000000000000e+00	1.000000000000000e+00	3.178681360175140e-03	5.356023638382361e-03	1.818989403545857e-18	1.818989403545857e-18	2.957834693272139e+05	4.347912773491479e+04	8.534704998557501e-03	4.338310289043260e+04	1.052270434657698e+04	1.369015900440940e+04	1.064091169304434e-19	-inf	
31	2.000000000000000e-01	1.000000000000000e+00	3.178681360175140e-03	5.356023638382361e-03	0.000000000000000e+00	0.000000000000000e+00	2.957834693272139e+05	4.347912773491479e+04	8.534704998557501e-03	4.338310289043260e+04	1.052270434657698e+04	1.369015900440940e+04	0.000000000000000e+00	-inf	
32	3.999999999999999e-01	1.000000000000000e+00	3.178681360175140e-03	5.356023638382361e-03	0.000000000000000e+00	0.000000000000000e+00	2.957834693272139e+05	4.347912773491479e+04	8.534704998557501e-03	4.338310289043260e+04	1.052270434657698e+04	1.369015900440940e+04	0.000000000000000e+00	-inf	
33	6.000000000000000e-01	1.000000000000000e+00	3.178681360175140e-03	5.356023638382361e-03	0.000000000000000e+00	-2.273736754432321e-17	2.957834693272139e+05	4.347912773491479e+04	8.534704998557501e-03	4.338310289043260e+04	1.052270434657698e+04	1.369015900440940e+04	9.405326020198597e-19	-inf	
34	8.000000000000000e-01	1.000000000000000e+00	3.178681360175140e-03	5.356023638382361e-03	0.000000000000000e+00	-9.094947017729288e-19	2.957834693272139e+05	4.347912773491479e+04	8.534704998557501e-03	4.338310289043260e+04	1.052270434657698e+04	1.369015900440940e+04	3.762130408079441e-20	-inf	
35	1.000000000000000e+00	1.000000000000000e+00	3.178681360175140e-03	5.356023638382361e-03	1.818989403545856e-18	6.366462912410496e-18	2.957834693272139e+05	4.347912773491479e+04	8.534704998557501e-03	4.338310289043260e+04	1.052270434657698e+04	1.369015900440940e+04	2.738872278862206e-19	-inf	
EXT_ITER= 199
AOA= 0.000000000000000e+00
SIDESLIP_ANGLE= 0.000000000000000e+00
INITIAL_BCTHRUST= 4.000000000000000e+03
DCD_DCL_VALUE= 0.000000000000000e+00
DCMX_DCL_VALUE= 0.000000000000000e+00
DCMY_DCL_VALUE= 0.000000000000000e+00
DCMZ_DCL_VALUE= 0.000000000000000e+00
