"PointID"	"x"	"y"	"Density[0]"	"Density[1]"	"Momentum_x"	"Momentum_y"	"Energy"	"Electronic_Energy"	"Total_Density"	"Pressure"	"Temperature"	"Tve"	"Mach"	"C<sub>p</sub>"
0	0.000000000000000e+00	0.000000000000000e+00	1.890781141528007e-03	6.643923857029508e-03	0.000000000000000e+00	0.000000000000000e+00	2.957834693272139e+05	1.466201951017539e+04	8.534704998557515e-03	3.727140745639626e+04	8.273228815377350e+03	8.404063967268998e+03	0.000000000000000e+00	-inf	
1	2.000000000000000e-01	0.000000000000000e+00	1.890781141528007e-03	6.643923857029508e-03	0.000000000000000e+00	1.383341441396660e-15	2.957834693272139e+05	1.466201951017539e+04	8.534704998557515e-03	3.727140745639626e+04	8.273228815377350e+03	8.404063967268998e+03	6.102213733512548e-17	-inf	
2	4.000000000000000e-01	0.000000000000000e+00	1.890781141528007e-03	6.643923857029508e-03	0.000000000000000e+00	-1.098214852390809e-15	2.957834693272139e+05	1.466201951017539e+04	8.534704998557515e-03	3.727140745639626e+04	8.273228815377350e+03	8.404063967268998e+03	4.844459620786455e-17	-inf	
3	6.000000000000001e-01	0.000000000000000e+00	1.890781141528007e-03	6.643923857029508e-03	0.000000000000000e+00	-1.076386979548256e-15	2.957834693272139e+05	1.466201951017539e+04	8.534704998557515e-03	3.727140745639626e+04	8.273228815377350e+03	8.404063967268998e+03	4.748172224596897e-17	-inf	
4	8.000000000000000e-01	0.000000000000000e+00	1.890781141528007e-03	6.643923857029508e-03	3.431068762438368e-16	0.000000000000000e+00	2.957834693272139e+05	1.466201951017539e+04	8.534704998557515e-03	3.727140745639626e+04	8.273228815377350e+03	8.404063967268998e+03	1.513517508854403e-17	-inf	
5	1.000000000000000e+00	0.000000000000000e+00	1.890781141528007e-03	6.643923857029508e-03	6.566551746800559e-16	-1.164153218269347e-16	2.957834693272139e+05	1.466201951017539e+04	8.534704998557515e-03	3.727140745639627e+04	8.273228815377352e+03	8.404063967268998e+03	2.941814578005015e-17	-inf	
6	0.000000000000000e+00	2.000000000000000e-01	1.890781141528007e-03	6.643923857029508e-03	0.000000000000000e+00	0.000000000000000e+00	2.957834693272139e+05	1.466201951017539e+04	8.534704998557515e-03	3.727140745639626e+04	8.273228815377350e+03	8.404063967268998e+03	0.000000000000000e+00	-inf	
7	2.000000000000000e-01	2.000000000000000e-01	1.890781141528007e-03	6.643923857029508e-03	-6.903064786456705e-16	-1.818989403545857e-18	2.957834693272139e+05	1.466201951017539e+04	8.534704998557515e-03	3.727140745639626e+04	8.273228815377350e+03	8.404063967268998e+03	3.045099476214788e-17	-inf	
8	4.000000000000000e-01	2.000000000000000e-01	1.890781141528007e-03	6.643923857029508e-03	-6.907612259965569e-16	3.449258656473826e-16	2.957834693272139e+05	1.466201951017539e+04	8.534704998557515e-03	3.727140745639626e+04	8.273228815377350e+03	8.404063967268998e+03	3.405859023855984e-17	-inf	
9	5.999999999999999e-01	2.000000000000000e-01	1.890781141528007e-03	6.643923857029508e-03	0.000000000000000e+00	8.990355127025370e-16	2.957834693272139e+05	1.466201951017539e+04	8.534704998557515e-03	3.727140745639626e+04	8.273228815377350e+03	8.404063967268998e+03	3.965837130556857e-17	-inf	
10	7.999999999999999e-01	2.000000000000000e-01	1.890781141528007e-03	6.643923857029508e-03	3.281002136645839e-16	-5.372839950723549e-16	2.957834693272139e+05	1.466201951017539e+04	8.534704998557515e-03	3.727140745639626e+04	8.273228815377350e+03	8.404063967268998e+03	2.777046340876569e-17	-inf	
11	1.000000000000000e+00	2.000000000000000e-01	1.890781141528007e-03	6.643923857029508e-03	6.448317435570073e-16	-3.230979928048334e-16	2.957834693272139e+05	1.466201951017539e+04	8.534704998557515e-03	3.727140745639627e+04	8.273228815377352e+03	8.404063967268998e+03	3.181583477832153e-17	-inf	
12	0.000000000000000e+00	3.999999999999999e-01	1.890781141528007e-03	6.643923857029508e-03	-1.258285919902898e-15	0.000000000000000e+00	2.957834693272139e+05	1.466201951017539e+04	8.534704998557515e-03	3.727140745639626e+04	8.273228815377350e+03	8.404063967268998e+03	5.550567192843353e-17	-inf	
13	2.000000000000000e-01	3.999999999999999e-01	1.890781141528007e-03	6.643923857029508e-03	6.928105348401035e-16	0.000000000000000e+00	2.957834693272139e+05	1.466201951017539e+04	8.534704998557515e-03	3.727140745639626e+04	8.273228815377350e+03	8.404063967268998e+03	3.056134829702689e-17	-inf	
14	3.999999999999999e-01	4.000000000000001e-01	1.890781141528007e-03	6.643923857029508e-03	2.689860038139160e-16	0.000000000000000e+00	2.957834693272139e+05	1.466201951017539e+04	8.534704998557515e-03	3.727140745639627e+04	8.273228815377352e+03	8.404063967268998e+03	1.186554553689018e-17	-inf	
15	6.000000000000001e-01	4.000000000000000e-01	1.890781141528007e-03	6.643923857029508e-03	-8.451479516224901e-16	-9.094947017729280e-19	2.957834693272139e+05	1.466201951017539e+04	8.534704998557515e-03	3.727140745639627e+04	8.273228815377352e+03	8.404063967268998e+03	3.728129779929911e-17	-inf	
16	8.000000000000000e-01	4.000000000000000e-01	1.890781141528007e-03	6.643923857029508e-03	-3.572040441213179e-16	0.000000000000000e+00	2.957834693272139e+05	1.466201951017539e+04	8.534704998557515e-03	3.727140745639626e+04	8.273228815377350e+03	8.404063967268998e+03	1.575703118893487e-17	-inf	
17	1.000000000000000e+00	4.000000000000000e-01	1.890781141528007e-03	6.643923857029508e-03	0.000000000000000e+00	0.000000000000000e+00	2.957834693272139e+05	1.466201951017539e+04	8.534704998557515e-03	3.727140745639626e+04	8.273228815377350e+03	8.404063967268998e+03	0.000000000000000e+00	-inf	
18	0.000000000000000e+00	6.000000000000000e-01	1.890781141528007e-03	6.643923857029508e-03	1.098214852390809e-15	3.431068762438367e-16	2.957834693272139e+05	1.466201951017539e+04	8.534704998557515e-03	3.727140745639626e+04	8.273228815377350e+03	8.404063967268998e+03	5.075384149701309e-17	-inf	
19	2.000000000000000e-01	6.000000000000000e-01	1.890781141528007e-03	6.643923857029508e-03	2.638123788056102e-17	1.818989403545857e-18	2.957834693272139e+05	1.466201951017539e+04	8.534704998557515e-03	3.727140745639626e+04	8.273228815377350e+03	8.404063967268998e+03	1.166495573158473e-18	-inf	
20	4.000000000000001e-01	6.000000000000002e-01	1.890781141528007e-03	6.643923857029508e-03	0.000000000000000e+00	-3.449258656473828e-16	2.957834693272139e+05	1.466201951017539e+04	8.534704998557515e-03	3.727140745639626e+04	8.273228815377350e+03	8.404063967268998e+03	1.521541458536865e-17	-inf	
21	6.000000000000000e-01	6.000000000000001e-01	1.890781141528007e-03	6.643923857029508e-03	-2.638123788056059e-17	-3.626610123319558e-16	2.957834693272139e+05	1.466201951017539e+04	8.534704998557515e-03	3.727140745639626e+04	8.273228815377350e+03	8.404063967268998e+03	1.604002083385088e-17	-inf	
22	8.000000000000000e-01	6.000000000000001e-01	1.890781141528007e-03	6.643923857029508e-03	5.743459041696041e-16	-9.094947017729286e-19	2.957834693272139e+05	1.466201951017539e+04	8.534704998557515e-03	3.727140745639626e+04	8.273228815377350e+03	8.404063967268998e+03	2.533565288779218e-17	-inf	
23	1.000000000000000e+00	6.000000000000001e-01	1.890781141528007e-03	6.643923857029508e-03	1.258740667253727e-15	-9.094947017729280e-19	2.957834693272139e+05	1.466201951017539e+04	8.534704998557515e-03	3.727140745639627e+04	8.273228815377352e+03	8.404063967268998e+03	5.552574629676401e-17	-inf	
24	0.000000000000000e+00	8.000000000000000e-01	1.890781141528007e-03	6.643923857029508e-03	-6.057234713807719e-16	0.000000000000000e+00	2.957834693272139e+05	1.466201951017539e+04	8.534704998557515e-03	3.727140745639627e+04	8.273228815377352e+03	8.404063967268998e+03	2.671975244259870e-17	-inf	
25	2.000000000000000e-01	8.000000000000000e-01	1.890781141528007e-03	6.643923857029508e-03	-3.626610123319559e-16	6.893969839438973e-16	2.957834693272139e+05	1.466201951017539e+04	8.534704998557515e-03	3.727140745639626e+04	8.273228815377350e+03	8.404063967268998e+03	3.436193946813702e-17	-inf	
26	3.999999999999999e-01	8.000000000000000e-01	1.890781141528007e-03	6.643923857029508e-03	-9.094947017729284e-19	0.000000000000000e+00	2.957834693272139e+05	1.466201951017539e+04	8.534704998557515e-03	3.727140745639626e+04	8.273228815377350e+03	8.404063967268998e+03	4.011974841231026e-20	-inf	
27	6.000000000000000e-01	8.000000000000000e-01	1.890781141528007e-03	6.643923857029508e-03	0.000000000000000e+00	-6.773461791454044e-16	2.957834693272139e+05	1.466201951017539e+04	8.534704998557515e-03	3.727140745639626e+04	8.273228815377350e+03	8.404063967268998e+03	2.987918263006877e-17	-inf	
28	8.000000000000000e-01	8.000000000000000e-01	1.890781141528007e-03	6.643923857029508e-03	0.000000000000000e+00	3.383320290595282e-16	2.957834693272139e+05	1.466201951017539e+04	8.534704998557515e-03	3.727140745639626e+04	8.273228815377350e+03	8.404063967268998e+03	1.492454640937936e-17	-inf	
29	1.000000000000000e+00	8.000000000000000e-01	1.890781141528007e-03	6.643923857029508e-03	-1.074567990144710e-15	-3.337845555506663e-16	2.957834693272139e+05	1.466201951017539e+04	8.534704998557515e-03	3.727140745639626e+04	8.273228815377350e+03	8.404063967268998e+03	4.963562432091840e-17	-inf	
30	0.000000000000000e+00	1.000000000000000e+00	1.890781141528007e-03	6.643923857029508e-03	1.818989403545857e-18	-6.880327418912197e-16	2.957834693272139e+05	1.466201951017539e+04	8.534704998557515e-03	3.727140745639626e+04	8.273228815377350e+03	8.404063967268998e+03	3.035069574047794e-17	-inf	
31	2.000000000000000e-01	1.000000000000000e+00	1.890781141528007e-03	6.643923857029508e-03	0.000000000000000e+00	0.000000000000000e+00	2.957834693272139e+05	1.466201951017539e+04	8.534704998557515e-03	3.727140745639626e+04	8.273228815377350e+03	8.404063967268998e+03	0.000000000000000e+00	-inf	
32	3.999999999999999e-01	1.000000000000000e+00	1.890781141528007e-03	6.643923857029508e-03	0.000000000000000e+00	0.000000000000000e+00	2.957834693272139e+05	1.466201951017539e+04	8.534704998557515e-03	3.727140745639626e+04	8.273228815377350e+03	8.404063967268998e+03	0.000000000000000e+00	-inf	
33	6.000000000000000e-01	1.000000000000000e+00	1.890781141528007e-03	6.643923857029508e-03	3.594777808757500e-16	-8.162714948411796e-16	2.957834693272139e+05	1.466201951017539e+04	8.534704998557515e-03	3.727140745639626e+04	8.273228815377350e+03	8.404063967268998e+03	3.934454384987962e-17	-inf	
34	8.000000000000000e-01	1.000000000000000e+00	1.890781141528007e-03	6.643923857029508e-03	0.000000000000000e+00	4.342837200965661e-16	2.957834693272139e+05	1.466201951017539e+04	8.534704998557515e-03	3.727140745639627e+04	8.273228815377352e+03	8.404063967268998e+03	1.915717986687783e-17	-inf	
35	1.000000000000000e+00	1.000000000000000e+00	1.890781141528007e-03	6.643923857029508e-03	-7.171365723479539e-16	8.594724931754156e-17	2.957834693272139e+05	1.466201951017539e+04	8.534704998557515e-03	3.727140745639626e+04	8.273228815377350e+03	8.404063967268998e+03	3.186080209514736e-17	-inf	
EXT_ITER= 8571
AOA= 0.000000000000000e+00
SIDESLIP_ANGLE= 0.000000000000000e+00
INITIAL_BCTHRUST= 4.000000000000000e+03
DCD_DCL_VALUE= 0.000000000000000e+00
DCMX_DCL_VALUE= 0.000000000000000e+00
DCMY_DCL_VALUE= 0.000000000000000e+00
DCMZ_DCL_VALUE= 0.000000000000000e+00
