"PointID"	"x"	"y"	"Density[0]"	"Density[1]"	"Momentum_x"	"Momentum_y"	"Energy"	"Electronic_Energy"	"Total_Density"	"Pressure"	"Temperature"	"Tve"	"Mach"	"C<sub>p</sub>"
0	0.000000000000000e+00	0.000000000000000e+00	1.903723686657510e-03	6.630981311900003e-03	0.000000000000000e+00	0.000000000000000e+00	2.957834693272139e+05	1.486330184411030e+04	8.534704998557513e-03	3.739307619778394e+04	8.307319436980197e+03	8.445557553508470e+03	0.000000000000000e+00	-inf	
1	2.000000000000000e-01	0.000000000000000e+00	1.903723686657510e-03	6.630981311900003e-03	0.000000000000000e+00	1.338776201009781e-15	2.957834693272139e+05	1.486330184411030e+04	8.534704998557513e-03	3.739307619778394e+04	8.307319436980197e+03	8.445557553508470e+03	5.896674613749282e-17	-inf	
2	4.000000000000000e-01	0.000000000000000e+00	1.903723686657510e-03	6.630981311900003e-03	0.000000000000000e+00	-1.061380316969001e-15	2.957834693272139e+05	1.486330184411030e+04	8.534704998557513e-03	3.739307619778394e+04	8.307319436980197e+03	8.445557553508470e+03	4.674877224351369e-17	-inf	
3	6.000000000000001e-01	0.000000000000000e+00	1.903723686657510e-03	6.630981311900003e-03	0.000000000000000e+00	-9.899849828798163e-16	2.957834693272139e+05	1.486330184411030e+04	8.534704998557513e-03	3.739307619778394e+04	8.307319436980197e+03	8.445557553508470e+03	4.360414617571906e-17	-inf	
4	8.000000000000000e-01	0.000000000000000e+00	1.903723686657510e-03	6.630981311900003e-03	3.169589035678657e-16	0.000000000000000e+00	2.957834693272139e+05	1.486330184411030e+04	8.534704998557513e-03	3.739307619778394e+04	8.307319436980197e+03	8.445557553508470e+03	1.396053738377432e-17	-inf	
5	1.000000000000000e+00	0.000000000000000e+00	1.903723686657511e-03	6.630981311900003e-03	5.952642823103819e-16	-1.123225956689564e-16	2.957834693272139e+05	1.486330184411030e+04	8.534704998557515e-03	3.739307619778393e+04	8.307319436980193e+03	8.445557553508470e+03	2.668124777690923e-17	-inf	
6	0.000000000000000e+00	2.000000000000000e-01	1.903723686657510e-03	6.630981311900003e-03	0.000000000000000e+00	0.000000000000000e+00	2.957834693272139e+05	1.486330184411030e+04	8.534704998557513e-03	3.739307619778394e+04	8.307319436980197e+03	8.445557553508470e+03	0.000000000000000e+00	-inf	
7	2.000000000000000e-01	2.000000000000000e-01	1.903723686657510e-03	6.630981311900003e-03	-6.516529538203159e-16	-1.818989403545857e-18	2.957834693272139e+05	1.486330184411030e+04	8.534704998557513e-03	3.739307619778394e+04	8.307319436980197e+03	8.445557553508470e+03	2.870233573629923e-17	-inf	
8	4.000000000000000e-01	2.000000000000000e-01	1.903723686657510e-03	6.630981311900003e-03	-6.684786058031172e-16	3.187778929714115e-16	2.957834693272139e+05	1.486330184411030e+04	8.534704998557513e-03	3.739307619778394e+04	8.307319436980197e+03	8.445557553508470e+03	3.261976007185296e-17	-inf	
9	5.999999999999999e-01	2.000000000000000e-01	1.903723686657510e-03	6.630981311900003e-03	0.000000000000000e+00	8.228653314290565e-16	2.957834693272139e+05	1.486330184411030e+04	8.534704998557513e-03	3.739307619778394e+04	8.307319436980197e+03	8.445557553508470e+03	3.624331764123329e-17	-inf	
10	7.999999999999999e-01	2.000000000000000e-01	1.903723686657510e-03	6.630981311900003e-03	3.005879989359531e-16	-4.965841071680110e-16	2.957834693272139e+05	1.486330184411030e+04	8.534704998557513e-03	3.739307619778394e+04	8.307319436980197e+03	8.445557553508470e+03	2.556708497026519e-17	-inf	
11	1.000000000000000e+00	2.000000000000000e-01	1.903723686657511e-03	6.630981311900003e-03	5.893525667488584e-16	-2.969500201288618e-16	2.957834693272139e+05	1.486330184411030e+04	8.534704998557515e-03	3.739307619778393e+04	8.307319436980193e+03	8.445557553508470e+03	2.906706079447717e-17	-inf	
12	0.000000000000000e+00	3.999999999999999e-01	1.903723686657510e-03	6.630981311900003e-03	-1.260104909306439e-15	0.000000000000000e+00	2.957834693272139e+05	1.486330184411030e+04	8.534704998557513e-03	3.739307619778394e+04	8.307319436980197e+03	8.445557553508470e+03	5.550164862329994e-17	-inf	
13	2.000000000000000e-01	3.999999999999999e-01	1.903723686657510e-03	6.630981311900003e-03	6.522335052762711e-16	0.000000000000000e+00	2.957834693272139e+05	1.486330184411030e+04	8.534704998557513e-03	3.739307619778394e+04	8.307319436980197e+03	8.445557553508470e+03	2.872779445809105e-17	-inf	
14	3.999999999999999e-01	4.000000000000001e-01	1.903723686657511e-03	6.630981311900003e-03	2.529653311979525e-16	0.000000000000000e+00	2.957834693272139e+05	1.486330184411030e+04	8.534704998557515e-03	3.739307619778393e+04	8.307319436980193e+03	8.445557553508470e+03	1.114192383692328e-17	-inf	
15	6.000000000000001e-01	4.000000000000000e-01	1.903723686657511e-03	6.630981311900003e-03	-7.757989806123069e-16	-9.094947017729280e-19	2.957834693272139e+05	1.486330184411030e+04	8.534704998557515e-03	3.739307619778393e+04	8.307319436980193e+03	8.445557553508470e+03	3.417029145353112e-17	-inf	
16	8.000000000000000e-01	4.000000000000000e-01	1.903723686657510e-03	6.630981311900003e-03	-3.262812242610383e-16	0.000000000000000e+00	2.957834693272139e+05	1.486330184411030e+04	8.534704998557513e-03	3.739307619778394e+04	8.307319436980197e+03	8.445557553508470e+03	1.437114142447357e-17	-inf	
17	1.000000000000000e+00	4.000000000000000e-01	1.903723686657510e-03	6.630981311900003e-03	0.000000000000000e+00	0.000000000000000e+00	2.957834693272139e+05	1.486330184411030e+04	8.534704998557513e-03	3.739307619778394e+04	8.307319436980197e+03	8.445557553508470e+03	0.000000000000000e+00	-inf	
18	0.000000000000000e+00	6.000000000000000e-01	1.903723686657510e-03	6.630981311900003e-03	1.061380316969001e-15	3.169589035678656e-16	2.957834693272139e+05	1.486330184411030e+04	8.534704998557513e-03	3.739307619778394e+04	8.307319436980197e+03	8.445557553508470e+03	4.878877237971535e-17	-inf	
19	2.000000000000000e-01	6.000000000000000e-01	1.903723686657510e-03	6.630981311900003e-03	1.844150224561713e-17	1.818989403545857e-18	2.957834693272139e+05	1.486330184411030e+04	8.534704998557513e-03	3.739307619778394e+04	8.307319436980197e+03	8.445557553508470e+03	8.162024394999324e-19	-inf	
20	4.000000000000001e-01	6.000000000000002e-01	1.903723686657510e-03	6.630981311900003e-03	0.000000000000000e+00	-3.187778929714116e-16	2.957834693272139e+05	1.486330184411030e+04	8.534704998557513e-03	3.739307619778394e+04	8.307319436980197e+03	8.445557553508470e+03	1.404065524537418e-17	-inf	
21	6.000000000000000e-01	6.000000000000001e-01	1.903723686657510e-03	6.630981311900003e-03	-1.844150224561672e-17	-3.296918293926870e-16	2.957834693272139e+05	1.486330184411030e+04	8.534704998557513e-03	3.739307619778394e+04	8.307319436980197e+03	8.445557553508470e+03	1.454406181015116e-17	-inf	
22	8.000000000000000e-01	6.000000000000001e-01	1.903723686657510e-03	6.630981311900003e-03	4.731646185973664e-16	-9.094947017729286e-19	2.957834693272139e+05	1.486330184411030e+04	8.534704998557513e-03	3.739307619778394e+04	8.307319436980197e+03	8.445557553508470e+03	2.084069724831933e-17	-inf	
23	1.000000000000000e+00	6.000000000000001e-01	1.903723686657511e-03	6.630981311900003e-03	1.260559656657277e-15	-9.094947017729280e-19	2.957834693272139e+05	1.486330184411030e+04	8.534704998557515e-03	3.739307619778393e+04	8.307319436980193e+03	8.445557553508470e+03	5.552169253996963e-17	-inf	
24	0.000000000000000e+00	8.000000000000000e-01	1.903723686657511e-03	6.630981311900003e-03	-5.575202521868074e-16	0.000000000000000e+00	2.957834693272139e+05	1.486330184411030e+04	8.534704998557515e-03	3.739307619778393e+04	8.307319436980193e+03	8.445557553508470e+03	2.455612458035492e-17	-inf	
25	2.000000000000000e-01	8.000000000000000e-01	1.903723686657510e-03	6.630981311900003e-03	-3.296918293926870e-16	6.507434591185428e-16	2.957834693272139e+05	1.486330184411030e+04	8.534704998557513e-03	3.739307619778394e+04	8.307319436980197e+03	8.445557553508470e+03	3.213082115584577e-17	-inf	
26	3.999999999999999e-01	8.000000000000000e-01	1.903723686657510e-03	6.630981311900003e-03	-9.094947017729284e-19	0.000000000000000e+00	2.957834693272139e+05	1.486330184411030e+04	8.534704998557513e-03	3.739307619778394e+04	8.307319436980197e+03	8.445557553508470e+03	4.005893079992629e-20	-inf	
27	6.000000000000000e-01	8.000000000000000e-01	1.903723686657510e-03	6.630981311900003e-03	0.000000000000000e+00	-6.543814379256350e-16	2.957834693272139e+05	1.486330184411030e+04	8.534704998557513e-03	3.739307619778394e+04	8.307319436980197e+03	8.445557553508470e+03	2.882240071054754e-17	-inf	
28	8.000000000000000e-01	8.000000000000000e-01	1.903723686657510e-03	6.630981311900003e-03	0.000000000000000e+00	3.108198143308974e-16	2.957834693272139e+05	1.486330184411030e+04	8.534704998557513e-03	3.739307619778394e+04	8.307319436980197e+03	8.445557553508470e+03	1.369013960087477e-17	-inf	
29	1.000000000000000e+00	8.000000000000000e-01	1.903723686657510e-03	6.630981311900003e-03	-9.881659934762702e-16	-3.037712303921596e-16	2.957834693272139e+05	1.486330184411030e+04	8.534704998557513e-03	3.739307619778394e+04	8.307319436980197e+03	8.445557553508470e+03	4.553412956068914e-17	-inf	
30	0.000000000000000e+00	1.000000000000000e+00	1.903723686657510e-03	6.630981311900003e-03	1.818989403545857e-18	-6.357367965392774e-16	2.957834693272139e+05	1.486330184411030e+04	8.534704998557513e-03	3.739307619778394e+04	8.307319436980197e+03	8.445557553508470e+03	2.800130724674167e-17	-inf	
31	2.000000000000000e-01	1.000000000000000e+00	1.903723686657510e-03	6.630981311900003e-03	0.000000000000000e+00	0.000000000000000e+00	2.957834693272139e+05	1.486330184411030e+04	8.534704998557513e-03	3.739307619778394e+04	8.307319436980197e+03	8.445557553508470e+03	0.000000000000000e+00	-inf	
32	3.999999999999999e-01	1.000000000000000e+00	1.903723686657510e-03	6.630981311900003e-03	0.000000000000000e+00	0.000000000000000e+00	2.957834693272139e+05	1.486330184411030e+04	8.534704998557513e-03	3.739307619778394e+04	8.307319436980197e+03	8.445557553508470e+03	0.000000000000000e+00	-inf	
33	6.000000000000000e-01	1.000000000000000e+00	1.903723686657510e-03	6.630981311900003e-03	3.285549610154703e-16	-7.389644451904872e-16	2.957834693272139e+05	1.486330184411030e+04	8.534704998557513e-03	3.739307619778394e+04	8.307319436980197e+03	8.445557553508470e+03	3.561997717034738e-17	-inf	
34	8.000000000000000e-01	1.000000000000000e+00	1.903723686657511e-03	6.630981311900003e-03	0.000000000000000e+00	4.270077624823836e-16	2.957834693272139e+05	1.486330184411030e+04	8.534704998557515e-03	3.739307619778393e+04	8.307319436980193e+03	8.445557553508470e+03	1.880766801056512e-17	-inf	
35	1.000000000000000e+00	1.000000000000000e+00	1.903723686657510e-03	6.630981311900003e-03	-6.552909326273945e-16	8.185452315956340e-17	2.957834693272139e+05	1.486330184411030e+04	8.534704998557513e-03	3.739307619778394e+04	8.307319436980197e+03	8.445557553508470e+03	2.908676317221851e-17	-inf	
EXT_ITER= 8088
AOA= 0.000000000000000e+00
SIDESLIP_ANGLE= 0.000000000000000e+00
INITIAL_BCTHRUST= 4.000000000000000e+03
DCD_DCL_VALUE= 0.000000000000000e+00
DCMX_DCL_VALUE= 0.000000000000000e+00
DCMY_DCL_VALUE= 0.000000000000000e+00
DCMZ_DCL_VALUE= 0.000000000000000e+00
