"PointID"	"x"	"y"	"Density[0]"	"Density[1]"	"Momentum_x"	"Momentum_y"	"Energy"	"Electronic_Energy"	"Total_Density"	"Pressure"	"Temperature"	"Tve"	"Mach"	"C<sub>p</sub>"
0	0.000000000000000e+00	0.000000000000000e+00	1.983912524846652e-03	6.550792473710830e-03	0.000000000000000e+00	0.000000000000000e+00	2.957834693272139e+05	1.615197312958484e+04	8.534704998557482e-03	3.811737413445197e+04	8.513244827382265e+03	8.707658799130415e+03	0.000000000000000e+00	-inf	
1	2.000000000000000e-01	0.000000000000000e+00	1.983912524846652e-03	6.550792473710830e-03	0.000000000000000e+00	1.131411409005525e-15	2.957834693272139e+05	1.615197312958484e+04	8.534704998557482e-03	3.811737413445197e+04	8.513244827382265e+03	8.707658799130415e+03	4.939208340564469e-17	-inf	
2	4.000000000000000e-01	0.000000000000000e+00	1.983912524846652e-03	6.550792473710830e-03	0.000000000000000e+00	-8.440110832452516e-16	2.957834693272139e+05	1.615197312958484e+04	8.534704998557482e-03	3.811737413445197e+04	8.513244827382265e+03	8.707658799130415e+03	3.684554131867907e-17	-inf	
3	6.000000000000001e-01	0.000000000000000e+00	1.983912524846652e-03	6.550792473710830e-03	0.000000000000000e+00	-5.707079253625096e-16	2.957834693272139e+05	1.615197312958484e+04	8.534704998557482e-03	3.811737413445197e+04	8.513244827382265e+03	8.707658799130415e+03	2.491441506193072e-17	-inf	
4	8.000000000000000e-01	0.000000000000000e+00	1.983912524846652e-03	6.550792473710830e-03	9.231371222995170e-17	0.000000000000000e+00	2.957834693272139e+05	1.615197312958484e+04	8.534704998557482e-03	3.811737413445197e+04	8.513244827382265e+03	8.707658799130415e+03	4.029981081730624e-18	-inf	
5	1.000000000000000e+00	0.000000000000000e+00	1.983912524846653e-03	6.550792473710830e-03	1.236912794411154e-16	1.100488589145241e-16	2.957834693272139e+05	1.615197312958484e+04	8.534704998557482e-03	3.811737413445196e+04	8.513244827382261e+03	8.707658799130415e+03	7.227590843860695e-18	-inf	
6	0.000000000000000e+00	2.000000000000000e-01	1.983912524846652e-03	6.550792473710830e-03	0.000000000000000e+00	0.000000000000000e+00	2.957834693272139e+05	1.615197312958484e+04	8.534704998557482e-03	3.811737413445197e+04	8.513244827382265e+03	8.707658799130415e+03	0.000000000000000e+00	-inf	
7	2.000000000000000e-01	2.000000000000000e-01	1.983912524846652e-03	6.550792473710830e-03	-4.408775566844125e-16	-1.818989403545857e-18	2.957834693272139e+05	1.615197312958484e+04	8.534704998557482e-03	3.811737413445197e+04	8.513244827382265e+03	8.707658799130415e+03	1.924679759948217e-17	-inf	
8	4.000000000000000e-01	2.000000000000000e-01	1.983912524846652e-03	6.550792473710830e-03	-5.647962098009896e-16	9.413270163349751e-17	2.957834693272139e+05	1.615197312958484e+04	8.534704998557482e-03	3.811737413445197e+04	8.513244827382265e+03	8.707658799130415e+03	2.499644093499860e-17	-inf	
9	5.999999999999999e-01	2.000000000000000e-01	1.983912524846652e-03	6.550792473710830e-03	0.000000000000000e+00	3.810782800428668e-16	2.957834693272139e+05	1.615197312958484e+04	8.534704998557482e-03	3.811737413445197e+04	8.513244827382265e+03	8.707658799130415e+03	1.663607953936142e-17	-inf	
10	7.999999999999999e-01	2.000000000000000e-01	1.983912524846652e-03	6.550792473710830e-03	8.117240213323422e-17	-2.951310307253130e-16	2.957834693272139e+05	1.615197312958484e+04	8.534704998557482e-03	3.811737413445197e+04	8.513244827382265e+03	8.707658799130415e+03	1.336245905624400e-17	-inf	
11	1.000000000000000e+00	2.000000000000000e-01	1.983912524846653e-03	6.550792473710830e-03	1.377884473185978e-16	-6.116351869422856e-17	2.957834693272139e+05	1.615197312958484e+04	8.534704998557482e-03	3.811737413445196e+04	8.513244827382261e+03	8.707658799130415e+03	6.581188555349813e-18	-inf	
12	0.000000000000000e+00	3.999999999999999e-01	1.983912524846652e-03	6.550792473710830e-03	-1.256466930499320e-15	0.000000000000000e+00	2.957834693272139e+05	1.615197312958484e+04	8.534704998557482e-03	3.811737413445197e+04	8.513244827382265e+03	8.707658799130415e+03	5.485141738335934e-17	-inf	
13	2.000000000000000e-01	3.999999999999999e-01	1.983912524846652e-03	6.550792473710830e-03	3.825174646203185e-16	0.000000000000000e+00	2.957834693272139e+05	1.615197312958484e+04	8.534704998557482e-03	3.811737413445197e+04	8.513244827382265e+03	8.707658799130415e+03	1.669890754703380e-17	-inf	
14	3.999999999999999e-01	4.000000000000001e-01	1.983912524846653e-03	6.550792473710830e-03	7.510825542106721e-17	0.000000000000000e+00	2.957834693272139e+05	1.615197312958484e+04	8.534704998557482e-03	3.811737413445196e+04	8.513244827382261e+03	8.707658799130415e+03	3.278872023635127e-18	-inf	
15	6.000000000000001e-01	4.000000000000000e-01	1.983912524846653e-03	6.550792473710830e-03	-3.349214239278897e-16	-9.094947017729280e-19	2.957834693272139e+05	1.615197312958484e+04	8.534704998557482e-03	3.811737413445196e+04	8.513244827382261e+03	8.707658799130415e+03	1.462114290776139e-17	-inf	
16	8.000000000000000e-01	4.000000000000000e-01	1.983912524846652e-03	6.550792473710830e-03	-1.027729013003408e-16	0.000000000000000e+00	2.957834693272139e+05	1.615197312958484e+04	8.534704998557482e-03	3.811737413445197e+04	8.513244827382265e+03	8.707658799130415e+03	4.486579923503080e-18	-inf	
17	1.000000000000000e+00	4.000000000000000e-01	1.983912524846652e-03	6.550792473710830e-03	0.000000000000000e+00	0.000000000000000e+00	2.957834693272139e+05	1.615197312958484e+04	8.534704998557482e-03	3.811737413445197e+04	8.513244827382265e+03	8.707658799130415e+03	0.000000000000000e+00	-inf	
18	0.000000000000000e+00	6.000000000000000e-01	1.983912524846652e-03	6.550792473710830e-03	8.440110832452516e-16	9.231371222995164e-17	2.957834693272139e+05	1.615197312958484e+04	8.534704998557482e-03	3.811737413445197e+04	8.513244827382265e+03	8.707658799130415e+03	3.706527569822722e-17	-inf	
19	2.000000000000000e-01	6.000000000000000e-01	1.983912524846652e-03	6.550792473710830e-03	7.425842663786892e-18	1.818989403545857e-18	2.957834693272139e+05	1.615197312958484e+04	8.534704998557482e-03	3.811737413445197e+04	8.513244827382265e+03	8.707658799130415e+03	3.337612903780204e-19	-inf	
20	4.000000000000001e-01	6.000000000000002e-01	1.983912524846652e-03	6.550792473710830e-03	0.000000000000000e+00	-9.413270163349766e-17	2.957834693272139e+05	1.615197312958484e+04	8.534704998557482e-03	3.811737413445197e+04	8.513244827382265e+03	8.707658799130415e+03	4.109389575951922e-18	-inf	
21	6.000000000000000e-01	6.000000000000001e-01	1.983912524846652e-03	6.550792473710830e-03	-7.425842663786533e-18	-9.754330676514656e-17	2.957834693272139e+05	1.615197312958484e+04	8.534704998557482e-03	3.811737413445197e+04	8.513244827382265e+03	8.707658799130415e+03	4.270602267709701e-18	-inf	
22	8.000000000000000e-01	6.000000000000001e-01	1.983912524846652e-03	6.550792473710830e-03	1.036823960021135e-16	-9.094947017729286e-19	2.957834693272139e+05	1.615197312958484e+04	8.534704998557482e-03	3.811737413445197e+04	8.513244827382265e+03	8.707658799130415e+03	4.526458308698639e-18	-inf	
23	1.000000000000000e+00	6.000000000000001e-01	1.983912524846653e-03	6.550792473710830e-03	6.707523425575524e-16	-9.094947017729280e-19	2.957834693272139e+05	1.615197312958484e+04	8.534704998557482e-03	3.811737413445196e+04	8.513244827382261e+03	8.707658799130415e+03	2.928190916222404e-17	-inf	
24	0.000000000000000e+00	8.000000000000000e-01	1.983912524846653e-03	6.550792473710830e-03	-1.123225956689577e-16	0.000000000000000e+00	2.957834693272139e+05	1.615197312958484e+04	8.534704998557482e-03	3.811737413445196e+04	8.513244827382261e+03	8.707658799130415e+03	4.903474518164922e-18	-inf	
25	2.000000000000000e-01	8.000000000000000e-01	1.983912524846652e-03	6.550792473710830e-03	-9.754330676514661e-17	4.399680619826396e-16	2.957834693272139e+05	1.615197312958484e+04	8.534704998557482e-03	3.811737413445197e+04	8.513244827382265e+03	8.707658799130415e+03	1.967330920777790e-17	-inf	
26	3.999999999999999e-01	8.000000000000000e-01	1.983912524846652e-03	6.550792473710830e-03	-9.094947017729284e-19	0.000000000000000e+00	2.957834693272139e+05	1.615197312958484e+04	8.534704998557482e-03	3.811737413445197e+04	8.513244827382265e+03	8.707658799130415e+03	3.970424711064677e-20	-inf	
27	6.000000000000000e-01	8.000000000000000e-01	1.983912524846652e-03	6.550792473710830e-03	0.000000000000000e+00	-5.315996531862734e-16	2.957834693272139e+05	1.615197312958484e+04	8.534704998557482e-03	3.811737413445197e+04	8.513244827382265e+03	8.707658799130415e+03	2.320713243617290e-17	-inf	
28	8.000000000000000e-01	8.000000000000000e-01	1.983912524846652e-03	6.550792473710830e-03	0.000000000000000e+00	9.208633855450814e-17	2.957834693272139e+05	1.615197312958484e+04	8.534704998557482e-03	3.811737413445197e+04	8.513244827382265e+03	8.707658799130415e+03	4.020055019952948e-18	-inf	
29	1.000000000000000e+00	8.000000000000000e-01	1.983912524846652e-03	6.550792473710830e-03	-5.688889359589639e-16	-7.912603905424577e-17	2.957834693272139e+05	1.615197312958484e+04	8.534704998557482e-03	3.811737413445197e+04	8.513244827382265e+03	8.707658799130415e+03	2.507408082038723e-17	-inf	
30	0.000000000000000e+00	1.000000000000000e+00	1.983912524846652e-03	6.550792473710830e-03	1.818989403545857e-18	-1.864464138634495e-16	2.957834693272139e+05	1.615197312958484e+04	8.534704998557482e-03	3.811737413445197e+04	8.513244827382265e+03	8.707658799130415e+03	8.139758006974052e-18	-inf	
31	2.000000000000000e-01	1.000000000000000e+00	1.983912524846652e-03	6.550792473710830e-03	0.000000000000000e+00	0.000000000000000e+00	2.957834693272139e+05	1.615197312958484e+04	8.534704998557482e-03	3.811737413445197e+04	8.513244827382265e+03	8.707658799130415e+03	0.000000000000000e+00	-inf	
32	3.999999999999999e-01	1.000000000000000e+00	1.983912524846652e-03	6.550792473710830e-03	0.000000000000000e+00	0.000000000000000e+00	2.957834693272139e+05	1.615197312958484e+04	8.534704998557482e-03	3.811737413445197e+04	8.513244827382265e+03	8.707658799130415e+03	0.000000000000000e+00	-inf	
33	6.000000000000000e-01	1.000000000000000e+00	1.983912524846652e-03	6.550792473710830e-03	1.050466380547727e-16	-3.478817234281505e-16	2.957834693272139e+05	1.615197312958484e+04	8.534704998557482e-03	3.811737413445197e+04	8.513244827382265e+03	8.707658799130415e+03	1.586414482885485e-17	-inf	
34	8.000000000000000e-01	1.000000000000000e+00	1.983912524846653e-03	6.550792473710830e-03	0.000000000000000e+00	2.123670128639738e-16	2.957834693272139e+05	1.615197312958484e+04	8.534704998557482e-03	3.811737413445196e+04	8.513244827382261e+03	8.707658799130415e+03	9.270941700335809e-18	-inf	
35	1.000000000000000e+00	1.000000000000000e+00	1.983912524846652e-03	6.550792473710830e-03	-2.082742867059996e-16	-1.355147105641666e-16	2.957834693272139e+05	1.615197312958484e+04	8.534704998557482e-03	3.811737413445197e+04	8.513244827382265e+03	8.707658799130415e+03	1.084747352821476e-17	-inf	
EXT_ITER= 5714
AOA= 0.000000000000000e+00
SIDESLIP_ANGLE= 0.000000000000000e+00
INITIAL_BCTHRUST= 4.000000000000000e+03
DCD_DCL_VALUE= 0.000000000000000e+00
DCMX_DCL_VALUE= 0.000000000000000e+00
DCMY_DCL_VALUE= 0.000000000000000e+00
DCMZ_DCL_VALUE= 0.000000000000000e+00
