"PointID"	"x"	"y"	"Density[0]"	"Density[1]"	"Momentum_x"	"Momentum_y"	"Energy"	"Electronic_Energy"	"Total_Density"	"Pressure"	"Temperature"	"Tve"	"Mach"	"C<sub>p</sub>"
0	0.000000000000000e+00	0.000000000000000e+00	1.919455870371606e-03	6.615249128185904e-03	0.000000000000000e+00	0.000000000000000e+00	2.957834693272139e+05	1.511040566664755e+04	8.534704998557510e-03	3.753922701056965e+04	8.348448885267697e+03	8.496020549120771e+03	0.000000000000000e+00	-inf	
1	2.000000000000000e-01	0.000000000000000e+00	1.919455870371606e-03	6.615249128185904e-03	0.000000000000000e+00	1.300577423535312e-15	2.957834693272139e+05	1.511040566664755e+04	8.534704998557510e-03	3.753922701056965e+04	8.348448885267697e+03	8.496020549120771e+03	5.718047489439673e-17	-inf	
2	4.000000000000000e-01	0.000000000000000e+00	1.919455870371606e-03	6.615249128185904e-03	0.000000000000000e+00	-1.010448613669710e-15	2.957834693272139e+05	1.511040566664755e+04	8.534704998557510e-03	3.753922701056965e+04	8.348448885267697e+03	8.496020549120771e+03	4.442483049487601e-17	-inf	
3	6.000000000000001e-01	0.000000000000000e+00	1.919455870371606e-03	6.615249128185904e-03	0.000000000000000e+00	-8.863025868776892e-16	2.957834693272139e+05	1.511040566664755e+04	8.534704998557510e-03	3.753922701056965e+04	8.348448885267697e+03	8.496020549120771e+03	3.896669425495573e-17	-inf	
4	8.000000000000000e-01	0.000000000000000e+00	1.919455870371606e-03	6.615249128185904e-03	2.628439688123763e-16	0.000000000000000e+00	2.957834693272139e+05	1.511040566664755e+04	8.534704998557510e-03	3.753922701056965e+04	8.348448885267697e+03	8.496020549120771e+03	1.155605401711912e-17	-inf	
5	1.000000000000000e+00	0.000000000000000e+00	1.919455870371606e-03	6.615249128185904e-03	4.702087608166030e-16	-6.320988177321837e-17	2.957834693272139e+05	1.511040566664756e+04	8.534704998557510e-03	3.753922701056974e+04	8.348448885267715e+03	8.496020549120771e+03	2.085889765000534e-17	-inf	
6	0.000000000000000e+00	2.000000000000000e-01	1.919455870371606e-03	6.615249128185904e-03	0.000000000000000e+00	0.000000000000000e+00	2.957834693272139e+05	1.511040566664755e+04	8.534704998557510e-03	3.753922701056965e+04	8.348448885267697e+03	8.496020549120771e+03	0.000000000000000e+00	-inf	
7	2.000000000000000e-01	2.000000000000000e-01	1.919455870371606e-03	6.615249128185904e-03	-5.993570084683656e-16	-1.818989403545857e-18	2.957834693272139e+05	1.511040566664755e+04	8.534704998557510e-03	3.753922701056965e+04	8.348448885267697e+03	8.496020549120771e+03	2.635112342105514e-17	-inf	
8	4.000000000000000e-01	2.000000000000000e-01	1.919455870371606e-03	6.615249128185904e-03	-6.493792170658832e-16	2.646629582159221e-16	2.957834693272139e+05	1.511040566664755e+04	8.534704998557510e-03	3.753922701056965e+04	8.348448885267697e+03	8.496020549120771e+03	3.083040634691614e-17	-inf	
9	5.999999999999999e-01	2.000000000000000e-01	1.919455870371606e-03	6.615249128185904e-03	0.000000000000000e+00	7.166818249970692e-16	2.957834693272139e+05	1.511040566664755e+04	8.534704998557510e-03	3.753922701056965e+04	8.348448885267697e+03	8.496020549120771e+03	3.150924071103766e-17	-inf	
10	7.999999999999999e-01	2.000000000000000e-01	1.919455870371606e-03	6.615249128185904e-03	2.507931640138854e-16	-4.520188667811316e-16	2.957834693272139e+05	1.511040566664755e+04	8.534704998557510e-03	3.753922701056965e+04	8.348448885267697e+03	8.496020549120771e+03	2.272713117675879e-17	-inf	
11	1.000000000000000e+00	2.000000000000000e-01	1.919455870371606e-03	6.615249128185904e-03	4.711182555183778e-16	-2.344222593819724e-16	2.957834693272139e+05	1.511040566664756e+04	8.534704998557510e-03	3.753922701056974e+04	8.348448885267715e+03	8.496020549120771e+03	2.313544684098844e-17	-inf	
12	0.000000000000000e+00	3.999999999999999e-01	1.919455870371606e-03	6.615249128185904e-03	-1.262378646060865e-15	0.000000000000000e+00	2.957834693272139e+05	1.511040566664755e+04	8.534704998557510e-03	3.753922701056965e+04	8.348448885267697e+03	8.496020549120771e+03	5.550104835903756e-17	-inf	
13	2.000000000000000e-01	3.999999999999999e-01	1.919455870371606e-03	6.615249128185904e-03	5.795322039138091e-16	0.000000000000000e+00	2.957834693272139e+05	1.511040566664755e+04	8.534704998557510e-03	3.753922701056965e+04	8.348448885267697e+03	8.496020549120771e+03	2.547939556440273e-17	-inf	
14	3.999999999999999e-01	4.000000000000001e-01	1.919455870371606e-03	6.615249128185904e-03	2.059572551605769e-16	0.000000000000000e+00	2.957834693272139e+05	1.511040566664756e+04	8.534704998557510e-03	3.753922701056974e+04	8.348448885267715e+03	8.496020549120771e+03	9.055003912043885e-18	-inf	
15	6.000000000000001e-01	4.000000000000000e-01	1.919455870371606e-03	6.615249128185904e-03	-6.650680006714561e-16	-9.094947017729280e-19	2.957834693272139e+05	1.511040566664756e+04	8.534704998557510e-03	3.753922701056974e+04	8.348448885267715e+03	8.496020549120771e+03	2.924004291207638e-17	-inf	
16	8.000000000000000e-01	4.000000000000000e-01	1.919455870371606e-03	6.615249128185904e-03	-2.705746737774463e-16	0.000000000000000e+00	2.957834693272139e+05	1.511040566664755e+04	8.534704998557510e-03	3.753922701056965e+04	8.348448885267697e+03	8.496020549120771e+03	1.189593795879910e-17	-inf	
17	1.000000000000000e+00	4.000000000000000e-01	1.919455870371606e-03	6.615249128185904e-03	0.000000000000000e+00	0.000000000000000e+00	2.957834693272139e+05	1.511040566664755e+04	8.534704998557510e-03	3.753922701056965e+04	8.348448885267697e+03	8.496020549120771e+03	0.000000000000000e+00	-inf	
18	0.000000000000000e+00	6.000000000000000e-01	1.919455870371606e-03	6.615249128185904e-03	1.010448613669710e-15	2.628439688123762e-16	2.957834693272139e+05	1.511040566664755e+04	8.534704998557510e-03	3.753922701056965e+04	8.348448885267697e+03	8.496020549120771e+03	4.590324551646692e-17	-inf	
19	2.000000000000000e-01	6.000000000000000e-01	1.919455870371606e-03	6.615249128185904e-03	1.014522581296410e-17	1.818989403545857e-18	2.957834693272139e+05	1.511040566664755e+04	8.534704998557510e-03	3.753922701056965e+04	8.348448885267697e+03	8.496020549120771e+03	4.531520897285812e-19	-inf	
20	4.000000000000001e-01	6.000000000000002e-01	1.919455870371606e-03	6.615249128185904e-03	0.000000000000000e+00	-2.646629582159222e-16	2.957834693272139e+05	1.511040566664755e+04	8.534704998557510e-03	3.753922701056965e+04	8.348448885267697e+03	8.496020549120771e+03	1.163602670927912e-17	-inf	
21	6.000000000000000e-01	6.000000000000001e-01	1.919455870371606e-03	6.615249128185904e-03	-1.014522581296369e-17	-2.753495209617543e-16	2.957834693272139e+05	1.511040566664755e+04	8.534704998557510e-03	3.753922701056965e+04	8.348448885267697e+03	8.496020549120771e+03	1.211408062836494e-17	-inf	
22	8.000000000000000e-01	6.000000000000001e-01	1.919455870371606e-03	6.615249128185904e-03	3.046807250939312e-16	-9.094947017729286e-19	2.957834693272139e+05	1.511040566664755e+04	8.534704998557510e-03	3.753922701056965e+04	8.348448885267697e+03	8.496020549120771e+03	1.339548561777959e-17	-inf	
23	1.000000000000000e+00	6.000000000000001e-01	1.919455870371606e-03	6.615249128185904e-03	1.264652382815262e-15	-9.094947017729280e-19	2.957834693272139e+05	1.511040566664756e+04	8.534704998557510e-03	3.753922701056974e+04	8.348448885267715e+03	8.496020549120771e+03	5.560102860263968e-17	-inf	
24	0.000000000000000e+00	8.000000000000000e-01	1.919455870371606e-03	6.615249128185904e-03	-4.370122042018940e-16	0.000000000000000e+00	2.957834693272139e+05	1.511040566664756e+04	8.534704998557510e-03	3.753922701056974e+04	8.348448885267715e+03	8.496020549120771e+03	1.921343929143859e-17	-inf	
25	2.000000000000000e-01	8.000000000000000e-01	1.919455870371606e-03	6.615249128185904e-03	-2.753495209617544e-16	5.984475137665925e-16	2.957834693272139e+05	1.511040566664755e+04	8.534704998557510e-03	3.753922701056965e+04	8.348448885267697e+03	8.496020549120771e+03	2.896241610324086e-17	-inf	
26	3.999999999999999e-01	8.000000000000000e-01	1.919455870371606e-03	6.615249128185904e-03	-9.094947017729284e-19	0.000000000000000e+00	2.957834693272139e+05	1.511040566664755e+04	8.534704998557510e-03	3.753922701056965e+04	8.348448885267697e+03	8.496020549120771e+03	3.998634607999695e-20	-inf	
27	6.000000000000000e-01	8.000000000000000e-01	1.919455870371606e-03	6.615249128185904e-03	0.000000000000000e+00	-6.293703336268761e-16	2.957834693272139e+05	1.511040566664755e+04	8.534704998557510e-03	3.753922701056965e+04	8.348448885267697e+03	8.496020549120771e+03	2.767055148735832e-17	-inf	
28	8.000000000000000e-01	8.000000000000000e-01	1.919455870371606e-03	6.615249128185904e-03	0.000000000000000e+00	2.610249794088297e-16	2.957834693272139e+05	1.511040566664755e+04	8.534704998557510e-03	3.753922701056965e+04	8.348448885267697e+03	8.496020549120771e+03	1.147608132495909e-17	-inf	
29	1.000000000000000e+00	8.000000000000000e-01	1.919455870371606e-03	6.615249128185904e-03	-8.844835974741435e-16	-2.496562956366702e-16	2.957834693272139e+05	1.511040566664755e+04	8.534704998557510e-03	3.753922701056965e+04	8.348448885267697e+03	8.496020549120771e+03	4.040612851841982e-17	-inf	
30	0.000000000000000e+00	1.000000000000000e+00	1.919455870371606e-03	6.615249128185904e-03	1.818989403545857e-18	-5.275069270282987e-16	2.957834693272139e+05	1.511040566664755e+04	8.534704998557510e-03	3.753922701056965e+04	8.348448885267697e+03	8.496020549120771e+03	2.319221860994036e-17	-inf	
31	2.000000000000000e-01	1.000000000000000e+00	1.919455870371606e-03	6.615249128185904e-03	0.000000000000000e+00	0.000000000000000e+00	2.957834693272139e+05	1.511040566664755e+04	8.534704998557510e-03	3.753922701056965e+04	8.348448885267697e+03	8.496020549120771e+03	0.000000000000000e+00	-inf	
32	3.999999999999999e-01	1.000000000000000e+00	1.919455870371606e-03	6.615249128185904e-03	0.000000000000000e+00	0.000000000000000e+00	2.957834693272139e+05	1.511040566664755e+04	8.534704998557510e-03	3.753922701056965e+04	8.348448885267697e+03	8.496020549120771e+03	0.000000000000000e+00	-inf	
33	6.000000000000000e-01	1.000000000000000e+00	1.919455870371606e-03	6.615249128185904e-03	2.728484105318783e-16	-6.343725544866092e-16	2.957834693272139e+05	1.511040566664755e+04	8.534704998557510e-03	3.753922701056965e+04	8.348448885267697e+03	8.496020549120771e+03	3.036083631687818e-17	-inf	
34	8.000000000000000e-01	1.000000000000000e+00	1.919455870371606e-03	6.615249128185904e-03	0.000000000000000e+00	3.524291969370040e-16	2.957834693272139e+05	1.511040566664756e+04	8.534704998557510e-03	3.753922701056974e+04	8.348448885267715e+03	8.496020549120771e+03	1.549470910599855e-17	-inf	
35	1.000000000000000e+00	1.000000000000000e+00	1.919455870371606e-03	6.615249128185904e-03	-5.438778316602105e-16	3.092281986027955e-17	2.957834693272139e+05	1.511040566664755e+04	8.534704998557510e-03	3.753922701056965e+04	8.348448885267697e+03	8.496020549120771e+03	2.395045278186268e-17	-inf	
EXT_ITER= 7543
AOA= 0.000000000000000e+00
SIDESLIP_ANGLE= 0.000000000000000e+00
INITIAL_BCTHRUST= 4.000000000000000e+03
DCD_DCL_VALUE= 0.000000000000000e+00
DCMX_DCL_VALUE= 0.000000000000000e+00
DCMY_DCL_VALUE= 0.000000000000000e+00
DCMZ_DCL_VALUE= 0.000000000000000e+00
