"PointID"	"x"	"y"	"Density[0]"	"Density[1]"	"Momentum_x"	"Momentum_y"	"Energy"	"Electronic_Energy"	"Total_Density"	"Pressure"	"Temperature"	"Tve"	"Mach"	"C<sub>p</sub>"
0	0.000000000000000e+00	0.000000000000000e+00	2.471790532324053e-03	6.062914466233438e-03	0.000000000000000e+00	0.000000000000000e+00	2.957834693272139e+05	2.815135108715328e+04	8.534704998557491e-03	3.988472554656587e+04	9.205690179858677e+03	1.101874962287946e+04	0.000000000000000e+00	-inf	
1	2.000000000000000e-01	0.000000000000000e+00	2.471790532324053e-03	6.062914466233438e-03	0.000000000000000e+00	2.332853910047588e-16	2.957834693272139e+05	2.815135108715328e+04	8.534704998557491e-03	3.988472554656587e+04	9.205690179858677e+03	1.101874962287946e+04	9.999078547266928e-18	-inf	
2	4.000000000000000e-01	0.000000000000000e+00	2.471790532324053e-03	6.062914466233438e-03	0.000000000000000e+00	-1.809894456528142e-16	2.957834693272139e+05	2.815135108715328e+04	8.534704998557491e-03	3.988472554656587e+04	9.205690179858677e+03	1.101874962287946e+04	7.757569711134937e-18	-inf	
3	6.000000000000001e-01	0.000000000000000e+00	2.471790532324053e-03	6.062914466233438e-03	0.000000000000000e+00	-9.003997547551973e-17	2.957834693272139e+05	2.815135108715328e+04	8.534704998557491e-03	3.988472554656587e+04	9.205690179858677e+03	1.101874962287946e+04	3.859293474383674e-18	-inf	
4	8.000000000000000e-01	0.000000000000000e+00	2.471790532324053e-03	6.062914466233438e-03	3.617515176301822e-16	0.000000000000000e+00	2.957834693272139e+05	2.815135108715328e+04	8.534704998557491e-03	3.988472554656587e+04	9.205690179858677e+03	1.101874962287946e+04	1.550539373167788e-17	-inf	
5	1.000000000000000e+00	0.000000000000000e+00	2.471790532324053e-03	6.062914466233439e-03	7.012204150669265e-16	4.592948243953279e-17	2.957834693272139e+05	2.815135108715329e+04	8.534704998557492e-03	3.988472554656585e+04	9.205690179858671e+03	1.101874962287946e+04	3.012011276220291e-17	-inf	
6	0.000000000000000e+00	2.000000000000000e-01	2.471790532324053e-03	6.062914466233438e-03	0.000000000000000e+00	0.000000000000000e+00	2.957834693272139e+05	2.815135108715328e+04	8.534704998557491e-03	3.988472554656587e+04	9.205690179858677e+03	1.101874962287946e+04	0.000000000000000e+00	-inf	
7	2.000000000000000e-01	2.000000000000000e-01	2.471790532324053e-03	6.062914466233438e-03	-1.034550223266716e-16	-1.818989403545857e-18	2.957834693272139e+05	2.815135108715328e+04	8.534704998557491e-03	3.988472554656587e+04	9.205690179858677e+03	1.101874962287946e+04	4.434974577546930e-18	-inf	
8	4.000000000000000e-01	2.000000000000000e-01	2.471790532324053e-03	6.062914466233438e-03	-1.157332008006065e-16	3.635705070337280e-16	2.957834693272139e+05	2.815135108715328e+04	8.534704998557491e-03	3.988472554656587e+04	9.205690179858677e+03	1.101874962287946e+04	1.635384378719243e-17	-inf	
9	5.999999999999999e-01	2.000000000000000e-01	2.471790532324053e-03	6.062914466233438e-03	0.000000000000000e+00	4.019966581836340e-16	2.957834693272139e+05	2.815135108715328e+04	8.534704998557491e-03	3.988472554656587e+04	9.205690179858677e+03	1.101874962287946e+04	1.723038096644027e-17	-inf	
10	7.999999999999999e-01	2.000000000000000e-01	2.471790532324053e-03	6.062914466233438e-03	3.547029336914417e-16	-6.934897101018600e-17	2.957834693272139e+05	2.815135108715328e+04	8.534704998557491e-03	3.988472554656587e+04	9.205690179858677e+03	1.101874962287946e+04	1.549112697474495e-17	-inf	
11	1.000000000000000e+00	2.000000000000000e-01	2.471790532324053e-03	6.062914466233439e-03	7.062226359266784e-16	-3.517470759106798e-16	2.957834693272139e+05	2.815135108715329e+04	8.534704998557492e-03	3.988472554656585e+04	9.205690179858671e+03	1.101874962287946e+04	3.381690740120698e-17	-inf	
12	0.000000000000000e+00	3.999999999999999e-01	2.471790532324053e-03	6.062914466233438e-03	-2.719389158301092e-16	0.000000000000000e+00	2.957834693272139e+05	2.815135108715328e+04	8.534704998557491e-03	3.988472554656587e+04	9.205690179858677e+03	1.101874962287946e+04	1.165584594788622e-17	-inf	
13	2.000000000000000e-01	3.999999999999999e-01	2.471790532324053e-03	6.062914466233438e-03	4.391277595955941e-16	0.000000000000000e+00	2.957834693272139e+05	2.815135108715328e+04	8.534704998557491e-03	3.988472554656587e+04	9.205690179858677e+03	1.101874962287946e+04	1.882189425394462e-17	-inf	
14	3.999999999999999e-01	4.000000000000001e-01	2.471790532324053e-03	6.062914466233439e-03	3.283967796547399e-16	0.000000000000000e+00	2.957834693272139e+05	2.815135108715329e+04	8.534704998557492e-03	3.988472554656585e+04	9.205690179858671e+03	1.101874962287946e+04	1.407574293570004e-17	-inf	
15	6.000000000000001e-01	4.000000000000000e-01	2.471790532324053e-03	6.062914466233439e-03	-3.894911060342564e-16	-9.094947017729280e-19	2.957834693272139e+05	2.815135108715329e+04	8.534704998557492e-03	3.988472554656585e+04	9.205690179858671e+03	1.101874962287946e+04	1.669441349784989e-17	-inf	
16	8.000000000000000e-01	4.000000000000000e-01	2.471790532324053e-03	6.062914466233438e-03	-3.587956598494202e-16	0.000000000000000e+00	2.957834693272139e+05	2.815135108715328e+04	8.534704998557491e-03	3.988472554656587e+04	9.205690179858677e+03	1.101874962287946e+04	1.537869975398346e-17	-inf	
17	1.000000000000000e+00	4.000000000000000e-01	2.471790532324053e-03	6.062914466233438e-03	0.000000000000000e+00	0.000000000000000e+00	2.957834693272139e+05	2.815135108715328e+04	8.534704998557491e-03	3.988472554656587e+04	9.205690179858677e+03	1.101874962287946e+04	0.000000000000000e+00	-inf	
18	0.000000000000000e+00	6.000000000000000e-01	2.471790532324053e-03	6.062914466233438e-03	1.809894456528142e-16	3.617515176301821e-16	2.957834693272139e+05	2.815135108715328e+04	8.534704998557491e-03	3.988472554656587e+04	9.205690179858677e+03	1.101874962287946e+04	1.733773695144420e-17	-inf	
19	2.000000000000000e-01	6.000000000000000e-01	2.471790532324053e-03	6.062914466233438e-03	-7.819694011087030e-18	1.818989403545857e-18	2.957834693272139e+05	2.815135108715328e+04	8.534704998557491e-03	3.988472554656587e+04	9.205690179858677e+03	1.101874962287946e+04	3.441163021157439e-19	-inf	
20	4.000000000000001e-01	6.000000000000002e-01	2.471790532324053e-03	6.062914466233438e-03	0.000000000000000e+00	-3.635705070337283e-16	2.957834693272139e+05	2.815135108715328e+04	8.534704998557491e-03	3.988472554656587e+04	9.205690179858677e+03	1.101874962287946e+04	1.558335925641291e-17	-inf	
21	6.000000000000000e-01	6.000000000000001e-01	2.471790532324053e-03	6.062914466233438e-03	7.819694011086904e-18	-3.587956598494200e-16	2.957834693272139e+05	2.815135108715328e+04	8.534704998557491e-03	3.988472554656587e+04	9.205690179858677e+03	1.101874962287946e+04	1.538235169047650e-17	-inf	
22	8.000000000000000e-01	6.000000000000001e-01	2.471790532324053e-03	6.062914466233438e-03	3.597051545511931e-16	-9.094947017729286e-19	2.957834693272139e+05	2.815135108715328e+04	8.534704998557491e-03	3.988472554656587e+04	9.205690179858677e+03	1.101874962287946e+04	1.541773179915762e-17	-inf	
23	1.000000000000000e+00	6.000000000000001e-01	2.471790532324053e-03	6.062914466233439e-03	7.798917067702856e-16	-9.094947017729280e-19	2.957834693272139e+05	2.815135108715329e+04	8.534704998557492e-03	3.988472554656585e+04	9.205690179858671e+03	1.101874962287946e+04	3.342774146060743e-17	-inf	
24	0.000000000000000e+00	8.000000000000000e-01	2.471790532324053e-03	6.062914466233439e-03	-6.916707206983115e-16	0.000000000000000e+00	2.957834693272139e+05	2.815135108715329e+04	8.534704998557492e-03	3.988472554656585e+04	9.205690179858671e+03	1.101874962287946e+04	2.964639078049281e-17	-inf	
25	2.000000000000000e-01	8.000000000000000e-01	2.471790532324053e-03	6.062914466233438e-03	-3.587956598494200e-16	1.025455276248987e-16	2.957834693272139e+05	2.815135108715328e+04	8.534704998557491e-03	3.988472554656587e+04	9.205690179858677e+03	1.101874962287946e+04	1.599447170035831e-17	-inf	
26	3.999999999999999e-01	8.000000000000000e-01	2.471790532324053e-03	6.062914466233438e-03	-9.094947017729284e-19	0.000000000000000e+00	2.957834693272139e+05	2.815135108715328e+04	8.534704998557491e-03	3.988472554656587e+04	9.205690179858677e+03	1.101874962287946e+04	3.898276236751194e-20	-inf	
27	6.000000000000000e-01	8.000000000000000e-01	2.471790532324053e-03	6.062914466233438e-03	0.000000000000000e+00	-9.003997547552062e-17	2.957834693272139e+05	2.815135108715328e+04	8.534704998557491e-03	3.988472554656587e+04	9.205690179858677e+03	1.101874962287946e+04	3.859293474383712e-18	-inf	
28	8.000000000000000e-01	8.000000000000000e-01	2.471790532324053e-03	6.062914466233438e-03	0.000000000000000e+00	3.635705070337281e-16	2.957834693272139e+05	2.815135108715328e+04	8.534704998557491e-03	3.988472554656587e+04	9.205690179858677e+03	1.101874962287946e+04	1.558335925641290e-17	-inf	
29	1.000000000000000e+00	8.000000000000000e-01	2.471790532324053e-03	6.062914466233438e-03	-8.822098607197387e-17	-3.560671757441009e-16	2.957834693272139e+05	2.815135108715328e+04	8.534704998557491e-03	3.988472554656587e+04	9.205690179858677e+03	1.101874962287946e+04	1.572321528503745e-17	-inf	
30	0.000000000000000e+00	1.000000000000000e+00	2.471790532324053e-03	6.062914466233438e-03	1.818989403545857e-18	-7.253220246639104e-16	2.957834693272139e+05	2.815135108715328e+04	8.534704998557491e-03	3.988472554656587e+04	9.205690179858677e+03	1.101874962287946e+04	3.108885075035052e-17	-inf	
31	2.000000000000000e-01	1.000000000000000e+00	2.471790532324053e-03	6.062914466233438e-03	0.000000000000000e+00	0.000000000000000e+00	2.957834693272139e+05	2.815135108715328e+04	8.534704998557491e-03	3.988472554656587e+04	9.205690179858677e+03	1.101874962287946e+04	0.000000000000000e+00	-inf	
32	3.999999999999999e-01	1.000000000000000e+00	2.471790532324053e-03	6.062914466233438e-03	0.000000000000000e+00	0.000000000000000e+00	2.957834693272139e+05	2.815135108715328e+04	8.534704998557491e-03	3.988472554656587e+04	9.205690179858677e+03	1.101874962287946e+04	0.000000000000000e+00	-inf	
33	6.000000000000000e-01	1.000000000000000e+00	2.471790532324053e-03	6.062914466233438e-03	3.610693966038523e-16	-8.731149137020095e-17	2.957834693272139e+05	2.815135108715328e+04	8.534704998557491e-03	3.988472554656587e+04	9.205690179858677e+03	1.101874962287946e+04	1.592220375647173e-17	-inf	
34	8.000000000000000e-01	1.000000000000000e+00	2.471790532324053e-03	6.062914466233439e-03	0.000000000000000e+00	7.044036465231339e-16	2.957834693272139e+05	2.815135108715329e+04	8.534704998557492e-03	3.988472554656585e+04	9.205690179858671e+03	1.101874962287946e+04	3.019214945363804e-17	-inf	
35	1.000000000000000e+00	1.000000000000000e+00	2.471790532324053e-03	6.062914466233438e-03	-7.203198038041586e-16	-3.410605131648474e-17	2.957834693272139e+05	2.815135108715328e+04	8.534704998557491e-03	3.988472554656587e+04	9.205690179858677e+03	1.101874962287946e+04	3.090893669613923e-17	-inf	
EXT_ITER= 1034
AOA= 0.000000000000000e+00
SIDESLIP_ANGLE= 0.000000000000000e+00
INITIAL_BCTHRUST= 4.000000000000000e+03
DCD_DCL_VALUE= 0.000000000000000e+00
DCMX_DCL_VALUE= 0.000000000000000e+00
DCMY_DCL_VALUE= 0.000000000000000e+00
DCMZ_DCL_VALUE= 0.000000000000000e+00
