"PointID"	"x"	"y"	"Density[0]"	"Density[1]"	"Momentum_x"	"Momentum_y"	"Energy"	"Electronic_Energy"	"Total_Density"	"Pressure"	"Temperature"	"Tve"	"Mach"	"C<sub>p</sub>"
0	0.000000000000000e+00	0.000000000000000e+00	1.894496180496450e-03	6.640208818061056e-03	0.000000000000000e+00	0.000000000000000e+00	2.957834693272139e+05	1.471962189175896e+04	8.534704998557506e-03	3.730645691214220e+04	8.283036142990763e+03	8.415918769104570e+03	0.000000000000000e+00	-inf	
1	2.000000000000000e-01	0.000000000000000e+00	1.894496180496450e-03	6.640208818061056e-03	0.000000000000000e+00	1.369244273519178e-15	2.957834693272139e+05	1.471962189175896e+04	8.534704998557506e-03	3.730645691214220e+04	8.283036142990763e+03	8.415918769104570e+03	6.037385035615422e-17	-inf	
2	4.000000000000000e-01	0.000000000000000e+00	1.894496180496450e-03	6.640208818061056e-03	0.000000000000000e+00	-1.089119905373079e-15	2.957834693272139e+05	1.471962189175896e+04	8.534704998557506e-03	3.730645691214220e+04	8.283036142990763e+03	8.415918769104570e+03	4.802237515874638e-17	-inf	
3	6.000000000000001e-01	0.000000000000000e+00	1.894496180496450e-03	6.640208818061056e-03	0.000000000000000e+00	-1.048647391144178e-15	2.957834693272139e+05	1.471962189175896e+04	8.534704998557506e-03	3.730645691214220e+04	8.283036142990763e+03	8.415918769104570e+03	4.623782760587414e-17	-inf	
4	8.000000000000000e-01	0.000000000000000e+00	1.894496180496450e-03	6.640208818061056e-03	3.376499080331995e-16	0.000000000000000e+00	2.957834693272139e+05	1.471962189175896e+04	8.534704998557506e-03	3.730645691214220e+04	8.283036142990763e+03	8.415918769104570e+03	1.488793885401640e-17	-inf	
5	1.000000000000000e+00	0.000000000000000e+00	1.894496180496451e-03	6.640208818061056e-03	6.402842700481427e-16	-1.164153218269347e-16	2.957834693272139e+05	1.471962189175896e+04	8.534704998557506e-03	3.730645691214219e+04	8.283036142990761e+03	8.415918769104570e+03	2.869479289745761e-17	-inf	
6	0.000000000000000e+00	2.000000000000000e-01	1.894496180496450e-03	6.640208818061056e-03	0.000000000000000e+00	0.000000000000000e+00	2.957834693272139e+05	1.471962189175896e+04	8.534704998557506e-03	3.730645691214220e+04	8.283036142990763e+03	8.415918769104570e+03	0.000000000000000e+00	-inf	
7	2.000000000000000e-01	2.000000000000000e-01	1.894496180496450e-03	6.640208818061056e-03	-6.803020369261670e-16	-1.818989403545857e-18	2.957834693272139e+05	1.471962189175896e+04	8.534704998557506e-03	3.730645691214220e+04	8.283036142990763e+03	8.415918769104570e+03	2.999654699005126e-17	-inf	
8	4.000000000000000e-01	2.000000000000000e-01	1.894496180496450e-03	6.640208818061056e-03	-6.837126420578158e-16	3.394688974367453e-16	2.957834693272139e+05	1.471962189175896e+04	8.534704998557506e-03	3.730645691214220e+04	8.283036142990763e+03	8.415918769104570e+03	3.365822704997337e-17	-inf	
9	5.999999999999999e-01	2.000000000000000e-01	1.894496180496450e-03	6.640208818061056e-03	0.000000000000000e+00	8.783445082372032e-16	2.957834693272139e+05	1.471962189175896e+04	8.534704998557506e-03	3.730645691214220e+04	8.283036142990763e+03	8.415918769104570e+03	3.872869211654224e-17	-inf	
10	7.999999999999999e-01	2.000000000000000e-01	1.894496180496450e-03	6.640208818061056e-03	3.224158717785033e-16	-5.256879376247485e-16	2.957834693272139e+05	1.471962189175896e+04	8.534704998557506e-03	3.730645691214220e+04	8.283036142990763e+03	8.415918769104570e+03	2.719136379744038e-17	-inf	
11	1.000000000000000e+00	2.000000000000000e-01	1.894496180496451e-03	6.640208818061056e-03	6.293703336268674e-16	-3.174136509187528e-16	2.957834693272139e+05	1.471962189175896e+04	8.534704998557506e-03	3.730645691214219e+04	8.283036142990761e+03	8.415918769104570e+03	3.108023383256524e-17	-inf	
12	0.000000000000000e+00	3.999999999999999e-01	1.894496180496450e-03	6.640208818061056e-03	-1.258740667253783e-15	0.000000000000000e+00	2.957834693272139e+05	1.471962189175896e+04	8.534704998557506e-03	3.730645691214220e+04	8.283036142990763e+03	8.415918769104570e+03	5.550143400393140e-17	-inf	
13	2.000000000000000e-01	3.999999999999999e-01	1.894496180496450e-03	6.640208818061056e-03	6.817109542900826e-16	0.000000000000000e+00	2.957834693272139e+05	1.471962189175896e+04	8.534704998557506e-03	3.730645691214220e+04	8.283036142990763e+03	8.415918769104570e+03	3.005856291418266e-17	-inf	
14	3.999999999999999e-01	4.000000000000001e-01	1.894496180496451e-03	6.640208818061056e-03	2.653897545535216e-16	0.000000000000000e+00	2.957834693272139e+05	1.471962189175896e+04	8.534704998557506e-03	3.730645691214219e+04	8.283036142990761e+03	8.415918769104570e+03	1.170178443492055e-17	-inf	
15	6.000000000000001e-01	4.000000000000000e-01	1.894496180496451e-03	6.640208818061056e-03	-8.251390681834865e-16	-9.094947017729280e-19	2.957834693272139e+05	1.471962189175896e+04	8.534704998557506e-03	3.730645691214219e+04	8.283036142990761e+03	8.415918769104570e+03	3.638273597383247e-17	-inf	
16	8.000000000000000e-01	4.000000000000000e-01	1.894496180496450e-03	6.640208818061056e-03	-3.490185918053615e-16	0.000000000000000e+00	2.957834693272139e+05	1.471962189175896e+04	8.534704998557506e-03	3.730645691214220e+04	8.283036142990763e+03	8.415918769104570e+03	1.538921625650855e-17	-inf	
17	1.000000000000000e+00	4.000000000000000e-01	1.894496180496450e-03	6.640208818061056e-03	0.000000000000000e+00	0.000000000000000e+00	2.957834693272139e+05	1.471962189175896e+04	8.534704998557506e-03	3.730645691214220e+04	8.283036142990763e+03	8.415918769104570e+03	0.000000000000000e+00	-inf	
18	0.000000000000000e+00	6.000000000000000e-01	1.894496180496450e-03	6.640208818061056e-03	1.089119905373079e-15	3.376499080331994e-16	2.957834693272139e+05	1.471962189175896e+04	8.534704998557506e-03	3.730645691214220e+04	8.283036142990763e+03	8.415918769104570e+03	5.027722386138988e-17	-inf	
19	2.000000000000000e-01	6.000000000000000e-01	1.894496180496450e-03	6.640208818061056e-03	2.350883919319413e-17	1.818989403545857e-18	2.957834693272139e+05	1.471962189175896e+04	8.534704998557506e-03	3.730645691214220e+04	8.283036142990763e+03	8.415918769104570e+03	1.039669435485703e-18	-inf	
20	4.000000000000001e-01	6.000000000000002e-01	1.894496180496450e-03	6.640208818061056e-03	0.000000000000000e+00	-3.394688974367454e-16	2.957834693272139e+05	1.471962189175896e+04	8.534704998557506e-03	3.730645691214220e+04	8.283036142990763e+03	8.415918769104570e+03	1.496814323841514e-17	-inf	
21	6.000000000000000e-01	6.000000000000001e-01	1.894496180496450e-03	6.640208818061056e-03	-2.350883919319371e-17	-3.558398020686590e-16	2.957834693272139e+05	1.471962189175896e+04	8.534704998557506e-03	3.730645691214220e+04	8.283036142990763e+03	8.415918769104570e+03	1.572418636545200e-17	-inf	
22	8.000000000000000e-01	6.000000000000001e-01	1.894496180496450e-03	6.640208818061056e-03	5.495621735462920e-16	-9.094947017729286e-19	2.957834693272139e+05	1.471962189175896e+04	8.534704998557506e-03	3.730645691214220e+04	8.283036142990763e+03	8.415918769104570e+03	2.423178281989118e-17	-inf	
23	1.000000000000000e+00	6.000000000000001e-01	1.894496180496451e-03	6.640208818061056e-03	1.251919456990432e-15	-9.094947017729280e-19	2.957834693272139e+05	1.471962189175896e+04	8.534704998557506e-03	3.730645691214219e+04	8.283036142990761e+03	8.415918769104570e+03	5.520068212915616e-17	-inf	
24	0.000000000000000e+00	8.000000000000000e-01	1.894496180496451e-03	6.640208818061056e-03	-5.907168088015186e-16	0.000000000000000e+00	2.957834693272139e+05	1.471962189175896e+04	8.534704998557506e-03	3.730645691214219e+04	8.283036142990761e+03	8.415918769104570e+03	2.604637383349140e-17	-inf	
25	2.000000000000000e-01	8.000000000000000e-01	1.894496180496450e-03	6.640208818061056e-03	-3.558398020686590e-16	6.793925422243938e-16	2.957834693272139e+05	1.471962189175896e+04	8.534704998557506e-03	3.730645691214220e+04	8.283036142990763e+03	8.415918769104570e+03	3.381653024553287e-17	-inf	
26	3.999999999999999e-01	8.000000000000000e-01	1.894496180496450e-03	6.640208818061056e-03	-9.094947017729284e-19	0.000000000000000e+00	2.957834693272139e+05	1.471962189175896e+04	8.534704998557506e-03	3.730645691214220e+04	8.283036142990763e+03	8.415918769104570e+03	4.010219219937079e-20	-inf	
27	6.000000000000000e-01	8.000000000000000e-01	1.894496180496450e-03	6.640208818061056e-03	0.000000000000000e+00	-6.689333531540037e-16	2.957834693272139e+05	1.471962189175896e+04	8.534704998557506e-03	3.730645691214220e+04	8.283036142990763e+03	8.415918769104570e+03	2.949516236263788e-17	-inf	
28	8.000000000000000e-01	8.000000000000000e-01	1.894496180496450e-03	6.640208818061056e-03	0.000000000000000e+00	3.326476871734475e-16	2.957834693272139e+05	1.471962189175896e+04	8.534704998557506e-03	3.730645691214220e+04	8.283036142990763e+03	8.415918769104570e+03	1.466737679691982e-17	-inf	
29	1.000000000000000e+00	8.000000000000000e-01	1.894496180496450e-03	6.640208818061056e-03	-1.046828401740632e-15	-3.255991032347098e-16	2.957834693272139e+05	1.471962189175896e+04	8.534704998557506e-03	3.730645691214220e+04	8.283036142990763e+03	8.415918769104570e+03	4.833878058854018e-17	-inf	
30	0.000000000000000e+00	1.000000000000000e+00	1.894496180496450e-03	6.640208818061056e-03	1.818989403545857e-18	-6.771188054699450e-16	2.957834693272139e+05	1.471962189175896e+04	8.534704998557506e-03	3.730645691214220e+04	8.283036142990763e+03	8.415918769104570e+03	2.985618982143047e-17	-inf	
31	2.000000000000000e-01	1.000000000000000e+00	1.894496180496450e-03	6.640208818061056e-03	0.000000000000000e+00	0.000000000000000e+00	2.957834693272139e+05	1.471962189175896e+04	8.534704998557506e-03	3.730645691214220e+04	8.283036142990763e+03	8.415918769104570e+03	0.000000000000000e+00	-inf	
32	3.999999999999999e-01	1.000000000000000e+00	1.894496180496450e-03	6.640208818061056e-03	0.000000000000000e+00	0.000000000000000e+00	2.957834693272139e+05	1.471962189175896e+04	8.534704998557506e-03	3.730645691214220e+04	8.283036142990763e+03	8.415918769104570e+03	0.000000000000000e+00	-inf	
33	6.000000000000000e-01	1.000000000000000e+00	1.894496180496450e-03	6.640208818061056e-03	3.512923285597935e-16	-7.962626114021769e-16	2.957834693272139e+05	1.471962189175896e+04	8.534704998557506e-03	3.730645691214220e+04	8.283036142990763e+03	8.415918769104570e+03	3.837445201108549e-17	-inf	
34	8.000000000000000e-01	1.000000000000000e+00	1.894496180496451e-03	6.640208818061056e-03	0.000000000000000e+00	4.306457412894747e-16	2.957834693272139e+05	1.471962189175896e+04	8.534704998557506e-03	3.730645691214219e+04	8.283036142990761e+03	8.415918769104570e+03	1.898838800640177e-17	-inf	
35	1.000000000000000e+00	1.000000000000000e+00	1.894496180496450e-03	6.640208818061056e-03	-7.007656677160409e-16	8.594724931754156e-17	2.957834693272139e+05	1.471962189175896e+04	8.534704998557506e-03	3.730645691214220e+04	8.283036142990763e+03	8.415918769104570e+03	3.113026788737902e-17	-inf	
EXT_ITER= 8429
AOA= 0.000000000000000e+00
SIDESLIP_ANGLE= 0.000000000000000e+00
INITIAL_BCTHRUST= 4.000000000000000e+03
DCD_DCL_VALUE= 0.000000000000000e+00
DCMX_DCL_VALUE= 0.000000000000000e+00
DCMY_DCL_VALUE= 0.000000000000000e+00
DCMZ_DCL_VALUE= 0.000000000000000e+00
