"PointID"	"x"	"y"	"Density[0]"	"Density[1]"	"Momentum_x"	"Momentum_y"	"Energy"	"Electronic_Energy"	"Total_Density"	"Pressure"	"Temperature"	"Tve"	"Mach"	"C<sub>p</sub>"
0	0.000000000000000e+00	0.000000000000000e+00	2.782198248187976e-03	5.752506750369519e-03	0.000000000000000e+00	0.000000000000000e+00	2.957834693272139e+05	3.645545422625464e+04	8.534704998557496e-03	4.054048476363120e+04	9.560337867890004e+03	1.251335357965122e+04	0.000000000000000e+00	-inf	
1	2.000000000000000e-01	0.000000000000000e+00	2.782198248187976e-03	5.752506750369519e-03	0.000000000000000e+00	8.867573342286034e-17	2.957834693272139e+05	3.645545422625464e+04	8.534704998557496e-03	4.054048476363120e+04	9.560337867890004e+03	1.251335357965122e+04	3.780584688519967e-18	-inf	
2	4.000000000000000e-01	0.000000000000000e+00	2.782198248187976e-03	5.752506750369519e-03	0.000000000000000e+00	-6.684786058031012e-17	2.957834693272139e+05	3.645545422625464e+04	8.534704998557496e-03	4.054048476363120e+04	9.560337867890004e+03	1.251335357965122e+04	2.849979226730438e-18	-inf	
3	6.000000000000001e-01	0.000000000000000e+00	2.782198248187976e-03	5.752506750369519e-03	0.000000000000000e+00	-9.003997547551973e-17	2.957834693272139e+05	3.645545422625464e+04	8.534704998557496e-03	4.054048476363120e+04	9.560337867890004e+03	1.251335357965122e+04	3.838747529881812e-18	-inf	
4	8.000000000000000e-01	0.000000000000000e+00	2.782198248187976e-03	5.752506750369519e-03	1.205080479849130e-17	0.000000000000000e+00	2.957834693272139e+05	3.645545422625464e+04	8.534704998557496e-03	4.054048476363120e+04	9.560337867890004e+03	1.251335357965122e+04	5.137717653629709e-19	-inf	
5	1.000000000000000e+00	0.000000000000000e+00	2.782198248187976e-03	5.752506750369520e-03	2.455635694786906e-17	-4.547473508864640e-18	2.957834693272139e+05	3.645545422625464e+04	8.534704998557496e-03	4.054048476363112e+04	9.560337867889984e+03	1.251335357965122e+04	1.064731317369904e-18	-inf	
6	0.000000000000000e+00	2.000000000000000e-01	2.782198248187976e-03	5.752506750369519e-03	0.000000000000000e+00	0.000000000000000e+00	2.957834693272139e+05	3.645545422625464e+04	8.534704998557496e-03	4.054048476363120e+04	9.560337867890004e+03	1.251335357965122e+04	0.000000000000000e+00	-inf	
7	2.000000000000000e-01	2.000000000000000e-01	2.782198248187976e-03	5.752506750369519e-03	-4.615685611497603e-17	-1.818989403545857e-18	2.957834693272139e+05	3.645545422625464e+04	8.534704998557496e-03	4.054048476363120e+04	9.560337867890004e+03	1.251335357965122e+04	1.969370294353026e-18	-inf	
8	4.000000000000000e-01	2.000000000000000e-01	2.782198248187976e-03	5.752506750369519e-03	-4.342837200965724e-17	1.386979420203715e-17	2.957834693272139e+05	3.645545422625464e+04	8.534704998557496e-03	4.054048476363120e+04	9.560337867890004e+03	1.251335357965122e+04	1.943650586358168e-18	-inf	
9	5.999999999999999e-01	2.000000000000000e-01	2.782198248187976e-03	5.752506750369519e-03	0.000000000000000e+00	5.525180313270530e-17	2.957834693272139e+05	3.645545422625464e+04	8.534704998557496e-03	4.054048476363120e+04	9.560337867890004e+03	1.251335357965122e+04	2.355595075154749e-18	-inf	
10	7.999999999999999e-01	2.000000000000000e-01	2.782198248187976e-03	5.752506750369519e-03	1.386979420203715e-17	-4.274625098332755e-17	2.957834693272139e+05	3.645545422625464e+04	8.534704998557496e-03	4.054048476363120e+04	9.560337867890004e+03	1.251335357965122e+04	1.915968119396237e-18	-inf	
11	1.000000000000000e+00	2.000000000000000e-01	2.782198248187976e-03	5.752506750369520e-03	3.001332515850660e-17	-1.432454155292360e-17	2.957834693272139e+05	3.645545422625464e+04	8.534704998557496e-03	4.054048476363112e+04	9.560337867889984e+03	1.251335357965122e+04	1.417849745744260e-18	-inf	
12	0.000000000000000e+00	3.999999999999999e-01	2.782198248187976e-03	5.752506750369519e-03	-1.268745108973236e-16	0.000000000000000e+00	2.957834693272139e+05	3.645545422625464e+04	8.534704998557496e-03	4.054048476363120e+04	9.560337867890004e+03	1.251335357965122e+04	5.409144246651662e-18	-inf	
13	2.000000000000000e-01	3.999999999999999e-01	2.782198248187976e-03	5.752506750369519e-03	7.447840044753564e-17	0.000000000000000e+00	2.957834693272139e+05	3.645545422625464e+04	8.534704998557496e-03	4.054048476363120e+04	9.560337867890004e+03	1.251335357965122e+04	3.175298241004720e-18	-inf	
14	3.999999999999999e-01	4.000000000000001e-01	2.782198248187976e-03	5.752506750369520e-03	-1.009659799617443e-18	0.000000000000000e+00	2.957834693272139e+05	3.645545422625464e+04	8.534704998557496e-03	4.054048476363112e+04	9.560337867889984e+03	1.251335357965122e+04	4.304564768408002e-20	-inf	
15	6.000000000000001e-01	4.000000000000000e-01	2.782198248187976e-03	5.752506750369520e-03	-5.661604518536469e-17	-9.094947017729280e-19	2.957834693272139e+05	3.645545422625464e+04	8.534704998557496e-03	4.054048476363112e+04	9.560337867889984e+03	1.251335357965122e+04	2.414069344037160e-18	-inf	
16	8.000000000000000e-01	4.000000000000000e-01	2.782198248187976e-03	5.752506750369519e-03	-1.205080479849131e-17	0.000000000000000e+00	2.957834693272139e+05	3.645545422625464e+04	8.534704998557496e-03	4.054048476363120e+04	9.560337867890004e+03	1.251335357965122e+04	5.137717653629713e-19	-inf	
17	1.000000000000000e+00	4.000000000000000e-01	2.782198248187976e-03	5.752506750369519e-03	0.000000000000000e+00	0.000000000000000e+00	2.957834693272139e+05	3.645545422625464e+04	8.534704998557496e-03	4.054048476363120e+04	9.560337867890004e+03	1.251335357965122e+04	0.000000000000000e+00	-inf	
18	0.000000000000000e+00	6.000000000000000e-01	2.782198248187976e-03	5.752506750369519e-03	6.684786058031012e-17	1.205080479849130e-17	2.957834693272139e+05	3.645545422625464e+04	8.534704998557496e-03	4.054048476363120e+04	9.560337867890004e+03	1.251335357965122e+04	2.895918337881649e-18	-inf	
19	2.000000000000000e-01	6.000000000000000e-01	2.782198248187976e-03	5.752506750369519e-03	4.347143313175685e-18	1.818989403545857e-18	2.957834693272139e+05	3.645545422625464e+04	8.534704998557496e-03	4.054048476363120e+04	9.560337867890004e+03	1.251335357965122e+04	2.009060617558758e-19	-inf	
20	4.000000000000001e-01	6.000000000000002e-01	2.782198248187976e-03	5.752506750369519e-03	0.000000000000000e+00	-1.386979420203716e-17	2.957834693272139e+05	3.645545422625464e+04	8.534704998557496e-03	4.054048476363120e+04	9.560337867890004e+03	1.251335357965122e+04	5.913222205120987e-19	-inf	
21	6.000000000000000e-01	6.000000000000001e-01	2.782198248187976e-03	5.752506750369519e-03	-4.347143313175650e-18	-1.205080479849130e-17	2.957834693272139e+05	3.645545422625464e+04	8.534704998557496e-03	4.054048476363120e+04	9.560337867890004e+03	1.251335357965122e+04	5.461781755440271e-19	-inf	
22	8.000000000000000e-01	6.000000000000001e-01	2.782198248187976e-03	5.752506750369519e-03	1.296029950026423e-17	-9.094947017729286e-19	2.957834693272139e+05	3.645545422625464e+04	8.534704998557496e-03	4.054048476363120e+04	9.560337867890004e+03	1.251335357965122e+04	5.539058563309937e-19	-inf	
23	1.000000000000000e+00	6.000000000000001e-01	2.782198248187976e-03	5.752506750369520e-03	1.141415850725023e-16	-9.094947017729280e-19	2.957834693272139e+05	3.645545422625464e+04	8.534704998557496e-03	4.054048476363112e+04	9.560337867889984e+03	1.251335357965122e+04	4.866445541134150e-18	-inf	
24	0.000000000000000e+00	8.000000000000000e-01	2.782198248187976e-03	5.752506750369520e-03	-2.592059900052845e-17	0.000000000000000e+00	2.957834693272139e+05	3.645545422625464e+04	8.534704998557496e-03	4.054048476363112e+04	9.560337867889984e+03	1.251335357965122e+04	1.105093985875070e-18	-inf	
25	2.000000000000000e-01	8.000000000000000e-01	2.782198248187976e-03	5.752506750369519e-03	-1.205080479849130e-17	4.524736141320310e-17	2.957834693272139e+05	3.645545422625464e+04	8.534704998557496e-03	4.054048476363120e+04	9.560337867890004e+03	1.251335357965122e+04	1.996312381263970e-18	-inf	
26	3.999999999999999e-01	8.000000000000000e-01	2.782198248187976e-03	5.752506750369519e-03	-9.094947017729284e-19	0.000000000000000e+00	2.957834693272139e+05	3.645545422625464e+04	8.534704998557496e-03	4.054048476363120e+04	9.560337867890004e+03	1.251335357965122e+04	3.877522757456384e-20	-inf	
27	6.000000000000000e-01	8.000000000000000e-01	2.782198248187976e-03	5.752506750369519e-03	0.000000000000000e+00	-3.296918293926859e-17	2.957834693272139e+05	3.645545422625464e+04	8.534704998557496e-03	4.054048476363120e+04	9.560337867890004e+03	1.251335357965122e+04	1.405601999577937e-18	-inf	
28	8.000000000000000e-01	8.000000000000000e-01	2.782198248187976e-03	5.752506750369519e-03	0.000000000000000e+00	1.432454155292362e-17	2.957834693272139e+05	3.645545422625464e+04	8.534704998557496e-03	4.054048476363120e+04	9.560337867890004e+03	1.251335357965122e+04	6.107098342993804e-19	-inf	
29	1.000000000000000e+00	8.000000000000000e-01	2.782198248187976e-03	5.752506750369519e-03	-8.822098607197387e-17	-1.523403625469654e-17	2.957834693272139e+05	3.645545422625464e+04	8.534704998557496e-03	4.054048476363120e+04	9.560337867890004e+03	1.251335357965122e+04	3.816861836715485e-18	-inf	
30	0.000000000000000e+00	1.000000000000000e+00	2.782198248187976e-03	5.752506750369519e-03	1.818989403545857e-18	-2.592059900052846e-17	2.957834693272139e+05	3.645545422625464e+04	8.534704998557496e-03	4.054048476363120e+04	9.560337867890004e+03	1.251335357965122e+04	1.107811712661987e-18	-inf	
31	2.000000000000000e-01	1.000000000000000e+00	2.782198248187976e-03	5.752506750369519e-03	0.000000000000000e+00	0.000000000000000e+00	2.957834693272139e+05	3.645545422625464e+04	8.534704998557496e-03	4.054048476363120e+04	9.560337867890004e+03	1.251335357965122e+04	0.000000000000000e+00	-inf	
32	3.999999999999999e-01	1.000000000000000e+00	2.782198248187976e-03	5.752506750369519e-03	0.000000000000000e+00	0.000000000000000e+00	2.957834693272139e+05	3.645545422625464e+04	8.534704998557496e-03	4.054048476363120e+04	9.560337867890004e+03	1.251335357965122e+04	0.000000000000000e+00	-inf	
33	6.000000000000000e-01	1.000000000000000e+00	2.782198248187976e-03	5.752506750369519e-03	1.432454155292362e-17	-8.731149137020095e-17	2.957834693272139e+05	3.645545422625464e+04	8.534704998557496e-03	4.054048476363120e+04	9.560337867890004e+03	1.251335357965122e+04	3.772186489280462e-18	-inf	
34	8.000000000000000e-01	1.000000000000000e+00	2.782198248187976e-03	5.752506750369520e-03	0.000000000000000e+00	-9.549694368615726e-18	2.957834693272139e+05	3.645545422625464e+04	8.534704998557496e-03	4.054048476363112e+04	9.560337867889984e+03	1.251335357965122e+04	4.071398895329198e-19	-inf	
35	1.000000000000000e+00	1.000000000000000e+00	2.782198248187976e-03	5.752506750369519e-03	-2.683009370230138e-17	1.909938873723150e-17	2.957834693272139e+05	3.645545422625464e+04	8.534704998557496e-03	4.054048476363120e+04	9.560337867890004e+03	1.251335357965122e+04	1.404096982431554e-18	-inf	
EXT_ITER= 464
AOA= 0.000000000000000e+00
SIDESLIP_ANGLE= 0.000000000000000e+00
INITIAL_BCTHRUST= 4.000000000000000e+03
DCD_DCL_VALUE= 0.000000000000000e+00
DCMX_DCL_VALUE= 0.000000000000000e+00
DCMY_DCL_VALUE= 0.000000000000000e+00
DCMZ_DCL_VALUE= 0.000000000000000e+00
