"PointID"	"x"	"y"	"Density[0]"	"Density[1]"	"Momentum_x"	"Momentum_y"	"Energy"	"Electronic_Energy"	"Total_Density"	"Pressure"	"Temperature"	"Tve"	"Mach"	"C<sub>p</sub>"
0	0.000000000000000e+00	0.000000000000000e+00	1.908069410268516e-03	6.626635588288998e-03	0.000000000000000e+00	0.000000000000000e+00	2.957834693272139e+05	1.493131505491748e+04	8.534704998557513e-03	3.743362469718957e+04	8.318711496144369e+03	8.459622077615995e+03	0.000000000000000e+00	-inf	
1	2.000000000000000e-01	0.000000000000000e+00	1.908069410268516e-03	6.626635588288998e-03	0.000000000000000e+00	1.328317011939390e-15	2.957834693272139e+05	1.493131505491748e+04	8.534704998557513e-03	3.743362469718957e+04	8.318711496144369e+03	8.459622077615995e+03	5.847658240149377e-17	-inf	
2	4.000000000000000e-01	0.000000000000000e+00	1.908069410268516e-03	6.626635588288998e-03	0.000000000000000e+00	-1.048192643793291e-15	2.957834693272139e+05	1.493131505491748e+04	8.534704998557513e-03	3.743362469718957e+04	8.318711496144369e+03	8.459622077615995e+03	4.614464992654541e-17	-inf	
3	6.000000000000001e-01	0.000000000000000e+00	1.908069410268516e-03	6.626635588288998e-03	0.000000000000000e+00	-9.576979209668730e-16	2.957834693272139e+05	1.493131505491748e+04	8.534704998557513e-03	3.743362469718957e+04	8.318711496144369e+03	8.459622077615995e+03	4.216079511726826e-17	-inf	
4	8.000000000000000e-01	0.000000000000000e+00	1.908069410268516e-03	6.626635588288998e-03	3.058175934711473e-16	0.000000000000000e+00	2.957834693272139e+05	1.493131505491748e+04	8.534704998557513e-03	3.743362469718957e+04	8.318711496144369e+03	8.459622077615995e+03	1.346302693084688e-17	-inf	
5	1.000000000000000e+00	0.000000000000000e+00	1.908069410268516e-03	6.626635588288998e-03	5.629772203974429e-16	-9.958966984413540e-17	2.957834693272139e+05	1.493131505491749e+04	8.534704998557515e-03	3.743362469718963e+04	8.318711496144380e+03	8.459622077615995e+03	2.516877634699698e-17	-inf	
6	0.000000000000000e+00	2.000000000000000e-01	1.908069410268516e-03	6.626635588288998e-03	0.000000000000000e+00	0.000000000000000e+00	2.957834693272139e+05	1.493131505491748e+04	8.534704998557513e-03	3.743362469718957e+04	8.318711496144369e+03	8.459622077615995e+03	0.000000000000000e+00	-inf	
7	2.000000000000000e-01	2.000000000000000e-01	1.908069410268516e-03	6.626635588288998e-03	-6.361915438901741e-16	-1.818989403545857e-18	2.957834693272139e+05	1.493131505491748e+04	8.534704998557513e-03	3.743362469718957e+04	8.318711496144369e+03	8.459622077615995e+03	2.800721436828345e-17	-inf	
8	4.000000000000000e-01	2.000000000000000e-01	1.908069410268516e-03	6.626635588288998e-03	-6.632490112679222e-16	3.076365828746931e-16	2.957834693272139e+05	1.493131505491748e+04	8.534704998557513e-03	3.743362469718957e+04	8.318711496144369e+03	8.459622077615995e+03	3.218623345216089e-17	-inf	
9	5.999999999999999e-01	2.000000000000000e-01	1.908069410268516e-03	6.626635588288998e-03	0.000000000000000e+00	7.962626114021987e-16	2.957834693272139e+05	1.493131505491748e+04	8.534704998557513e-03	3.743362469718957e+04	8.318711496144369e+03	8.459622077615995e+03	3.505391844745408e-17	-inf	
10	7.999999999999999e-01	2.000000000000000e-01	1.908069410268516e-03	6.626635588288998e-03	2.908109308918942e-16	-4.847606760449613e-16	2.957834693272139e+05	1.493131505491748e+04	8.534704998557513e-03	3.743362469718957e+04	8.318711496144369e+03	8.459622077615995e+03	2.488623005938282e-17	-inf	
11	1.000000000000000e+00	2.000000000000000e-01	1.908069410268516e-03	6.626635588288998e-03	5.584297468885786e-16	-2.808064891723923e-16	2.957834693272139e+05	1.493131505491749e+04	8.534704998557515e-03	3.743362469718963e+04	8.318711496144380e+03	8.459622077615995e+03	2.751691659850367e-17	-inf	
12	0.000000000000000e+00	3.999999999999999e-01	1.908069410268516e-03	6.626635588288998e-03	-1.260104909306437e-15	0.000000000000000e+00	2.957834693272139e+05	1.493131505491748e+04	8.534704998557513e-03	3.743362469718957e+04	8.318711496144369e+03	8.459622077615995e+03	5.547367676636136e-17	-inf	
13	2.000000000000000e-01	3.999999999999999e-01	1.908069410268516e-03	6.626635588288998e-03	6.342591047867939e-16	0.000000000000000e+00	2.957834693272139e+05	1.493131505491748e+04	8.534704998557513e-03	3.743362469718957e+04	8.318711496144369e+03	8.459622077615995e+03	2.792202800354933e-17	-inf	
14	3.999999999999999e-01	4.000000000000001e-01	1.908069410268516e-03	6.626635588288998e-03	2.429490093489890e-16	0.000000000000000e+00	2.957834693272139e+05	1.493131505491749e+04	8.534704998557515e-03	3.743362469718963e+04	8.318711496144380e+03	8.459622077615995e+03	1.069535934333548e-17	-inf	
15	6.000000000000001e-01	4.000000000000000e-01	1.908069410268516e-03	6.626635588288998e-03	-7.469225238310170e-16	-9.094947017729280e-19	2.957834693272139e+05	1.493131505491749e+04	8.534704998557515e-03	3.743362469718963e+04	8.318711496144380e+03	8.459622077615995e+03	3.288184108140605e-17	-inf	
16	8.000000000000000e-01	4.000000000000000e-01	1.908069410268516e-03	6.626635588288998e-03	-3.137756721116604e-16	0.000000000000000e+00	2.957834693272139e+05	1.493131505491748e+04	8.534704998557513e-03	3.743362469718957e+04	8.318711496144369e+03	8.459622077615995e+03	1.381336592161241e-17	-inf	
17	1.000000000000000e+00	4.000000000000000e-01	1.908069410268516e-03	6.626635588288998e-03	0.000000000000000e+00	0.000000000000000e+00	2.957834693272139e+05	1.493131505491748e+04	8.534704998557513e-03	3.743362469718957e+04	8.318711496144369e+03	8.459622077615995e+03	0.000000000000000e+00	-inf	
18	0.000000000000000e+00	6.000000000000000e-01	1.908069410268516e-03	6.626635588288998e-03	1.048192643793291e-15	3.058175934711472e-16	2.957834693272139e+05	1.493131505491748e+04	8.534704998557513e-03	3.743362469718957e+04	8.318711496144369e+03	8.459622077615995e+03	4.806851163687238e-17	-inf	
19	2.000000000000000e-01	6.000000000000000e-01	1.908069410268516e-03	6.626635588288998e-03	1.500713685504583e-17	1.818989403545857e-18	2.957834693272139e+05	1.493131505491748e+04	8.534704998557513e-03	3.743362469718957e+04	8.318711496144369e+03	8.459622077615995e+03	6.654954514913952e-19	-inf	
20	4.000000000000001e-01	6.000000000000002e-01	1.908069410268516e-03	6.626635588288998e-03	0.000000000000000e+00	-3.076365828746933e-16	2.957834693272139e+05	1.493131505491748e+04	8.534704998557513e-03	3.743362469718957e+04	8.318711496144369e+03	8.459622077615995e+03	1.354310441445043e-17	-inf	
21	6.000000000000000e-01	6.000000000000001e-01	1.908069410268516e-03	6.626635588288998e-03	-1.500713685504542e-17	-3.192326403222984e-16	2.957834693272139e+05	1.493131505491748e+04	8.534704998557513e-03	3.743362469718957e+04	8.318711496144369e+03	8.459622077615995e+03	1.406911862932245e-17	-inf	
22	8.000000000000000e-01	6.000000000000001e-01	1.908069410268516e-03	6.626635588288998e-03	4.329194780439143e-16	-9.094947017729286e-19	2.957834693272139e+05	1.493131505491748e+04	8.534704998557513e-03	3.743362469718957e+04	8.318711496144369e+03	8.459622077615995e+03	1.905848315510044e-17	-inf	
23	1.000000000000000e+00	6.000000000000001e-01	1.908069410268516e-03	6.626635588288998e-03	1.258285919902846e-15	-9.094947017729280e-19	2.957834693272139e+05	1.493131505491749e+04	8.534704998557515e-03	3.743362469718963e+04	8.318711496144380e+03	8.459622077615995e+03	5.539361375284489e-17	-inf	
24	0.000000000000000e+00	8.000000000000000e-01	1.908069410268516e-03	6.626635588288998e-03	-5.279616743791872e-16	0.000000000000000e+00	2.957834693272139e+05	1.493131505491749e+04	8.534704998557515e-03	3.743362469718963e+04	8.318711496144380e+03	8.459622077615995e+03	2.324248961593052e-17	-inf	
25	2.000000000000000e-01	8.000000000000000e-01	1.908069410268516e-03	6.626635588288998e-03	-3.192326403222984e-16	6.352820491884009e-16	2.957834693272139e+05	1.493131505491748e+04	8.534704998557513e-03	3.743362469718957e+04	8.318711496144369e+03	8.459622077615995e+03	3.129952294364194e-17	-inf	
26	3.999999999999999e-01	8.000000000000000e-01	1.908069410268516e-03	6.626635588288998e-03	-9.094947017729284e-19	0.000000000000000e+00	2.957834693272139e+05	1.493131505491748e+04	8.534704998557513e-03	3.743362469718957e+04	8.318711496144369e+03	8.459622077615995e+03	4.003874180177509e-20	-inf	
27	6.000000000000000e-01	8.000000000000000e-01	1.908069410268516e-03	6.626635588288998e-03	0.000000000000000e+00	-6.471054803114506e-16	2.957834693272139e+05	1.493131505491748e+04	8.534704998557513e-03	3.743362469718957e+04	8.318711496144369e+03	8.459622077615995e+03	2.848756479196350e-17	-inf	
28	8.000000000000000e-01	8.000000000000000e-01	1.908069410268516e-03	6.626635588288998e-03	0.000000000000000e+00	3.010427462868385e-16	2.957834693272139e+05	1.493131505491748e+04	8.534704998557513e-03	3.743362469718957e+04	8.318711496144369e+03	8.459622077615995e+03	1.325282353638752e-17	-inf	
29	1.000000000000000e+00	8.000000000000000e-01	1.908069410268516e-03	6.626635588288998e-03	-9.558789315633269e-16	-2.926299202954413e-16	2.957834693272139e+05	1.493131505491748e+04	8.534704998557513e-03	3.743362469718957e+04	8.318711496144369e+03	8.459622077615995e+03	4.400846174932866e-17	-inf	
30	0.000000000000000e+00	1.000000000000000e+00	1.908069410268516e-03	6.626635588288998e-03	1.818989403545857e-18	-6.134541763458408e-16	2.957834693272139e+05	1.493131505491748e+04	8.534704998557513e-03	3.743362469718957e+04	8.318711496144369e+03	8.459622077615995e+03	2.700625006628708e-17	-inf	
31	2.000000000000000e-01	1.000000000000000e+00	1.908069410268516e-03	6.626635588288998e-03	0.000000000000000e+00	0.000000000000000e+00	2.957834693272139e+05	1.493131505491748e+04	8.534704998557513e-03	3.743362469718957e+04	8.318711496144369e+03	8.459622077615995e+03	0.000000000000000e+00	-inf	
32	3.999999999999999e-01	1.000000000000000e+00	1.908069410268516e-03	6.626635588288998e-03	0.000000000000000e+00	0.000000000000000e+00	2.957834693272139e+05	1.493131505491748e+04	8.534704998557513e-03	3.743362469718957e+04	8.318711496144369e+03	8.459622077615995e+03	0.000000000000000e+00	-inf	
33	6.000000000000000e-01	1.000000000000000e+00	1.908069410268516e-03	6.626635588288998e-03	3.160494088660925e-16	-7.080416253302102e-16	2.957834693272139e+05	1.493131505491748e+04	8.534704998557513e-03	3.743362469718957e+04	8.318711496144369e+03	8.459622077615995e+03	3.413448917974161e-17	-inf	
34	8.000000000000000e-01	1.000000000000000e+00	1.908069410268516e-03	6.626635588288998e-03	0.000000000000000e+00	4.106368578504713e-16	2.957834693272139e+05	1.493131505491749e+04	8.534704998557515e-03	3.743362469718963e+04	8.318711496144380e+03	8.459622077615995e+03	1.807749192350118e-17	-inf	
35	1.000000000000000e+00	1.000000000000000e+00	1.908069410268516e-03	6.626635588288998e-03	-6.302798283286388e-16	6.866684998385598e-17	2.957834693272139e+05	1.493131505491748e+04	8.534704998557513e-03	3.743362469718957e+04	8.318711496144369e+03	8.459622077615995e+03	2.791103103319095e-17	-inf	
EXT_ITER= 7933
AOA= 0.000000000000000e+00
SIDESLIP_ANGLE= 0.000000000000000e+00
INITIAL_BCTHRUST= 4.000000000000000e+03
DCD_DCL_VALUE= 0.000000000000000e+00
DCMX_DCL_VALUE= 0.000000000000000e+00
DCMY_DCL_VALUE= 0.000000000000000e+00
DCMZ_DCL_VALUE= 0.000000000000000e+00
