"PointID"	"x"	"y"	"Density[0]"	"Density[1]"	"Momentum_x"	"Momentum_y"	"Energy"	"Electronic_Energy"	"Total_Density"	"Pressure"	"Temperature"	"Tve"	"Mach"	"C<sub>p</sub>"
0	0.000000000000000e+00	0.000000000000000e+00	1.997805301062345e-03	6.536899697495135e-03	0.000000000000000e+00	0.000000000000000e+00	2.957834693272139e+05	1.638435341346180e+04	8.534704998557480e-03	3.823658367585236e+04	8.547741353793366e+03	8.754211804427161e+03	0.000000000000000e+00	-inf	
1	2.000000000000000e-01	0.000000000000000e+00	1.997805301062345e-03	6.536899697495135e-03	0.000000000000000e+00	1.095941115636376e-15	2.957834693272139e+05	1.638435341346180e+04	8.534704998557480e-03	3.823658367585236e+04	8.547741353793366e+03	8.754211804427161e+03	4.777477869731123e-17	-inf	
2	4.000000000000000e-01	0.000000000000000e+00	1.997805301062345e-03	6.536899697495135e-03	0.000000000000000e+00	-8.158167474902932e-16	2.957834693272139e+05	1.638435341346180e+04	8.534704998557480e-03	3.823658367585236e+04	8.547741353793366e+03	8.754211804427161e+03	3.556346596803903e-17	-inf	
3	6.000000000000001e-01	0.000000000000000e+00	1.997805301062345e-03	6.536899697495135e-03	0.000000000000000e+00	-5.170477379579114e-16	2.957834693272139e+05	1.638435341346180e+04	8.534704998557480e-03	3.823658367585236e+04	8.547741353793366e+03	8.754211804427161e+03	2.253938729412579e-17	-inf	
4	8.000000000000000e-01	0.000000000000000e+00	1.997805301062345e-03	6.536899697495135e-03	8.230927051044938e-17	0.000000000000000e+00	2.957834693272139e+05	1.638435341346180e+04	8.534704998557480e-03	3.823658367585236e+04	8.547741353793366e+03	8.754211804427161e+03	3.588064292204682e-18	-inf	
5	1.000000000000000e+00	0.000000000000000e+00	1.997805301062346e-03	6.536899697495135e-03	8.685674401931185e-17	1.441549102310097e-16	2.957834693272139e+05	1.638435341346180e+04	8.534704998557480e-03	3.823658367585235e+04	8.547741353793364e+03	8.754211804427161e+03	7.336592023352336e-18	-inf	
6	0.000000000000000e+00	2.000000000000000e-01	1.997805301062345e-03	6.536899697495135e-03	0.000000000000000e+00	0.000000000000000e+00	2.957834693272139e+05	1.638435341346180e+04	8.534704998557480e-03	3.823658367585236e+04	8.547741353793366e+03	8.754211804427161e+03	0.000000000000000e+00	-inf	
7	2.000000000000000e-01	2.000000000000000e-01	1.997805301062345e-03	6.536899697495135e-03	-4.133653419557837e-16	-1.818989403545857e-18	2.957834693272139e+05	1.638435341346180e+04	8.534704998557480e-03	3.823658367585236e+04	8.547741353793366e+03	8.754211804427161e+03	1.801979016345139e-17	-inf	
8	4.000000000000000e-01	2.000000000000000e-01	1.997805301062345e-03	6.536899697495135e-03	-5.470610631164152e-16	8.412825991399520e-17	2.957834693272139e+05	1.638435341346180e+04	8.534704998557480e-03	3.823658367585236e+04	8.547741353793366e+03	8.754211804427161e+03	2.412808173131215e-17	-inf	
9	5.999999999999999e-01	2.000000000000000e-01	1.997805301062345e-03	6.536899697495135e-03	0.000000000000000e+00	3.417426341911858e-16	2.957834693272139e+05	1.638435341346180e+04	8.534704998557480e-03	3.823658367585236e+04	8.547741353793366e+03	8.754211804427161e+03	1.489740505851879e-17	-inf	
10	7.999999999999999e-01	2.000000000000000e-01	1.997805301062345e-03	6.536899697495135e-03	6.889422365929966e-17	-2.810338628478338e-16	2.957834693272139e+05	1.638435341346180e+04	8.534704998557480e-03	3.823658367585236e+04	8.547741353793366e+03	8.754211804427161e+03	1.261370855846286e-17	-inf	
11	1.000000000000000e+00	2.000000000000000e-01	1.997805301062346e-03	6.536899697495135e-03	9.686118573881613e-17	-4.274625098332677e-17	2.957834693272139e+05	1.638435341346180e+04	8.534704998557480e-03	3.823658367585235e+04	8.547741353793364e+03	8.754211804427161e+03	4.615314663908460e-18	-inf	
12	0.000000000000000e+00	3.999999999999999e-01	1.997805301062345e-03	6.536899697495135e-03	-1.191438059322547e-15	0.000000000000000e+00	2.957834693272139e+05	1.638435341346180e+04	8.534704998557480e-03	3.823658367585236e+04	8.547741353793366e+03	8.754211804427161e+03	5.193772621865427e-17	-inf	
13	2.000000000000000e-01	3.999999999999999e-01	1.997805301062345e-03	6.536899697495135e-03	3.483268769065909e-16	0.000000000000000e+00	2.957834693272139e+05	1.638435341346180e+04	8.534704998557480e-03	3.823658367585236e+04	8.547741353793366e+03	8.754211804427161e+03	1.518442845250398e-17	-inf	
14	3.999999999999999e-01	4.000000000000001e-01	1.997805301062346e-03	6.536899697495135e-03	5.160423045317155e-17	0.000000000000000e+00	2.957834693272139e+05	1.638435341346180e+04	8.534704998557480e-03	3.823658367585235e+04	8.547741353793364e+03	8.754211804427161e+03	2.249555796904066e-18	-inf	
15	6.000000000000001e-01	4.000000000000000e-01	1.997805301062346e-03	6.536899697495135e-03	-2.871729520848093e-16	-9.094947017729280e-19	2.957834693272139e+05	1.638435341346180e+04	8.534704998557480e-03	3.823658367585235e+04	8.547741353793364e+03	8.754211804427161e+03	1.251864068576178e-17	-inf	
16	8.000000000000000e-01	4.000000000000000e-01	1.997805301062345e-03	6.536899697495135e-03	-9.094947017729280e-17	0.000000000000000e+00	2.957834693272139e+05	1.638435341346180e+04	8.534704998557480e-03	3.823658367585236e+04	8.547741353793366e+03	8.754211804427161e+03	3.964711925088076e-18	-inf	
17	1.000000000000000e+00	4.000000000000000e-01	1.997805301062345e-03	6.536899697495135e-03	0.000000000000000e+00	0.000000000000000e+00	2.957834693272139e+05	1.638435341346180e+04	8.534704998557480e-03	3.823658367585236e+04	8.547741353793366e+03	8.754211804427161e+03	0.000000000000000e+00	-inf	
18	0.000000000000000e+00	6.000000000000000e-01	1.997805301062345e-03	6.536899697495135e-03	8.158167474902932e-16	8.230927051044932e-17	2.957834693272139e+05	1.638435341346180e+04	8.534704998557480e-03	3.823658367585236e+04	8.547741353793366e+03	8.754211804427161e+03	3.574401092525662e-17	-inf	
19	2.000000000000000e-01	6.000000000000000e-01	1.997805301062345e-03	6.536899697495135e-03	-3.429792876530820e-18	1.818989403545857e-18	2.957834693272139e+05	1.638435341346180e+04	8.534704998557480e-03	3.823658367585236e+04	8.547741353793366e+03	8.754211804427161e+03	1.692387508849541e-19	-inf	
20	4.000000000000001e-01	6.000000000000002e-01	1.997805301062345e-03	6.536899697495135e-03	0.000000000000000e+00	-8.412825991399534e-17	2.957834693272139e+05	1.638435341346180e+04	8.534704998557480e-03	3.823658367585236e+04	8.547741353793366e+03	8.754211804427161e+03	3.667358530706448e-18	-inf	
21	6.000000000000000e-01	6.000000000000001e-01	1.997805301062345e-03	6.536899697495135e-03	3.429792876531163e-18	-8.503775461576877e-17	2.957834693272139e+05	1.638435341346180e+04	8.534704998557480e-03	3.823658367585236e+04	8.547741353793366e+03	8.754211804427161e+03	3.710019550805258e-18	-inf	
22	8.000000000000000e-01	6.000000000000001e-01	1.997805301062345e-03	6.536899697495135e-03	9.185896487906551e-17	-9.094947017729286e-19	2.957834693272139e+05	1.638435341346180e+04	8.534704998557480e-03	3.823658367585236e+04	8.547741353793366e+03	8.754211804427161e+03	4.004555312396623e-18	-inf	
23	1.000000000000000e+00	6.000000000000001e-01	1.997805301062346e-03	6.536899697495135e-03	5.752553988713916e-16	-9.094947017729280e-19	2.957834693272139e+05	1.638435341346180e+04	8.534704998557480e-03	3.823658367585235e+04	8.547741353793364e+03	8.754211804427161e+03	2.507683426775938e-17	-inf	
24	0.000000000000000e+00	8.000000000000000e-01	1.997805301062346e-03	6.536899697495135e-03	-7.185008144006236e-17	0.000000000000000e+00	2.957834693272139e+05	1.638435341346180e+04	8.534704998557480e-03	3.823658367585235e+04	8.547741353793364e+03	8.754211804427161e+03	3.132122420819626e-18	-inf	
25	2.000000000000000e-01	8.000000000000000e-01	1.997805301062345e-03	6.536899697495135e-03	-8.503775461576882e-17	4.124558472540108e-16	2.957834693272139e+05	1.638435341346180e+04	8.534704998557480e-03	3.823658367585236e+04	8.547741353793366e+03	8.754211804427161e+03	1.835813609919189e-17	-inf	
26	3.999999999999999e-01	8.000000000000000e-01	1.997805301062345e-03	6.536899697495135e-03	-9.094947017729284e-19	0.000000000000000e+00	2.957834693272139e+05	1.638435341346180e+04	8.534704998557480e-03	3.823658367585236e+04	8.547741353793366e+03	8.754211804427161e+03	3.964711925088078e-20	-inf	
27	6.000000000000000e-01	8.000000000000000e-01	1.997805301062345e-03	6.536899697495135e-03	0.000000000000000e+00	-5.047695594839684e-16	2.957834693272139e+05	1.638435341346180e+04	8.534704998557480e-03	3.823658367585236e+04	8.547741353793366e+03	8.754211804427161e+03	2.200415118423853e-17	-inf	
28	8.000000000000000e-01	8.000000000000000e-01	1.997805301062345e-03	6.536899697495135e-03	0.000000000000000e+00	8.208189683500582e-17	2.957834693272139e+05	1.638435341346180e+04	8.534704998557480e-03	3.823658367585236e+04	8.547741353793366e+03	8.754211804427161e+03	3.578152512391947e-18	-inf	
29	1.000000000000000e+00	8.000000000000000e-01	1.997805301062345e-03	6.536899697495135e-03	-5.152287485543657e-16	-6.912159733474345e-17	2.957834693272139e+05	1.638435341346180e+04	8.534704998557480e-03	3.823658367585236e+04	8.547741353793366e+03	8.754211804427161e+03	2.266131152837621e-17	-inf	
30	0.000000000000000e+00	1.000000000000000e+00	1.997805301062345e-03	6.536899697495135e-03	1.818989403545857e-18	-1.664375304244449e-16	2.957834693272139e+05	1.638435341346180e+04	8.534704998557480e-03	3.823658367585236e+04	8.547741353793366e+03	8.754211804427161e+03	7.255856111823015e-18	-inf	
31	2.000000000000000e-01	1.000000000000000e+00	1.997805301062345e-03	6.536899697495135e-03	0.000000000000000e+00	0.000000000000000e+00	2.957834693272139e+05	1.638435341346180e+04	8.534704998557480e-03	3.823658367585236e+04	8.547741353793366e+03	8.754211804427161e+03	0.000000000000000e+00	-inf	
32	3.999999999999999e-01	1.000000000000000e+00	1.997805301062345e-03	6.536899697495135e-03	0.000000000000000e+00	0.000000000000000e+00	2.957834693272139e+05	1.638435341346180e+04	8.534704998557480e-03	3.823658367585236e+04	8.547741353793366e+03	8.754211804427161e+03	0.000000000000000e+00	-inf	
33	6.000000000000000e-01	1.000000000000000e+00	1.997805301062345e-03	6.536899697495135e-03	9.322320693172471e-17	-3.196873876731891e-16	2.957834693272139e+05	1.638435341346180e+04	8.534704998557480e-03	3.823658367585236e+04	8.547741353793366e+03	8.754211804427161e+03	1.451639626417449e-17	-inf	
34	8.000000000000000e-01	1.000000000000000e+00	1.997805301062346e-03	6.536899697495135e-03	0.000000000000000e+00	2.319211489520914e-16	2.957834693272139e+05	1.638435341346180e+04	8.534704998557480e-03	3.823658367585235e+04	8.547741353793364e+03	8.754211804427161e+03	1.011001540897437e-17	-inf	
35	1.000000000000000e+00	1.000000000000000e+00	1.997805301062345e-03	6.536899697495135e-03	-1.846274244599035e-16	-1.637090463191281e-16	2.957834693272139e+05	1.638435341346180e+04	8.534704998557480e-03	3.823658367585236e+04	8.547741353793366e+03	8.754211804427161e+03	1.075665144098060e-17	-inf	
EXT_ITER= 5391
AOA= 0.000000000000000e+00
SIDESLIP_ANGLE= 0.000000000000000e+00
INITIAL_BCTHRUST= 4.000000000000000e+03
DCD_DCL_VALUE= 0.000000000000000e+00
DCMX_DCL_VALUE= 0.000000000000000e+00
DCMY_DCL_VALUE= 0.000000000000000e+00
DCMZ_DCL_VALUE= 0.000000000000000e+00
