"PointID"	"x"	"y"	"Density[0]"	"Density[1]"	"Momentum_x"	"Momentum_y"	"Energy"	"Electronic_Energy"	"Total_Density"	"Pressure"	"Temperature"	"Tve"	"Mach"	"C<sub>p</sub>"
0	0.000000000000000e+00	0.000000000000000e+00	2.202665557405823e-03	6.332039441151658e-03	0.000000000000000e+00	0.000000000000000e+00	2.957834693272139e+05	2.046382501019380e+04	8.534704998557480e-03	3.957531851089529e+04	8.968923662360590e+03	9.560770394270710e+03	0.000000000000000e+00	-inf	
1	2.000000000000000e-01	0.000000000000000e+00	2.202665557405823e-03	6.332039441151658e-03	0.000000000000000e+00	5.675246939063046e-16	2.957834693272139e+05	2.046382501019380e+04	8.534704998557480e-03	3.957531851089529e+04	8.968923662360590e+03	9.560770394270710e+03	2.436161160343220e-17	-inf	
2	4.000000000000000e-01	0.000000000000000e+00	2.202665557405823e-03	6.332039441151658e-03	0.000000000000000e+00	-4.365574568510132e-16	2.957834693272139e+05	2.046382501019380e+04	8.534704998557480e-03	3.957531851089529e+04	8.968923662360590e+03	9.560770394270710e+03	1.873970123340980e-17	-inf	
3	6.000000000000001e-01	0.000000000000000e+00	2.202665557405823e-03	6.332039441151658e-03	0.000000000000000e+00	-9.322320693172497e-17	2.957834693272139e+05	2.046382501019380e+04	8.534704998557480e-03	3.957531851089529e+04	8.968923662360590e+03	9.560770394270710e+03	4.001707034217640e-18	-inf	
4	8.000000000000000e-01	0.000000000000000e+00	2.202665557405823e-03	6.332039441151658e-03	3.990408004028716e-16	0.000000000000000e+00	2.957834693272139e+05	2.046382501019380e+04	8.534704998557480e-03	3.957531851089529e+04	8.968923662360590e+03	9.560770394270710e+03	1.712925815866332e-17	-inf	
5	1.000000000000000e+00	0.000000000000000e+00	2.202665557405824e-03	6.332039441151657e-03	7.330527296289781e-16	1.809894456528142e-16	2.957834693272139e+05	2.046382501019380e+04	8.534704998557480e-03	3.957531851089529e+04	8.968923662360592e+03	9.560770394270708e+03	3.241199154939759e-17	-inf	
6	0.000000000000000e+00	2.000000000000000e-01	2.202665557405823e-03	6.332039441151658e-03	0.000000000000000e+00	0.000000000000000e+00	2.957834693272139e+05	2.046382501019380e+04	8.534704998557480e-03	3.957531851089529e+04	8.968923662360590e+03	9.560770394270710e+03	0.000000000000000e+00	-inf	
7	2.000000000000000e-01	2.000000000000000e-01	2.202665557405823e-03	6.332039441151658e-03	-2.330580173293159e-16	-1.818989403545857e-18	2.957834693272139e+05	2.046382501019380e+04	8.534704998557480e-03	3.957531851089529e+04	8.968923662360590e+03	9.560770394270710e+03	1.000457229149310e-17	-inf	
8	4.000000000000000e-01	2.000000000000000e-01	2.202665557405823e-03	6.332039441151658e-03	-2.828528522513795e-16	4.008597898064174e-16	2.957834693272139e+05	2.046382501019380e+04	8.534704998557480e-03	3.957531851089529e+04	8.968923662360590e+03	9.560770394270710e+03	2.105979605330215e-17	-inf	
9	5.999999999999999e-01	2.000000000000000e-01	2.202665557405823e-03	6.332039441151658e-03	0.000000000000000e+00	4.467892722459499e-16	2.957834693272139e+05	2.046382501019380e+04	8.534704998557480e-03	3.957531851089529e+04	8.968923662360590e+03	9.560770394270710e+03	1.917891298106746e-17	-inf	
10	7.999999999999999e-01	2.000000000000000e-01	2.202665557405823e-03	6.332039441151658e-03	3.860805009026079e-16	-1.261923898709954e-16	2.957834693272139e+05	2.046382501019380e+04	8.534704998557480e-03	3.957531851089529e+04	8.968923662360590e+03	9.560770394270710e+03	1.743574139248385e-17	-inf	
11	1.000000000000000e+00	2.000000000000000e-01	2.202665557405824e-03	6.332039441151657e-03	7.407834345940488e-16	-3.685727278934785e-16	2.957834693272139e+05	2.046382501019380e+04	8.534704998557480e-03	3.957531851089529e+04	8.968923662360592e+03	9.560770394270708e+03	3.551743443022521e-17	-inf	
12	0.000000000000000e+00	3.999999999999999e-01	2.202665557405823e-03	6.332039441151658e-03	-6.530171958729527e-16	0.000000000000000e+00	2.957834693272139e+05	2.046382501019380e+04	8.534704998557480e-03	3.957531851089529e+04	8.968923662360590e+03	9.560770394270710e+03	2.803146976164125e-17	-inf	
13	2.000000000000000e-01	3.999999999999999e-01	2.202665557405823e-03	6.332039441151658e-03	5.298525338399732e-16	0.000000000000000e+00	2.957834693272139e+05	2.046382501019380e+04	8.534704998557480e-03	3.957531851089529e+04	8.968923662360590e+03	9.560770394270710e+03	2.274449336760472e-17	-inf	
14	3.999999999999999e-01	4.000000000000001e-01	2.202665557405824e-03	6.332039441151657e-03	3.347659203096794e-16	0.000000000000000e+00	2.957834693272139e+05	2.046382501019380e+04	8.534704998557480e-03	3.957531851089529e+04	8.968923662360592e+03	9.560770394270708e+03	1.437018937892483e-17	-inf	
15	6.000000000000001e-01	4.000000000000000e-01	2.202665557405824e-03	6.332039441151657e-03	-3.990408004028727e-16	-9.094947017729280e-19	2.957834693272139e+05	2.046382501019380e+04	8.534704998557480e-03	3.957531851089529e+04	8.968923662360592e+03	9.560770394270708e+03	1.712930264982408e-17	-inf	
16	8.000000000000000e-01	4.000000000000000e-01	2.202665557405823e-03	6.332039441151658e-03	-4.022240318590773e-16	0.000000000000000e+00	2.957834693272139e+05	2.046382501019380e+04	8.534704998557480e-03	3.957531851089529e+04	8.968923662360590e+03	9.560770394270710e+03	1.726590181349028e-17	-inf	
17	1.000000000000000e+00	4.000000000000000e-01	2.202665557405823e-03	6.332039441151658e-03	0.000000000000000e+00	0.000000000000000e+00	2.957834693272139e+05	2.046382501019380e+04	8.534704998557480e-03	3.957531851089529e+04	8.968923662360590e+03	9.560770394270710e+03	0.000000000000000e+00	-inf	
18	0.000000000000000e+00	6.000000000000000e-01	2.202665557405823e-03	6.332039441151658e-03	4.365574568510132e-16	3.990408004028715e-16	2.957834693272139e+05	2.046382501019380e+04	8.534704998557480e-03	3.957531851089529e+04	8.968923662360590e+03	9.560770394270710e+03	2.538873544278239e-17	-inf	
19	2.000000000000000e-01	6.000000000000000e-01	2.202665557405823e-03	6.332039441151658e-03	-1.895564862274522e-17	1.818989403545857e-18	2.957834693272139e+05	2.046382501019380e+04	8.534704998557480e-03	3.957531851089529e+04	8.968923662360590e+03	9.560770394270710e+03	8.174295335952033e-19	-inf	
20	4.000000000000001e-01	6.000000000000002e-01	2.202665557405823e-03	6.332039441151658e-03	0.000000000000000e+00	-4.008597898064178e-16	2.957834693272139e+05	2.046382501019380e+04	8.534704998557480e-03	3.957531851089529e+04	8.968923662360590e+03	9.560770394270710e+03	1.720734024713587e-17	-inf	
21	6.000000000000000e-01	6.000000000000001e-01	2.202665557405823e-03	6.332039441151658e-03	1.895564862274520e-17	-4.019966581836336e-16	2.957834693272139e+05	2.046382501019380e+04	8.534704998557480e-03	3.957531851089529e+04	8.968923662360590e+03	9.560770394270710e+03	1.727531520717917e-17	-inf	
22	8.000000000000000e-01	6.000000000000001e-01	2.202665557405823e-03	6.332039441151658e-03	4.031335265608501e-16	-9.094947017729286e-19	2.957834693272139e+05	2.046382501019380e+04	8.534704998557480e-03	3.957531851089529e+04	8.968923662360590e+03	9.560770394270710e+03	1.730498689720151e-17	-inf	
23	1.000000000000000e+00	6.000000000000001e-01	2.202665557405824e-03	6.332039441151657e-03	7.989910955075183e-16	-9.094947017729280e-19	2.957834693272139e+05	2.046382501019380e+04	8.534704998557480e-03	3.957531851089529e+04	8.968923662360592e+03	9.560770394270708e+03	3.429757958184278e-17	-inf	
24	0.000000000000000e+00	8.000000000000000e-01	2.202665557405824e-03	6.332039441151657e-03	-7.080416253302262e-16	0.000000000000000e+00	2.957834693272139e+05	2.046382501019380e+04	8.534704998557480e-03	3.957531851089529e+04	8.968923662360592e+03	9.560770394270708e+03	3.039345293793606e-17	-inf	
25	2.000000000000000e-01	8.000000000000000e-01	2.202665557405823e-03	6.332039441151658e-03	-4.019966581836336e-16	2.321485226275430e-16	2.957834693272139e+05	2.046382501019380e+04	8.534704998557480e-03	3.957531851089529e+04	8.968923662360590e+03	9.560770394270710e+03	1.992687033372605e-17	-inf	
26	3.999999999999999e-01	8.000000000000000e-01	2.202665557405823e-03	6.332039441151658e-03	-9.094947017729284e-19	0.000000000000000e+00	2.957834693272139e+05	2.046382501019380e+04	8.534704998557480e-03	3.957531851089529e+04	8.968923662360590e+03	9.560770394270710e+03	3.904104423626974e-20	-inf	
27	6.000000000000000e-01	8.000000000000000e-01	2.202665557405823e-03	6.332039441151658e-03	0.000000000000000e+00	-2.194155968027228e-16	2.957834693272139e+05	2.046382501019380e+04	8.534704998557480e-03	3.957531851089529e+04	8.968923662360590e+03	9.560770394270710e+03	9.418651922000239e-18	-inf	
28	8.000000000000000e-01	8.000000000000000e-01	2.202665557405823e-03	6.332039441151658e-03	0.000000000000000e+00	3.972218109993258e-16	2.957834693272139e+05	2.046382501019380e+04	8.534704998557480e-03	3.957531851089529e+04	8.968923662360590e+03	9.560770394270710e+03	1.705117607019078e-17	-inf	
29	1.000000000000000e+00	8.000000000000000e-01	2.202665557405823e-03	6.332039441151658e-03	-9.140421752817911e-17	-3.847162588499489e-16	2.957834693272139e+05	2.046382501019380e+04	8.534704998557480e-03	3.957531851089529e+04	8.968923662360590e+03	9.560770394270710e+03	1.697406773486346e-17	-inf	
30	0.000000000000000e+00	1.000000000000000e+00	2.202665557405823e-03	6.332039441151658e-03	1.818989403545857e-18	-7.999005902092894e-16	2.957834693272139e+05	2.046382501019380e+04	8.534704998557480e-03	3.957531851089529e+04	8.968923662360590e+03	9.560770394270710e+03	3.433668718577363e-17	-inf	
31	2.000000000000000e-01	1.000000000000000e+00	2.202665557405823e-03	6.332039441151658e-03	0.000000000000000e+00	0.000000000000000e+00	2.957834693272139e+05	2.046382501019380e+04	8.534704998557480e-03	3.957531851089529e+04	8.968923662360590e+03	9.560770394270710e+03	0.000000000000000e+00	-inf	
32	3.999999999999999e-01	1.000000000000000e+00	2.202665557405823e-03	6.332039441151658e-03	0.000000000000000e+00	0.000000000000000e+00	2.957834693272139e+05	2.046382501019380e+04	8.534704998557480e-03	3.957531851089529e+04	8.968923662360590e+03	9.560770394270710e+03	0.000000000000000e+00	-inf	
33	6.000000000000000e-01	1.000000000000000e+00	2.202665557405823e-03	6.332039441151658e-03	4.044977686135091e-16	-8.731149137020095e-17	2.957834693272139e+05	2.046382501019380e+04	8.534704998557480e-03	3.957531851089529e+04	8.968923662360590e+03	9.560770394270710e+03	1.776339894214438e-17	-inf	
34	8.000000000000000e-01	1.000000000000000e+00	2.202665557405824e-03	6.332039441151657e-03	0.000000000000000e+00	8.567440090700964e-16	2.957834693272139e+05	2.046382501019380e+04	8.534704998557480e-03	3.957531851089529e+04	8.968923662360592e+03	9.560770394270708e+03	3.677666367056600e-17	-inf	
35	1.000000000000000e+00	1.000000000000000e+00	2.202665557405823e-03	6.332039441151658e-03	-8.071765478234724e-16	-1.796252036001547e-16	2.957834693272139e+05	2.046382501019380e+04	8.534704998557480e-03	3.957531851089529e+04	8.968923662360590e+03	9.560770394270710e+03	3.549650087170828e-17	-inf	
EXT_ITER= 2441
AOA= 0.000000000000000e+00
SIDESLIP_ANGLE= 0.000000000000000e+00
INITIAL_BCTHRUST= 4.000000000000000e+03
DCD_DCL_VALUE= 0.000000000000000e+00
DCMX_DCL_VALUE= 0.000000000000000e+00
DCMY_DCL_VALUE= 0.000000000000000e+00
DCMZ_DCL_VALUE= 0.000000000000000e+00
