"PointID"	"x"	"y"	"Density[0]"	"Density[1]"	"Momentum_x"	"Momentum_y"	"Energy"	"Electronic_Energy"	"Total_Density"	"Pressure"	"Temperature"	"Tve"	"Mach"	"C<sub>p</sub>"
0	0.000000000000000e+00	0.000000000000000e+00	1.889541526347831e-03	6.645163472209681e-03	0.000000000000000e+00	0.000000000000000e+00	2.957834693272139e+05	1.464282657245431e+04	8.534704998557512e-03	3.725969205535526e+04	8.269952923818651e+03	8.400117474335279e+03	0.000000000000000e+00	-inf	
1	2.000000000000000e-01	0.000000000000000e+00	1.889541526347831e-03	6.645163472209681e-03	0.000000000000000e+00	1.386069925501979e-15	2.957834693272139e+05	1.464282657245431e+04	8.534704998557512e-03	3.725969205535526e+04	8.269952923818651e+03	8.400117474335279e+03	6.115144962964482e-17	-inf	
2	4.000000000000000e-01	0.000000000000000e+00	1.889541526347831e-03	6.645163472209681e-03	0.000000000000000e+00	-1.102307578548788e-15	2.957834693272139e+05	1.464282657245431e+04	8.534704998557512e-03	3.725969205535526e+04	8.269952923818651e+03	8.400117474335279e+03	4.863225521727526e-17	-inf	
3	6.000000000000001e-01	0.000000000000000e+00	1.889541526347831e-03	6.645163472209681e-03	0.000000000000000e+00	-1.087300915969533e-15	2.957834693272139e+05	1.464282657245431e+04	8.534704998557512e-03	3.725969205535526e+04	8.269952923818651e+03	8.400117474335279e+03	4.797018243585187e-17	-inf	
4	8.000000000000000e-01	0.000000000000000e+00	1.889541526347831e-03	6.645163472209681e-03	3.387867764104154e-16	0.000000000000000e+00	2.957834693272139e+05	1.464282657245431e+04	8.534704998557512e-03	3.725969205535526e+04	8.269952923818651e+03	8.400117474335279e+03	1.494679461091999e-17	-inf	
5	1.000000000000000e+00	0.000000000000000e+00	1.889541526347831e-03	6.645163472209681e-03	6.534719432238506e-16	-1.164153218269347e-16	2.957834693272139e+05	1.464282657245431e+04	8.534704998557512e-03	3.725969205535526e+04	8.269952923818651e+03	8.400117474335279e+03	2.928418035429914e-17	-inf	
6	0.000000000000000e+00	2.000000000000000e-01	1.889541526347831e-03	6.645163472209681e-03	0.000000000000000e+00	0.000000000000000e+00	2.957834693272139e+05	1.464282657245431e+04	8.534704998557512e-03	3.725969205535526e+04	8.269952923818651e+03	8.400117474335279e+03	0.000000000000000e+00	-inf	
7	2.000000000000000e-01	2.000000000000000e-01	1.889541526347831e-03	6.645163472209681e-03	-6.946265784790925e-16	-1.818989403545857e-18	2.957834693272139e+05	1.464282657245431e+04	8.534704998557512e-03	3.725969205535526e+04	8.269952923818651e+03	8.400117474335279e+03	3.064604973037776e-17	-inf	
8	4.000000000000000e-01	2.000000000000000e-01	1.889541526347831e-03	6.645163472209681e-03	-6.921254680492165e-16	3.406057658139612e-16	2.957834693272139e+05	1.464282657245431e+04	8.534704998557512e-03	3.725969205535526e+04	8.269952923818651e+03	8.400117474335279e+03	3.403285067680181e-17	-inf	
9	5.999999999999999e-01	2.000000000000000e-01	1.889541526347831e-03	6.645163472209681e-03	0.000000000000000e+00	9.003997547551964e-16	2.957834693272139e+05	1.464282657245431e+04	8.534704998557512e-03	3.725969205535526e+04	8.269952923818651e+03	8.400117474335279e+03	3.972436688539804e-17	-inf	
10	7.999999999999999e-01	2.000000000000000e-01	1.889541526347831e-03	6.645163472209681e-03	3.237801138311624e-16	-5.406946002040038e-16	2.957834693272139e+05	1.464282657245431e+04	8.534704998557512e-03	3.725969205535526e+04	8.269952923818651e+03	8.400117474335279e+03	2.780466104895857e-17	-inf	
11	1.000000000000000e+00	2.000000000000000e-01	1.889541526347831e-03	6.645163472209681e-03	6.416485121008019e-16	-3.219611244276173e-16	2.957834693272139e+05	1.464282657245431e+04	8.534704998557512e-03	3.725969205535526e+04	8.269952923818651e+03	8.400117474335279e+03	3.167246995944984e-17	-inf	
12	0.000000000000000e+00	3.999999999999999e-01	1.889541526347831e-03	6.645163472209681e-03	-1.257831172552013e-15	0.000000000000000e+00	2.957834693272139e+05	1.464282657245431e+04	8.534704998557512e-03	3.725969205535526e+04	8.269952923818651e+03	8.400117474335279e+03	5.549373677021005e-17	-inf	
13	2.000000000000000e-01	3.999999999999999e-01	1.889541526347831e-03	6.645163472209681e-03	6.904966082763338e-16	0.000000000000000e+00	2.957834693272139e+05	1.464282657245431e+04	8.534704998557512e-03	3.725969205535526e+04	8.269952923818651e+03	8.400117474335279e+03	3.046373619654049e-17	-inf	
14	3.999999999999999e-01	4.000000000000001e-01	1.889541526347831e-03	6.645163472209681e-03	2.671268246010331e-16	0.000000000000000e+00	2.957834693272139e+05	1.464282657245431e+04	8.534704998557512e-03	3.725969205535526e+04	8.269952923818651e+03	8.400117474335279e+03	1.178525863577993e-17	-inf	
15	6.000000000000001e-01	4.000000000000000e-01	1.889541526347831e-03	6.645163472209681e-03	-8.490133041050248e-16	-9.094947017729280e-19	2.957834693272139e+05	1.464282657245431e+04	8.534704998557512e-03	3.725969205535526e+04	8.269952923818651e+03	8.400117474335279e+03	3.745729067133763e-17	-inf	
16	8.000000000000000e-01	4.000000000000000e-01	1.889541526347831e-03	6.645163472209681e-03	-3.533386916387830e-16	0.000000000000000e+00	2.957834693272139e+05	1.464282657245431e+04	8.534704998557512e-03	3.725969205535526e+04	8.269952923818651e+03	8.400117474335279e+03	1.558880458078505e-17	-inf	
17	1.000000000000000e+00	4.000000000000000e-01	1.889541526347831e-03	6.645163472209681e-03	0.000000000000000e+00	0.000000000000000e+00	2.957834693272139e+05	1.464282657245431e+04	8.534704998557512e-03	3.725969205535526e+04	8.269952923818651e+03	8.400117474335279e+03	0.000000000000000e+00	-inf	
18	0.000000000000000e+00	6.000000000000000e-01	1.889541526347831e-03	6.645163472209681e-03	1.102307578548788e-15	3.387867764104153e-16	2.957834693272139e+05	1.464282657245431e+04	8.534704998557512e-03	3.725969205535526e+04	8.269952923818651e+03	8.400117474335279e+03	5.087733205130969e-17	-inf	
19	2.000000000000000e-01	6.000000000000000e-01	1.889541526347831e-03	6.645163472209681e-03	2.789247398998966e-17	1.818989403545857e-18	2.957834693272139e+05	1.464282657245431e+04	8.534704998557512e-03	3.725969205535526e+04	8.269952923818651e+03	8.400117474335279e+03	1.233190591298523e-18	-inf	
20	4.000000000000001e-01	6.000000000000002e-01	1.889541526347831e-03	6.645163472209681e-03	0.000000000000000e+00	-3.406057658139613e-16	2.957834693272139e+05	1.464282657245431e+04	8.534704998557512e-03	3.725969205535526e+04	8.269952923818651e+03	8.400117474335279e+03	1.502704585715312e-17	-inf	
21	6.000000000000000e-01	6.000000000000001e-01	1.889541526347831e-03	6.645163472209681e-03	-2.789247398998922e-17	-3.585682861739777e-16	2.957834693272139e+05	1.464282657245431e+04	8.534704998557512e-03	3.725969205535526e+04	8.269952923818651e+03	8.400117474335279e+03	1.586731705567742e-17	-inf	
22	8.000000000000000e-01	6.000000000000001e-01	1.889541526347831e-03	6.645163472209681e-03	5.748006515204905e-16	-9.094947017729286e-19	2.957834693272139e+05	1.464282657245431e+04	8.534704998557512e-03	3.725969205535526e+04	8.269952923818651e+03	8.400117474335279e+03	2.535942555460344e-17	-inf	
23	1.000000000000000e+00	6.000000000000001e-01	1.889541526347831e-03	6.645163472209681e-03	1.257831172551954e-15	-9.094947017729280e-19	2.957834693272139e+05	1.464282657245431e+04	8.534704998557512e-03	3.725969205535526e+04	8.269952923818651e+03	8.400117474335279e+03	5.549375127693843e-17	-inf	
24	0.000000000000000e+00	8.000000000000000e-01	1.889541526347831e-03	6.645163472209681e-03	-6.029949872754532e-16	0.000000000000000e+00	2.957834693272139e+05	1.464282657245431e+04	8.534704998557512e-03	3.725969205535526e+04	8.269952923818651e+03	8.400117474335279e+03	2.660328812628187e-17	-inf	
25	2.000000000000000e-01	8.000000000000000e-01	1.889541526347831e-03	6.645163472209681e-03	-3.585682861739777e-16	6.937170837773193e-16	2.957834693272139e+05	1.464282657245431e+04	8.534704998557512e-03	3.725969205535526e+04	8.269952923818651e+03	8.400117474335279e+03	3.445248308036395e-17	-inf	
26	3.999999999999999e-01	8.000000000000000e-01	1.889541526347831e-03	6.645163472209681e-03	-9.094947017729284e-19	0.000000000000000e+00	2.957834693272139e+05	1.464282657245431e+04	8.534704998557512e-03	3.725969205535526e+04	8.269952923818651e+03	8.400117474335279e+03	4.012562311656380e-20	-inf	
27	6.000000000000000e-01	8.000000000000000e-01	1.889541526347831e-03	6.645163472209681e-03	0.000000000000000e+00	-6.805294106016101e-16	2.957834693272139e+05	1.464282657245431e+04	8.534704998557512e-03	3.725969205535526e+04	8.269952923818651e+03	8.400117474335279e+03	3.002399749696958e-17	-inf	
28	8.000000000000000e-01	8.000000000000000e-01	1.889541526347831e-03	6.645163472209681e-03	0.000000000000000e+00	3.340119292261067e-16	2.957834693272139e+05	1.464282657245431e+04	8.534704998557512e-03	3.725969205535526e+04	8.269952923818651e+03	8.400117474335279e+03	1.473613508955800e-17	-inf	
29	1.000000000000000e+00	8.000000000000000e-01	1.889541526347831e-03	6.645163472209681e-03	-1.085481926565986e-15	-3.299192030681314e-16	2.957834693272139e+05	1.464282657245431e+04	8.534704998557512e-03	3.725969205535526e+04	8.269952923818651e+03	8.400117474335279e+03	5.005307304379977e-17	-inf	
30	0.000000000000000e+00	1.000000000000000e+00	1.889541526347831e-03	6.645163472209681e-03	1.818989403545857e-18	-6.793925422243768e-16	2.957834693272139e+05	1.464282657245431e+04	8.534704998557512e-03	3.725969205535526e+04	8.269952923818651e+03	8.400117474335279e+03	2.997394789926780e-17	-inf	
31	2.000000000000000e-01	1.000000000000000e+00	1.889541526347831e-03	6.645163472209681e-03	0.000000000000000e+00	0.000000000000000e+00	2.957834693272139e+05	1.464282657245431e+04	8.534704998557512e-03	3.725969205535526e+04	8.269952923818651e+03	8.400117474335279e+03	0.000000000000000e+00	-inf	
32	3.999999999999999e-01	1.000000000000000e+00	1.889541526347831e-03	6.645163472209681e-03	0.000000000000000e+00	0.000000000000000e+00	2.957834693272139e+05	1.464282657245431e+04	8.534704998557512e-03	3.725969205535526e+04	8.269952923818651e+03	8.400117474335279e+03	0.000000000000000e+00	-inf	
33	6.000000000000000e-01	1.000000000000000e+00	1.889541526347831e-03	6.645163472209681e-03	3.556124283932151e-16	-8.249116945080217e-16	2.957834693272139e+05	1.464282657245431e+04	8.534704998557512e-03	3.725969205535526e+04	8.269952923818651e+03	8.400117474335279e+03	3.963164549339693e-17	-inf	
34	8.000000000000000e-01	1.000000000000000e+00	1.889541526347831e-03	6.645163472209681e-03	0.000000000000000e+00	4.279172571841556e-16	2.957834693272139e+05	1.464282657245431e+04	8.534704998557512e-03	3.725969205535526e+04	8.269952923818651e+03	8.400117474335279e+03	1.887910567634295e-17	-inf	
35	1.000000000000000e+00	1.000000000000000e+00	1.889541526347831e-03	6.645163472209681e-03	-7.094058673828841e-16	8.594724931754156e-17	2.957834693272139e+05	1.464282657245431e+04	8.534704998557512e-03	3.725969205535526e+04	8.269952923818651e+03	8.400117474335279e+03	3.152684916366293e-17	-inf	
EXT_ITER= 8619
AOA= 0.000000000000000e+00
SIDESLIP_ANGLE= 0.000000000000000e+00
INITIAL_BCTHRUST= 4.000000000000000e+03
DCD_DCL_VALUE= 0.000000000000000e+00
DCMX_DCL_VALUE= 0.000000000000000e+00
DCMY_DCL_VALUE= 0.000000000000000e+00
DCMZ_DCL_VALUE= 0.000000000000000e+00
