"PointID"	"x"	"y"	"Density[0]"	"Density[1]"	"Momentum_x"	"Momentum_y"	"Energy"	"Electronic_Energy"	"Total_Density"	"Pressure"	"Temperature"	"Tve"	"Mach"	"C<sub>p</sub>"
0	0.000000000000000e+00	0.000000000000000e+00	1.892133206915408e-03	6.642571791642105e-03	0.000000000000000e+00	0.000000000000000e+00	2.957834693272139e+05	1.468296889912050e+04	8.534704998557513e-03	3.728417423265964e+04	8.276799960856966e+03	8.408373615443343e+03	0.000000000000000e+00	-inf	
1	2.000000000000000e-01	0.000000000000000e+00	1.892133206915408e-03	6.642571791642105e-03	0.000000000000000e+00	1.377429725835135e-15	2.957834693272139e+05	1.468296889912050e+04	8.534704998557513e-03	3.728417423265964e+04	8.276799960856966e+03	8.408373615443343e+03	6.075166885504183e-17	-inf	
2	4.000000000000000e-01	0.000000000000000e+00	1.892133206915408e-03	6.642571791642105e-03	0.000000000000000e+00	-1.095486368285490e-15	2.957834693272139e+05	1.468296889912050e+04	8.534704998557513e-03	3.728417423265964e+04	8.276799960856966e+03	8.408373615443343e+03	4.831653029771930e-17	-inf	
3	6.000000000000001e-01	0.000000000000000e+00	1.892133206915408e-03	6.642571791642105e-03	0.000000000000000e+00	-1.065927790477866e-15	2.957834693272139e+05	1.468296889912050e+04	8.534704998557513e-03	3.728417423265964e+04	8.276799960856966e+03	8.408373615443343e+03	4.701284641670967e-17	-inf	
4	8.000000000000000e-01	0.000000000000000e+00	1.892133206915408e-03	6.642571791642105e-03	3.401510184630749e-16	0.000000000000000e+00	2.957834693272139e+05	1.468296889912050e+04	8.534704998557513e-03	3.728417423265964e+04	8.276799960856966e+03	8.408373615443343e+03	1.500239296915487e-17	-inf	
5	1.000000000000000e+00	0.000000000000000e+00	1.892133206915409e-03	6.642571791642105e-03	6.461959856096670e-16	-1.164153218269347e-16	2.957834693272139e+05	1.468296889912050e+04	8.534704998557513e-03	3.728417423265964e+04	8.276799960856966e+03	8.408373615443343e+03	2.895934553145668e-17	-inf	
6	0.000000000000000e+00	2.000000000000000e-01	1.892133206915408e-03	6.642571791642105e-03	0.000000000000000e+00	0.000000000000000e+00	2.957834693272139e+05	1.468296889912050e+04	8.534704998557513e-03	3.728417423265964e+04	8.276799960856966e+03	8.408373615443343e+03	0.000000000000000e+00	-inf	
7	2.000000000000000e-01	2.000000000000000e-01	1.892133206915408e-03	6.642571791642105e-03	-6.868958735140216e-16	-1.818989403545857e-18	2.957834693272139e+05	1.468296889912050e+04	8.534704998557513e-03	3.728417423265964e+04	8.276799960856966e+03	8.408373615443343e+03	3.029571395232120e-17	-inf	
8	4.000000000000000e-01	2.000000000000000e-01	1.892133206915408e-03	6.642571791642105e-03	-6.878053682157945e-16	3.419700078666208e-16	2.957834693272139e+05	1.468296889912050e+04	8.534704998557513e-03	3.728417423265964e+04	8.276799960856966e+03	8.408373615443343e+03	3.387833215164909e-17	-inf	
9	5.999999999999999e-01	2.000000000000000e-01	1.892133206915408e-03	6.642571791642105e-03	0.000000000000000e+00	8.899405656848079e-16	2.957834693272139e+05	1.468296889912050e+04	8.534704998557513e-03	3.728417423265964e+04	8.276799960856966e+03	8.408373615443343e+03	3.925091315593051e-17	-inf	
10	7.999999999999999e-01	2.000000000000000e-01	1.892133206915408e-03	6.642571791642105e-03	3.246896085329354e-16	-5.329638952389329e-16	2.957834693272139e+05	1.468296889912050e+04	8.534704998557513e-03	3.728417423265964e+04	8.276799960856966e+03	8.408373615443343e+03	2.752503731089247e-17	-inf	
11	1.000000000000000e+00	2.000000000000000e-01	1.892133206915409e-03	6.642571791642105e-03	6.343725544866184e-16	-3.194600139977418e-16	2.957834693272139e+05	1.468296889912050e+04	8.534704998557513e-03	3.728417423265964e+04	8.276799960856966e+03	8.408373615443343e+03	3.132651851548583e-17	-inf	
12	0.000000000000000e+00	3.999999999999999e-01	1.892133206915408e-03	6.642571791642105e-03	-1.258740667253784e-15	0.000000000000000e+00	2.957834693272139e+05	1.468296889912050e+04	8.534704998557513e-03	3.728417423265964e+04	8.276799960856966e+03	8.408373615443343e+03	5.551687665591229e-17	-inf	
13	2.000000000000000e-01	3.999999999999999e-01	1.892133206915408e-03	6.642571791642105e-03	6.876522605842089e-16	0.000000000000000e+00	2.957834693272139e+05	1.468296889912050e+04	8.534704998557513e-03	3.728417423265964e+04	8.276799960856966e+03	8.408373615443343e+03	3.032896825070623e-17	-inf	
14	3.999999999999999e-01	4.000000000000001e-01	1.892133206915409e-03	6.642571791642105e-03	2.661014663124540e-16	0.000000000000000e+00	2.957834693272139e+05	1.468296889912050e+04	8.534704998557513e-03	3.728417423265964e+04	8.276799960856966e+03	8.408373615443343e+03	1.173643044000213e-17	-inf	
15	6.000000000000001e-01	4.000000000000000e-01	1.892133206915409e-03	6.642571791642105e-03	-8.362803782802042e-16	-9.094947017729280e-19	2.957834693272139e+05	1.468296889912050e+04	8.534704998557513e-03	3.728417423265964e+04	8.276799960856966e+03	8.408373615443343e+03	3.688424730760302e-17	-inf	
16	8.000000000000000e-01	4.000000000000000e-01	1.892133206915408e-03	6.642571791642105e-03	-3.526565706124532e-16	0.000000000000000e+00	2.957834693272139e+05	1.468296889912050e+04	8.534704998557513e-03	3.728417423265964e+04	8.276799960856966e+03	8.408373615443343e+03	1.555395153419735e-17	-inf	
17	1.000000000000000e+00	4.000000000000000e-01	1.892133206915408e-03	6.642571791642105e-03	0.000000000000000e+00	0.000000000000000e+00	2.957834693272139e+05	1.468296889912050e+04	8.534704998557513e-03	3.728417423265964e+04	8.276799960856966e+03	8.408373615443343e+03	0.000000000000000e+00	-inf	
18	0.000000000000000e+00	6.000000000000000e-01	1.892133206915408e-03	6.642571791642105e-03	1.095486368285490e-15	3.401510184630749e-16	2.957834693272139e+05	1.468296889912050e+04	8.534704998557513e-03	3.728417423265964e+04	8.276799960856966e+03	8.408373615443343e+03	5.059208332151755e-17	-inf	
19	2.000000000000000e-01	6.000000000000000e-01	1.892133206915408e-03	6.642571791642105e-03	2.538701006194481e-17	1.818989403545857e-18	2.957834693272139e+05	1.468296889912050e+04	8.534704998557513e-03	3.728417423265964e+04	8.276799960856966e+03	8.408373615443343e+03	1.122566947657628e-18	-inf	
20	4.000000000000001e-01	6.000000000000002e-01	1.892133206915408e-03	6.642571791642105e-03	0.000000000000000e+00	-3.419700078666209e-16	2.957834693272139e+05	1.468296889912050e+04	8.534704998557513e-03	3.728417423265964e+04	8.276799960856966e+03	8.408373615443343e+03	1.508261966952469e-17	-inf	
21	6.000000000000000e-01	6.000000000000001e-01	1.892133206915408e-03	6.642571791642105e-03	-2.538701006194439e-17	-3.587956598494209e-16	2.957834693272139e+05	1.468296889912050e+04	8.534704998557513e-03	3.728417423265964e+04	8.276799960856966e+03	8.408373615443343e+03	1.586427991483648e-17	-inf	
22	8.000000000000000e-01	6.000000000000001e-01	1.892133206915408e-03	6.642571791642105e-03	5.607034836430101e-16	-9.094947017729286e-19	2.957834693272139e+05	1.468296889912050e+04	8.534704998557513e-03	3.728417423265964e+04	8.276799960856966e+03	8.408373615443343e+03	2.472991292210392e-17	-inf	
23	1.000000000000000e+00	6.000000000000001e-01	1.892133206915409e-03	6.642571791642105e-03	1.259195414604614e-15	-9.094947017729280e-19	2.957834693272139e+05	1.468296889912050e+04	8.534704998557513e-03	3.728417423265964e+04	8.276799960856966e+03	8.408373615443343e+03	5.553694781758403e-17	-inf	
24	0.000000000000000e+00	8.000000000000000e-01	1.892133206915409e-03	6.642571791642105e-03	-5.970832717139291e-16	0.000000000000000e+00	2.957834693272139e+05	1.468296889912050e+04	8.534704998557513e-03	3.728417423265964e+04	8.276799960856966e+03	8.408373615443343e+03	2.633441439639093e-17	-inf	
25	2.000000000000000e-01	8.000000000000000e-01	1.892133206915408e-03	6.642571791642105e-03	-3.587956598494210e-16	6.859863788122484e-16	2.957834693272139e+05	1.468296889912050e+04	8.534704998557513e-03	3.728417423265964e+04	8.276799960856966e+03	8.408373615443343e+03	3.414405653964384e-17	-inf	
26	3.999999999999999e-01	8.000000000000000e-01	1.892133206915408e-03	6.642571791642105e-03	-9.094947017729284e-19	0.000000000000000e+00	2.957834693272139e+05	1.468296889912050e+04	8.534704998557513e-03	3.728417423265964e+04	8.276799960856966e+03	8.408373615443343e+03	4.011335018490610e-20	-inf	
27	6.000000000000000e-01	8.000000000000000e-01	1.892133206915408e-03	6.642571791642105e-03	0.000000000000000e+00	-6.741629476891988e-16	2.957834693272139e+05	1.468296889912050e+04	8.534704998557513e-03	3.728417423265964e+04	8.276799960856966e+03	8.408373615443343e+03	2.973402082456233e-17	-inf	
28	8.000000000000000e-01	8.000000000000000e-01	1.892133206915408e-03	6.642571791642105e-03	0.000000000000000e+00	3.349214239278797e-16	2.957834693272139e+05	1.468296889912050e+04	8.534704998557513e-03	3.728417423265964e+04	8.276799960856966e+03	8.408373615443343e+03	1.477174120559162e-17	-inf	
29	1.000000000000000e+00	8.000000000000000e-01	1.892133206915408e-03	6.642571791642105e-03	-1.064108801074320e-15	-3.292370820418016e-16	2.957834693272139e+05	1.468296889912050e+04	8.534704998557513e-03	3.728417423265964e+04	8.276799960856966e+03	8.408373615443343e+03	4.912770283716717e-17	-inf	
30	0.000000000000000e+00	1.000000000000000e+00	1.892133206915408e-03	6.642571791642105e-03	1.818989403545857e-18	-6.821210263296960e-16	2.957834693272139e+05	1.468296889912050e+04	8.534704998557513e-03	3.728417423265964e+04	8.276799960856966e+03	8.408373615443343e+03	3.008511960742323e-17	-inf	
31	2.000000000000000e-01	1.000000000000000e+00	1.892133206915408e-03	6.642571791642105e-03	0.000000000000000e+00	0.000000000000000e+00	2.957834693272139e+05	1.468296889912050e+04	8.534704998557513e-03	3.728417423265964e+04	8.276799960856966e+03	8.408373615443343e+03	0.000000000000000e+00	-inf	
32	3.999999999999999e-01	1.000000000000000e+00	1.892133206915408e-03	6.642571791642105e-03	0.000000000000000e+00	0.000000000000000e+00	2.957834693272139e+05	1.468296889912050e+04	8.534704998557513e-03	3.728417423265964e+04	8.276799960856966e+03	8.408373615443343e+03	0.000000000000000e+00	-inf	
33	6.000000000000000e-01	1.000000000000000e+00	1.892133206915408e-03	6.642571791642105e-03	3.549303073668853e-16	-8.094502845778832e-16	2.957834693272139e+05	1.468296889912050e+04	8.534704998557513e-03	3.728417423265964e+04	8.276799960856966e+03	8.408373615443343e+03	3.898215004632387e-17	-inf	
34	8.000000000000000e-01	1.000000000000000e+00	1.892133206915409e-03	6.642571791642105e-03	0.000000000000000e+00	4.292814992368153e-16	2.957834693272139e+05	1.468296889912050e+04	8.534704998557513e-03	3.728417423265964e+04	8.276799960856966e+03	8.408373615443343e+03	1.893350128727537e-17	-inf	
35	1.000000000000000e+00	1.000000000000000e+00	1.892133206915408e-03	6.642571791642105e-03	-7.080416253302245e-16	8.594724931754156e-17	2.957834693272139e+05	1.468296889912050e+04	8.534704998557513e-03	3.728417423265964e+04	8.276799960856966e+03	8.408373615443343e+03	3.145747387622731e-17	-inf	
EXT_ITER= 8519
AOA= 0.000000000000000e+00
SIDESLIP_ANGLE= 0.000000000000000e+00
INITIAL_BCTHRUST= 4.000000000000000e+03
DCD_DCL_VALUE= 0.000000000000000e+00
DCMX_DCL_VALUE= 0.000000000000000e+00
DCMY_DCL_VALUE= 0.000000000000000e+00
DCMZ_DCL_VALUE= 0.000000000000000e+00
