"PointID"	"x"	"y"	"Density[0]"	"Density[1]"	"Momentum_x"	"Momentum_y"	"Energy"	"Electronic_Energy"	"Total_Density"	"Pressure"	"Temperature"	"Tve"	"Mach"	"C<sub>p</sub>"
0	0.000000000000000e+00	0.000000000000000e+00	2.093565912611114e-03	6.441139085946364e-03	0.000000000000000e+00	0.000000000000000e+00	2.957834693272139e+05	1.810392385019286e+04	8.534704998557479e-03	3.898105123742331e+04	8.769887488885575e+03	9.097579945504825e+03	0.000000000000000e+00	-inf	
1	2.000000000000000e-01	0.000000000000000e+00	2.093565912611114e-03	6.441139085946364e-03	0.000000000000000e+00	7.985363481566090e-16	2.957834693272139e+05	1.810392385019286e+04	8.534704998557479e-03	3.898105123742331e+04	8.769887488885575e+03	9.097579945504825e+03	3.450511758211427e-17	-inf	
2	4.000000000000000e-01	0.000000000000000e+00	2.093565912611114e-03	6.441139085946364e-03	0.000000000000000e+00	-6.598384061362491e-16	2.957834693272139e+05	1.810392385019286e+04	8.534704998557479e-03	3.898105123742331e+04	8.769887488885575e+03	9.097579945504825e+03	2.851191663533508e-17	-inf	
3	6.000000000000001e-01	0.000000000000000e+00	2.093565912611114e-03	6.441139085946364e-03	0.000000000000000e+00	-2.037268131971379e-16	2.957834693272139e+05	1.810392385019286e+04	8.534704998557479e-03	3.898105123742331e+04	8.769887488885575e+03	9.097579945504825e+03	8.803127948056817e-18	-inf	
4	8.000000000000000e-01	0.000000000000000e+00	2.093565912611114e-03	6.441139085946364e-03	1.618900569155805e-16	0.000000000000000e+00	2.957834693272139e+05	1.810392385019286e+04	8.534704998557479e-03	3.898105123742331e+04	8.769887488885575e+03	9.097579945504825e+03	6.995342744437904e-18	-inf	
5	1.000000000000000e+00	0.000000000000000e+00	2.093565912611115e-03	6.441139085946364e-03	2.692104317247842e-16	3.751665644813391e-16	2.957834693272139e+05	1.810392385019286e+04	8.534704998557479e-03	3.898105123742329e+04	8.769887488885572e+03	9.097579945504825e+03	1.995294828588276e-17	-inf	
6	0.000000000000000e+00	2.000000000000000e-01	2.093565912611114e-03	6.441139085946364e-03	0.000000000000000e+00	0.000000000000000e+00	2.957834693272139e+05	1.810392385019286e+04	8.534704998557479e-03	3.898105123742331e+04	8.769887488885575e+03	9.097579945504825e+03	0.000000000000000e+00	-inf	
7	2.000000000000000e-01	2.000000000000000e-01	2.093565912611114e-03	6.441139085946364e-03	-3.365130396559778e-16	-1.818989403545857e-18	2.957834693272139e+05	1.810392385019286e+04	8.534704998557479e-03	3.898105123742331e+04	8.769887488885575e+03	9.097579945504825e+03	1.454109341477120e-17	-inf	
8	4.000000000000000e-01	2.000000000000000e-01	2.093565912611114e-03	6.441139085946364e-03	-3.983586793765316e-16	1.637090463191262e-16	2.957834693272139e+05	1.810392385019286e+04	8.534704998557479e-03	3.898105123742331e+04	8.769887488885575e+03	9.097579945504825e+03	1.861013020189570e-17	-inf	
9	5.999999999999999e-01	2.000000000000000e-01	2.093565912611114e-03	6.441139085946364e-03	0.000000000000000e+00	2.708020474528910e-16	2.957834693272139e+05	1.810392385019286e+04	8.534704998557479e-03	3.898105123742331e+04	8.769887488885575e+03	9.097579945504825e+03	1.170147922559780e-17	-inf	
10	7.999999999999999e-01	2.000000000000000e-01	2.093565912611114e-03	6.441139085946364e-03	1.516582415206358e-16	-2.030446921708097e-16	2.957834693272139e+05	1.810392385019286e+04	8.534704998557479e-03	3.898105123742331e+04	8.769887488885575e+03	9.097579945504825e+03	1.095087670098522e-17	-inf	
11	1.000000000000000e+00	2.000000000000000e-01	2.093565912611115e-03	6.441139085946364e-03	2.792148734442879e-16	-1.348325895378357e-16	2.957834693272139e+05	1.810392385019286e+04	8.534704998557479e-03	3.898105123742329e+04	8.769887488885572e+03	9.097579945504825e+03	1.339808185004552e-17	-inf	
12	0.000000000000000e+00	3.999999999999999e-01	2.093565912611114e-03	6.441139085946364e-03	-8.762981451581878e-16	0.000000000000000e+00	2.957834693272139e+05	1.810392385019286e+04	8.534704998557479e-03	3.898105123742331e+04	8.769887488885575e+03	9.097579945504825e+03	3.786524008014456e-17	-inf	
13	2.000000000000000e-01	3.999999999999999e-01	2.093565912611114e-03	6.441139085946364e-03	3.349947262512177e-16	0.000000000000000e+00	2.957834693272139e+05	1.810392385019286e+04	8.534704998557479e-03	3.898105123742331e+04	8.769887488885575e+03	9.097579945504825e+03	1.447527397515472e-17	-inf	
14	3.999999999999999e-01	4.000000000000001e-01	2.093565912611115e-03	6.441139085946364e-03	1.185349872292597e-16	0.000000000000000e+00	2.957834693272139e+05	1.810392385019286e+04	8.534704998557479e-03	3.898105123742329e+04	8.769887488885572e+03	9.097579945504825e+03	5.121950530344393e-18	-inf	
15	6.000000000000001e-01	4.000000000000000e-01	2.093565912611115e-03	6.441139085946364e-03	-2.205524651799367e-16	-9.094947017729280e-19	2.957834693272139e+05	1.810392385019286e+04	8.534704998557479e-03	3.898105123742329e+04	8.769887488885572e+03	9.097579945504825e+03	9.530253027258413e-18	-inf	
16	8.000000000000000e-01	4.000000000000000e-01	2.093565912611114e-03	6.441139085946364e-03	-1.678017724771048e-16	0.000000000000000e+00	2.957834693272139e+05	1.810392385019286e+04	8.534704998557479e-03	3.898105123742331e+04	8.769887488885575e+03	9.097579945504825e+03	7.250790653644922e-18	-inf	
17	1.000000000000000e+00	4.000000000000000e-01	2.093565912611114e-03	6.441139085946364e-03	0.000000000000000e+00	0.000000000000000e+00	2.957834693272139e+05	1.810392385019286e+04	8.534704998557479e-03	3.898105123742331e+04	8.769887488885575e+03	9.097579945504825e+03	0.000000000000000e+00	-inf	
18	0.000000000000000e+00	6.000000000000000e-01	2.093565912611114e-03	6.441139085946364e-03	6.598384061362491e-16	1.618900569155804e-16	2.957834693272139e+05	1.810392385019286e+04	8.534704998557479e-03	3.898105123742331e+04	8.769887488885575e+03	9.097579945504825e+03	2.935752391351248e-17	-inf	
19	2.000000000000000e-01	6.000000000000000e-01	2.093565912611114e-03	6.441139085946364e-03	-3.873429385411921e-17	1.818989403545857e-18	2.957834693272139e+05	1.810392385019286e+04	8.534704998557479e-03	3.898105123742331e+04	8.769887488885575e+03	9.097579945504825e+03	1.675570919653588e-18	-inf	
20	4.000000000000001e-01	6.000000000000002e-01	2.093565912611114e-03	6.441139085946364e-03	0.000000000000000e+00	-1.637090463191264e-16	2.957834693272139e+05	1.810392385019286e+04	8.534704998557479e-03	3.898105123742331e+04	8.769887488885575e+03	9.097579945504825e+03	7.073942101116987e-18	-inf	
21	6.000000000000000e-01	6.000000000000001e-01	2.093565912611114e-03	6.441139085946364e-03	3.873429385411942e-17	-1.707576302578669e-16	2.957834693272139e+05	1.810392385019286e+04	8.534704998557479e-03	3.898105123742331e+04	8.769887488885575e+03	9.097579945504825e+03	7.565965759376250e-18	-inf	
22	8.000000000000000e-01	6.000000000000001e-01	2.093565912611114e-03	6.441139085946364e-03	1.687112671788775e-16	-9.094947017729286e-19	2.957834693272139e+05	1.810392385019286e+04	8.534704998557479e-03	3.898105123742331e+04	8.769887488885575e+03	9.097579945504825e+03	7.290196260266985e-18	-inf	
23	1.000000000000000e+00	6.000000000000001e-01	2.093565912611115e-03	6.441139085946364e-03	4.420144250616464e-16	-9.094947017729280e-19	2.957834693272139e+05	1.810392385019286e+04	8.534704998557479e-03	3.898105123742329e+04	8.769887488885572e+03	9.097579945504825e+03	1.909968410474113e-17	-inf	
24	0.000000000000000e+00	8.000000000000000e-01	2.093565912611115e-03	6.441139085946364e-03	-2.341948857065301e-16	0.000000000000000e+00	2.957834693272139e+05	1.810392385019286e+04	8.534704998557479e-03	3.898105123742329e+04	8.769887488885572e+03	9.097579945504825e+03	1.011966717243133e-17	-inf	
25	2.000000000000000e-01	8.000000000000000e-01	2.093565912611114e-03	6.441139085946364e-03	-1.707576302578669e-16	3.356035449542049e-16	2.957834693272139e+05	1.810392385019286e+04	8.534704998557479e-03	3.898105123742331e+04	8.769887488885575e+03	9.097579945504825e+03	1.627078173401842e-17	-inf	
26	3.999999999999999e-01	8.000000000000000e-01	2.093565912611114e-03	6.441139085946364e-03	-9.094947017729284e-19	0.000000000000000e+00	2.957834693272139e+05	1.810392385019286e+04	8.534704998557479e-03	3.898105123742331e+04	8.769887488885575e+03	9.097579945504825e+03	3.929967833953898e-20	-inf	
27	6.000000000000000e-01	8.000000000000000e-01	2.093565912611114e-03	6.441139085946364e-03	0.000000000000000e+00	-3.415152605157284e-16	2.957834693272139e+05	1.810392385019286e+04	8.534704998557479e-03	3.898105123742331e+04	8.769887488885575e+03	9.097579945504825e+03	1.475702921649662e-17	-inf	
28	8.000000000000000e-01	8.000000000000000e-01	2.093565912611114e-03	6.441139085946364e-03	0.000000000000000e+00	1.616626832401369e-16	2.957834693272139e+05	1.810392385019286e+04	8.534704998557479e-03	3.898105123742331e+04	8.769887488885575e+03	9.097579945504825e+03	6.985517824853004e-18	-inf	
29	1.000000000000000e+00	8.000000000000000e-01	2.093565912611114e-03	6.441139085946364e-03	-2.019078237935920e-16	-1.521129888715228e-16	2.957834693272139e+05	1.810392385019286e+04	8.534704998557479e-03	3.898105123742331e+04	8.769887488885575e+03	9.097579945504825e+03	1.092337104485760e-17	-inf	
30	0.000000000000000e+00	1.000000000000000e+00	2.093565912611114e-03	6.441139085946364e-03	1.818989403545857e-18	-3.255991032347070e-16	2.957834693272139e+05	1.810392385019286e+04	8.534704998557479e-03	3.898105123742331e+04	8.769887488885575e+03	9.097579945504825e+03	1.406950439511752e-17	-inf	
31	2.000000000000000e-01	1.000000000000000e+00	2.093565912611114e-03	6.441139085946364e-03	0.000000000000000e+00	0.000000000000000e+00	2.957834693272139e+05	1.810392385019286e+04	8.534704998557479e-03	3.898105123742331e+04	8.769887488885575e+03	9.097579945504825e+03	0.000000000000000e+00	-inf	
32	3.999999999999999e-01	1.000000000000000e+00	2.093565912611114e-03	6.441139085946364e-03	0.000000000000000e+00	0.000000000000000e+00	2.957834693272139e+05	1.810392385019286e+04	8.534704998557479e-03	3.898105123742331e+04	8.769887488885575e+03	9.097579945504825e+03	0.000000000000000e+00	-inf	
33	6.000000000000000e-01	1.000000000000000e+00	2.093565912611114e-03	6.441139085946364e-03	1.700755092315367e-16	-1.768967194948359e-16	2.957834693272139e+05	1.810392385019286e+04	8.534704998557479e-03	3.898105123742331e+04	8.769887488885575e+03	9.097579945504825e+03	1.060357831546047e-17	-inf	
34	8.000000000000000e-01	1.000000000000000e+00	2.093565912611115e-03	6.441139085946364e-03	0.000000000000000e+00	6.557456799782853e-16	2.957834693272139e+05	1.810392385019286e+04	8.534704998557479e-03	3.898105123742329e+04	8.769887488885572e+03	9.097579945504825e+03	2.833506808280778e-17	-inf	
35	1.000000000000000e+00	1.000000000000000e+00	2.093565912611114e-03	6.441139085946364e-03	-3.383320290595274e-16	-3.701643436215878e-16	2.957834693272139e+05	1.810392385019286e+04	8.534704998557479e-03	3.898105123742331e+04	8.769887488885575e+03	9.097579945504825e+03	2.166952333309203e-17	-inf	
EXT_ITER= 3666
AOA= 0.000000000000000e+00
SIDESLIP_ANGLE= 0.000000000000000e+00
INITIAL_BCTHRUST= 4.000000000000000e+03
DCD_DCL_VALUE= 0.000000000000000e+00
DCMX_DCL_VALUE= 0.000000000000000e+00
DCMY_DCL_VALUE= 0.000000000000000e+00
DCMZ_DCL_VALUE= 0.000000000000000e+00
