"PointID"	"x"	"y"	"Density[0]"	"Density[1]"	"Momentum_x"	"Momentum_y"	"Energy"	"Electronic_Energy"	"Total_Density"	"Pressure"	"Temperature"	"Tve"	"Mach"	"C<sub>p</sub>"
0	0.000000000000000e+00	0.000000000000000e+00	1.948820342843626e-03	6.585884655713872e-03	0.000000000000000e+00	0.000000000000000e+00	2.957834693272139e+05	1.557834549206086e+04	8.534704998557498e-03	3.780718618394000e+04	8.424369616498227e+03	8.591533837607953e+03	0.000000000000000e+00	-inf	
1	2.000000000000000e-01	0.000000000000000e+00	1.948820342843626e-03	6.585884655713872e-03	0.000000000000000e+00	1.215994416270419e-15	2.957834693272139e+05	1.557834549206086e+04	8.534704998557498e-03	3.780718618394000e+04	8.424369616498227e+03	8.591533837607953e+03	5.328557907588124e-17	-inf	
2	4.000000000000000e-01	0.000000000000000e+00	1.948820342843626e-03	6.585884655713872e-03	0.000000000000000e+00	-9.313225746154546e-16	2.957834693272139e+05	1.557834549206086e+04	8.534704998557498e-03	3.780718618394000e+04	8.424369616498227e+03	8.591533837607953e+03	4.081109422116707e-17	-inf	
3	6.000000000000001e-01	0.000000000000000e+00	1.948820342843626e-03	6.585884655713872e-03	0.000000000000000e+00	-7.221387932076894e-16	2.957834693272139e+05	1.557834549206086e+04	8.534704998557498e-03	3.780718618394000e+04	8.424369616498227e+03	8.591533837607953e+03	3.164453985508475e-17	-inf	
4	8.000000000000000e-01	0.000000000000000e+00	1.948820342843626e-03	6.585884655713872e-03	1.637090463191269e-16	0.000000000000000e+00	2.957834693272139e+05	1.557834549206086e+04	8.534704998557498e-03	3.780718618394000e+04	8.424369616498227e+03	8.591533837607953e+03	7.173825156064699e-18	-inf	
5	1.000000000000000e+00	0.000000000000000e+00	1.948820342843627e-03	6.585884655713872e-03	2.478373062331208e-16	1.818989403545858e-17	2.957834693272139e+05	1.557834549206086e+04	8.534704998557499e-03	3.780718618394002e+04	8.424369616498228e+03	8.591533837607953e+03	1.088958597924644e-17	-inf	
6	0.000000000000000e+00	2.000000000000000e-01	1.948820342843626e-03	6.585884655713872e-03	0.000000000000000e+00	0.000000000000000e+00	2.957834693272139e+05	1.557834549206086e+04	8.534704998557498e-03	3.780718618394000e+04	8.424369616498227e+03	8.591533837607953e+03	0.000000000000000e+00	-inf	
7	2.000000000000000e-01	2.000000000000000e-01	1.948820342843626e-03	6.585884655713872e-03	-5.215952114667699e-16	-1.818989403545857e-18	2.957834693272139e+05	1.557834549206086e+04	8.534704998557498e-03	3.780718618394000e+04	8.424369616498227e+03	8.591533837607953e+03	2.285674302569944e-17	-inf	
8	4.000000000000000e-01	2.000000000000000e-01	1.948820342843626e-03	6.585884655713872e-03	-6.070877134334364e-16	1.655280357226727e-16	2.957834693272139e+05	1.557834549206086e+04	8.534704998557498e-03	3.780718618394000e+04	8.424369616498227e+03	8.591533837607953e+03	2.757408037177547e-17	-inf	
9	5.999999999999999e-01	2.000000000000000e-01	1.948820342843626e-03	6.585884655713872e-03	0.000000000000000e+00	5.327365215635007e-16	2.957834693272139e+05	1.557834549206086e+04	8.534704998557498e-03	3.780718618394000e+04	8.424369616498227e+03	8.591533837607953e+03	2.334482269536092e-17	-inf	
10	7.999999999999999e-01	2.000000000000000e-01	1.948820342843626e-03	6.585884655713872e-03	1.523403625469660e-16	-3.701643436215732e-16	2.957834693272139e+05	1.557834549206086e+04	8.534704998557498e-03	3.780718618394000e+04	8.424369616498227e+03	8.591533837607953e+03	1.754078309933282e-17	-inf	
11	1.000000000000000e+00	2.000000000000000e-01	1.948820342843627e-03	6.585884655713872e-03	2.528395270928740e-16	-1.232365320902312e-16	2.957834693272139e+05	1.557834549206086e+04	8.534704998557499e-03	3.780718618394002e+04	8.424369616498228e+03	8.591533837607953e+03	1.232558995189583e-17	-inf	
12	0.000000000000000e+00	3.999999999999999e-01	1.948820342843626e-03	6.585884655713872e-03	-1.266926119569720e-15	0.000000000000000e+00	2.957834693272139e+05	1.557834549206086e+04	8.534704998557498e-03	3.780718618394000e+04	8.424369616498227e+03	8.591533837607953e+03	5.551743579110214e-17	-inf	
13	2.000000000000000e-01	3.999999999999999e-01	1.948820342843626e-03	6.585884655713872e-03	4.566148713689513e-16	0.000000000000000e+00	2.957834693272139e+05	1.557834549206086e+04	8.534704998557498e-03	3.780718618394000e+04	8.424369616498227e+03	8.591533837607953e+03	2.000912792854696e-17	-inf	
14	3.999999999999999e-01	4.000000000000001e-01	1.948820342843627e-03	6.585884655713872e-03	1.269230419762635e-16	0.000000000000000e+00	2.957834693272139e+05	1.557834549206086e+04	8.534704998557499e-03	3.780718618394002e+04	8.424369616498228e+03	8.591533837607953e+03	5.561841155916584e-18	-inf	
15	6.000000000000001e-01	4.000000000000000e-01	1.948820342843627e-03	6.585884655713872e-03	-4.777120921062397e-16	-9.094947017729280e-19	2.957834693272139e+05	1.557834549206086e+04	8.534704998557499e-03	3.780718618394002e+04	8.424369616498228e+03	8.591533837607953e+03	2.093365828988566e-17	-inf	
16	8.000000000000000e-01	4.000000000000000e-01	1.948820342843626e-03	6.585884655713872e-03	-1.698481355560944e-16	0.000000000000000e+00	2.957834693272139e+05	1.557834549206086e+04	8.534704998557498e-03	3.780718618394000e+04	8.424369616498227e+03	8.591533837607953e+03	7.442843599417135e-18	-inf	
17	1.000000000000000e+00	4.000000000000000e-01	1.948820342843626e-03	6.585884655713872e-03	0.000000000000000e+00	0.000000000000000e+00	2.957834693272139e+05	1.557834549206086e+04	8.534704998557498e-03	3.780718618394000e+04	8.424369616498227e+03	8.591533837607953e+03	0.000000000000000e+00	-inf	
18	0.000000000000000e+00	6.000000000000000e-01	1.948820342843626e-03	6.585884655713872e-03	9.313225746154546e-16	1.637090463191268e-16	2.957834693272139e+05	1.557834549206086e+04	8.534704998557498e-03	3.780718618394000e+04	8.424369616498227e+03	8.591533837607953e+03	4.143680946813790e-17	-inf	
19	2.000000000000000e-01	6.000000000000000e-01	1.948820342843626e-03	6.585884655713872e-03	9.192009175610769e-18	1.818989403545857e-18	2.957834693272139e+05	1.557834549206086e+04	8.534704998557498e-03	3.780718618394000e+04	8.424369616498227e+03	8.591533837607953e+03	4.106101756945521e-19	-inf	
20	4.000000000000001e-01	6.000000000000002e-01	1.948820342843626e-03	6.585884655713872e-03	0.000000000000000e+00	-1.655280357226729e-16	2.957834693272139e+05	1.557834549206086e+04	8.534704998557498e-03	3.780718618394000e+04	8.424369616498227e+03	8.591533837607953e+03	7.253534324465423e-18	-inf	
21	6.000000000000000e-01	6.000000000000001e-01	1.948820342843626e-03	6.585884655713872e-03	-9.192009175610380e-18	-1.734861143631864e-16	2.957834693272139e+05	1.557834549206086e+04	8.534704998557498e-03	3.780718618394000e+04	8.424369616498227e+03	8.591533837607953e+03	7.612925437158486e-18	-inf	
22	8.000000000000000e-01	6.000000000000001e-01	1.948820342843626e-03	6.585884655713872e-03	1.707576302578671e-16	-9.094947017729286e-19	2.957834693272139e+05	1.557834549206086e+04	8.534704998557498e-03	3.780718618394000e+04	8.424369616498227e+03	8.591533837607953e+03	7.482804320239454e-18	-inf	
23	1.000000000000000e+00	6.000000000000001e-01	1.948820342843627e-03	6.585884655713872e-03	9.563336789142523e-16	-9.094947017729280e-19	2.957834693272139e+05	1.557834549206086e+04	8.534704998557499e-03	3.780718618394002e+04	8.424369616498228e+03	8.591533837607953e+03	4.190711423797465e-17	-inf	
24	0.000000000000000e+00	8.000000000000000e-01	1.948820342843627e-03	6.585884655713872e-03	-2.287379174958927e-16	0.000000000000000e+00	2.957834693272139e+05	1.557834549206086e+04	8.534704998557499e-03	3.780718618394002e+04	8.424369616498228e+03	8.591533837607953e+03	1.002342792639046e-17	-inf	
25	2.000000000000000e-01	8.000000000000000e-01	1.948820342843626e-03	6.585884655713872e-03	-1.734861143631864e-16	5.206857167649968e-16	2.957834693272139e+05	1.557834549206086e+04	8.534704998557498e-03	3.780718618394000e+04	8.424369616498227e+03	8.591533837607953e+03	2.404991563863970e-17	-inf	
26	3.999999999999999e-01	8.000000000000000e-01	1.948820342843626e-03	6.585884655713872e-03	-9.094947017729284e-19	0.000000000000000e+00	2.957834693272139e+05	1.557834549206086e+04	8.534704998557498e-03	3.780718618394000e+04	8.424369616498227e+03	8.591533837607953e+03	3.985458420035950e-20	-inf	
27	6.000000000000000e-01	8.000000000000000e-01	1.948820342843626e-03	6.585884655713872e-03	0.000000000000000e+00	-5.854872142663265e-16	2.957834693272139e+05	1.557834549206086e+04	8.534704998557498e-03	3.780718618394000e+04	8.424369616498227e+03	8.591533837607953e+03	2.565638857898160e-17	-inf	
28	8.000000000000000e-01	8.000000000000000e-01	1.948820342843626e-03	6.585884655713872e-03	0.000000000000000e+00	1.625721779419103e-16	2.957834693272139e+05	1.557834549206086e+04	8.534704998557498e-03	3.780718618394000e+04	8.424369616498227e+03	8.591533837607953e+03	7.124006925814231e-18	-inf	
29	1.000000000000000e+00	8.000000000000000e-01	1.948820342843626e-03	6.585884655713872e-03	-7.203198038041437e-16	-1.505213731434208e-16	2.957834693272139e+05	1.557834549206086e+04	8.534704998557498e-03	3.780718618394000e+04	8.424369616498227e+03	8.591533837607953e+03	3.224662583058967e-17	-inf	
30	0.000000000000000e+00	1.000000000000000e+00	1.948820342843626e-03	6.585884655713872e-03	1.818989403545857e-18	-3.292370820417999e-16	2.957834693272139e+05	1.557834549206086e+04	8.534704998557498e-03	3.780718618394000e+04	8.424369616498227e+03	8.591533837607953e+03	1.442757966992280e-17	-inf	
31	2.000000000000000e-01	1.000000000000000e+00	1.948820342843626e-03	6.585884655713872e-03	0.000000000000000e+00	0.000000000000000e+00	2.957834693272139e+05	1.557834549206086e+04	8.534704998557498e-03	3.780718618394000e+04	8.424369616498227e+03	8.591533837607953e+03	0.000000000000000e+00	-inf	
32	3.999999999999999e-01	1.000000000000000e+00	1.948820342843626e-03	6.585884655713872e-03	0.000000000000000e+00	0.000000000000000e+00	2.957834693272139e+05	1.557834549206086e+04	8.534704998557498e-03	3.780718618394000e+04	8.424369616498227e+03	8.591533837607953e+03	0.000000000000000e+00	-inf	
33	6.000000000000000e-01	1.000000000000000e+00	1.948820342843626e-03	6.585884655713872e-03	1.721218723105263e-16	-4.788489604834516e-16	2.957834693272139e+05	1.557834549206086e+04	8.534704998557498e-03	3.780718618394000e+04	8.424369616498227e+03	8.591533837607953e+03	2.229784070616261e-17	-inf	
34	8.000000000000000e-01	1.000000000000000e+00	1.948820342843627e-03	6.585884655713872e-03	0.000000000000000e+00	2.219167072325893e-16	2.957834693272139e+05	1.557834549206086e+04	8.534704998557499e-03	3.780718618394002e+04	8.424369616498228e+03	8.591533837607953e+03	9.724518544887483e-18	-inf	
35	1.000000000000000e+00	1.000000000000000e+00	1.948820342843626e-03	6.585884655713872e-03	-3.424247552175067e-16	-4.820321919396507e-17	2.957834693272139e+05	1.557834549206086e+04	8.534704998557498e-03	3.780718618394000e+04	8.424369616498227e+03	8.591533837607953e+03	1.515319562585662e-17	-inf	
EXT_ITER= 6636
AOA= 0.000000000000000e+00
SIDESLIP_ANGLE= 0.000000000000000e+00
INITIAL_BCTHRUST= 4.000000000000000e+03
DCD_DCL_VALUE= 0.000000000000000e+00
DCMX_DCL_VALUE= 0.000000000000000e+00
DCMY_DCL_VALUE= 0.000000000000000e+00
DCMZ_DCL_VALUE= 0.000000000000000e+00
