"PointID"	"x"	"y"	"Density[0]"	"Density[1]"	"Momentum_x"	"Momentum_y"	"Energy"	"Electronic_Energy"	"Total_Density"	"Pressure"	"Temperature"	"Tve"	"Mach"	"C<sub>p</sub>"
0	0.000000000000000e+00	0.000000000000000e+00	1.997983397722708e-03	6.536721600834773e-03	0.000000000000000e+00	0.000000000000000e+00	2.957834693272139e+05	1.638735250931249e+04	8.534704998557480e-03	3.823809825783635e+04	8.548180948043413e+03	8.754813653046634e+03	0.000000000000000e+00	-inf	
1	2.000000000000000e-01	0.000000000000000e+00	1.997983397722708e-03	6.536721600834773e-03	0.000000000000000e+00	1.095486368285490e-15	2.957834693272139e+05	1.638735250931249e+04	8.534704998557480e-03	3.823809825783635e+04	8.548180948043413e+03	8.754813653046634e+03	4.775408371155323e-17	-inf	
2	4.000000000000000e-01	0.000000000000000e+00	1.997983397722708e-03	6.536721600834773e-03	0.000000000000000e+00	-8.153620001394067e-16	2.957834693272139e+05	1.638735250931249e+04	8.534704998557480e-03	3.823809825783635e+04	8.548180948043413e+03	8.754813653046634e+03	3.554299381270762e-17	-inf	
3	6.000000000000001e-01	0.000000000000000e+00	1.997983397722708e-03	6.536721600834773e-03	0.000000000000000e+00	-5.156834959052521e-16	2.957834693272139e+05	1.638735250931249e+04	8.534704998557480e-03	3.823809825783635e+04	8.548180948043413e+03	8.754813653046634e+03	2.247950640469143e-17	-inf	
4	8.000000000000000e-01	0.000000000000000e+00	1.997983397722708e-03	6.536721600834773e-03	8.299139153677908e-17	0.000000000000000e+00	2.957834693272139e+05	1.638735250931249e+04	8.534704998557480e-03	3.823809825783635e+04	8.548180948043413e+03	8.754813653046634e+03	3.617733614511588e-18	-inf	
5	1.000000000000000e+00	0.000000000000000e+00	1.997983397722709e-03	6.536721600834773e-03	8.731149137019832e-17	1.446096575818961e-16	2.957834693272139e+05	1.638735250931249e+04	8.534704998557482e-03	3.823809825783632e+04	8.548180948043408e+03	8.754813653046633e+03	7.363670998244992e-18	-inf	
6	0.000000000000000e+00	2.000000000000000e-01	1.997983397722708e-03	6.536721600834773e-03	0.000000000000000e+00	0.000000000000000e+00	2.957834693272139e+05	1.638735250931249e+04	8.534704998557480e-03	3.823809825783635e+04	8.548180948043413e+03	8.754813653046634e+03	0.000000000000000e+00	-inf	
7	2.000000000000000e-01	2.000000000000000e-01	1.997983397722708e-03	6.536721600834773e-03	-4.131379682803405e-16	-1.818989403545857e-18	2.957834693272139e+05	1.638735250931249e+04	8.534704998557480e-03	3.823809825783635e+04	8.548180948043413e+03	8.754813653046634e+03	1.800954983776451e-17	-inf	
8	4.000000000000000e-01	2.000000000000000e-01	1.997983397722708e-03	6.536721600834773e-03	-5.468336894409719e-16	8.481038094032490e-17	2.957834693272139e+05	1.638735250931249e+04	8.534704998557480e-03	3.823809825783635e+04	8.548180948043413e+03	8.754813653046634e+03	2.412238434656919e-17	-inf	
9	5.999999999999999e-01	2.000000000000000e-01	1.997983397722708e-03	6.536721600834773e-03	0.000000000000000e+00	3.419700078666290e-16	2.957834693272139e+05	1.638735250931249e+04	8.534704998557480e-03	3.823809825783635e+04	8.548180948043413e+03	8.754813653046634e+03	1.490704481157698e-17	-inf	
10	7.999999999999999e-01	2.000000000000000e-01	1.997983397722708e-03	6.536721600834773e-03	6.980371836107258e-17	-2.808064891723906e-16	2.957834693272139e+05	1.638735250931249e+04	8.534704998557480e-03	3.823809825783635e+04	8.548180948043413e+03	8.754813653046634e+03	1.261335766318996e-17	-inf	
11	1.000000000000000e+00	2.000000000000000e-01	1.997983397722709e-03	6.536721600834773e-03	9.777068044058906e-17	-4.297362465877001e-17	2.957834693272139e+05	1.638735250931249e+04	8.534704998557482e-03	3.823809825783632e+04	8.548180948043408e+03	8.754813653046633e+03	4.655508727210859e-18	-inf	
12	0.000000000000000e+00	3.999999999999999e-01	1.997983397722708e-03	6.536721600834773e-03	-1.191438059322547e-15	0.000000000000000e+00	2.957834693272139e+05	1.638735250931249e+04	8.534704998557480e-03	3.823809825783635e+04	8.548180948043413e+03	8.754813653046634e+03	5.193677846586585e-17	-inf	
13	2.000000000000000e-01	3.999999999999999e-01	1.997983397722708e-03	6.536721600834773e-03	3.490852441764318e-16	0.000000000000000e+00	2.957834693272139e+05	1.638735250931249e+04	8.534704998557480e-03	3.823809825783635e+04	8.548180948043413e+03	8.754813653046634e+03	1.521720986721120e-17	-inf	
14	3.999999999999999e-01	4.000000000000001e-01	1.997983397722709e-03	6.536721600834773e-03	5.190785037212608e-17	0.000000000000000e+00	2.957834693272139e+05	1.638735250931249e+04	8.534704998557482e-03	3.823809825783632e+04	8.548180948043408e+03	8.754813653046633e+03	2.262750047576399e-18	-inf	
15	6.000000000000001e-01	4.000000000000000e-01	1.997983397722709e-03	6.536721600834773e-03	-2.871729520848093e-16	-9.094947017729280e-19	2.957834693272139e+05	1.638735250931249e+04	8.534704998557482e-03	3.823809825783632e+04	8.548180948043408e+03	8.754813653046633e+03	1.251841224725511e-17	-inf	
16	8.000000000000000e-01	4.000000000000000e-01	1.997983397722708e-03	6.536721600834773e-03	-9.163159120362250e-17	0.000000000000000e+00	2.957834693272139e+05	1.638735250931249e+04	8.534704998557480e-03	3.823809825783635e+04	8.548180948043413e+03	8.754813653046634e+03	3.994374374378578e-18	-inf	
17	1.000000000000000e+00	4.000000000000000e-01	1.997983397722708e-03	6.536721600834773e-03	0.000000000000000e+00	0.000000000000000e+00	2.957834693272139e+05	1.638735250931249e+04	8.534704998557480e-03	3.823809825783635e+04	8.548180948043413e+03	8.754813653046634e+03	0.000000000000000e+00	-inf	
18	0.000000000000000e+00	6.000000000000000e-01	1.997983397722708e-03	6.536721600834773e-03	8.153620001394067e-16	8.299139153677902e-17	2.957834693272139e+05	1.638735250931249e+04	8.534704998557480e-03	3.823809825783635e+04	8.548180948043413e+03	8.754813653046634e+03	3.572663440174206e-17	-inf	
19	2.000000000000000e-01	6.000000000000000e-01	1.997983397722708e-03	6.536721600834773e-03	-3.504674064951467e-18	1.818989403545857e-18	2.957834693272139e+05	1.638735250931249e+04	8.534704998557480e-03	3.823809825783635e+04	8.548180948043413e+03	8.754813653046634e+03	1.721261953861695e-19	-inf	
20	4.000000000000001e-01	6.000000000000002e-01	1.997983397722708e-03	6.536721600834773e-03	0.000000000000000e+00	-8.481038094032504e-17	2.957834693272139e+05	1.638735250931249e+04	8.534704998557480e-03	3.823809825783635e+04	8.548180948043413e+03	8.754813653046634e+03	3.697026406062533e-18	-inf	
21	6.000000000000000e-01	6.000000000000001e-01	1.997983397722708e-03	6.536721600834773e-03	3.504674064951809e-18	-8.594724931754170e-17	2.957834693272139e+05	1.638735250931249e+04	8.534704998557480e-03	3.823809825783635e+04	8.548180948043413e+03	8.754813653046634e+03	3.749697954839614e-18	-inf	
22	8.000000000000000e-01	6.000000000000001e-01	1.997983397722708e-03	6.536721600834773e-03	9.254108590539521e-17	-9.094947017729286e-19	2.957834693272139e+05	1.638735250931249e+04	8.534704998557480e-03	3.823809825783635e+04	8.548180948043413e+03	8.754813653046634e+03	4.034215588033460e-18	-inf	
23	1.000000000000000e+00	6.000000000000001e-01	1.997983397722709e-03	6.536721600834773e-03	5.752553988713916e-16	-9.094947017729280e-19	2.957834693272139e+05	1.638735250931249e+04	8.534704998557482e-03	3.823809825783632e+04	8.548180948043408e+03	8.754813653046633e+03	2.507637666899000e-17	-inf	
24	0.000000000000000e+00	8.000000000000000e-01	1.997983397722709e-03	6.536721600834773e-03	-7.275957614183529e-17	0.000000000000000e+00	2.957834693272139e+05	1.638735250931249e+04	8.534704998557482e-03	3.823809825783632e+04	8.548180948043408e+03	8.754813653046633e+03	3.171711662037627e-18	-inf	
25	2.000000000000000e-01	8.000000000000000e-01	1.997983397722708e-03	6.536721600834773e-03	-8.594724931754175e-17	4.122284735785676e-16	2.957834693272139e+05	1.638735250931249e+04	8.534704998557480e-03	3.823809825783635e+04	8.548180948043413e+03	8.754813653046634e+03	1.835614477173496e-17	-inf	
26	3.999999999999999e-01	8.000000000000000e-01	1.997983397722708e-03	6.536721600834773e-03	-9.094947017729284e-19	0.000000000000000e+00	2.957834693272139e+05	1.638735250931249e+04	8.534704998557480e-03	3.823809825783635e+04	8.548180948043413e+03	8.754813653046634e+03	3.964639577546977e-20	-inf	
27	6.000000000000000e-01	8.000000000000000e-01	1.997983397722708e-03	6.536721600834773e-03	0.000000000000000e+00	-5.040874384576386e-16	2.957834693272139e+05	1.638735250931249e+04	8.534704998557480e-03	3.823809825783635e+04	8.548180948043413e+03	8.754813653046634e+03	2.197401485855382e-17	-inf	
28	8.000000000000000e-01	8.000000000000000e-01	1.997983397722708e-03	6.536721600834773e-03	0.000000000000000e+00	8.276401786133552e-17	2.957834693272139e+05	1.638735250931249e+04	8.534704998557480e-03	3.823809825783635e+04	8.548180948043413e+03	8.754813653046634e+03	3.607822015567707e-18	-inf	
29	1.000000000000000e+00	8.000000000000000e-01	1.997983397722708e-03	6.536721600834773e-03	-5.138645065017064e-16	-6.980371836107315e-17	2.957834693272139e+05	1.638735250931249e+04	8.534704998557480e-03	3.823809825783635e+04	8.548180948043413e+03	8.754813653046634e+03	2.260594108245884e-17	-inf	
30	0.000000000000000e+00	1.000000000000000e+00	1.997983397722708e-03	6.536721600834773e-03	1.818989403545857e-18	-1.678017724771043e-16	2.957834693272139e+05	1.638735250931249e+04	8.534704998557480e-03	3.823809825783635e+04	8.548180948043413e+03	8.754813653046634e+03	7.315189779177404e-18	-inf	
31	2.000000000000000e-01	1.000000000000000e+00	1.997983397722708e-03	6.536721600834773e-03	0.000000000000000e+00	0.000000000000000e+00	2.957834693272139e+05	1.638735250931249e+04	8.534704998557480e-03	3.823809825783635e+04	8.548180948043413e+03	8.754813653046634e+03	0.000000000000000e+00	-inf	
32	3.999999999999999e-01	1.000000000000000e+00	1.997983397722708e-03	6.536721600834773e-03	0.000000000000000e+00	0.000000000000000e+00	2.957834693272139e+05	1.638735250931249e+04	8.534704998557480e-03	3.823809825783635e+04	8.548180948043413e+03	8.754813653046634e+03	0.000000000000000e+00	-inf	
33	6.000000000000000e-01	1.000000000000000e+00	1.997983397722708e-03	6.536721600834773e-03	9.390532795805441e-17	-3.192326403223026e-16	2.957834693272139e+05	1.638735250931249e+04	8.534704998557480e-03	3.823809825783635e+04	8.548180948043413e+03	8.754813653046634e+03	1.450546505242570e-17	-inf	
34	8.000000000000000e-01	1.000000000000000e+00	1.997983397722709e-03	6.536721600834773e-03	0.000000000000000e+00	2.332853910047508e-16	2.957834693272139e+05	1.638735250931249e+04	8.534704998557482e-03	3.823809825783632e+04	8.548180948043408e+03	8.754813653046633e+03	1.016930051640777e-17	-inf	
35	1.000000000000000e+00	1.000000000000000e+00	1.997983397722708e-03	6.536721600834773e-03	-1.859916665125629e-16	-1.641637936700145e-16	2.957834693272139e+05	1.638735250931249e+04	8.534704998557480e-03	3.823809825783635e+04	8.548180948043413e+03	8.754813653046634e+03	1.081413132195309e-17	-inf	
EXT_ITER= 5387
AOA= 0.000000000000000e+00
SIDESLIP_ANGLE= 0.000000000000000e+00
INITIAL_BCTHRUST= 4.000000000000000e+03
DCD_DCL_VALUE= 0.000000000000000e+00
DCMX_DCL_VALUE= 0.000000000000000e+00
DCMY_DCL_VALUE= 0.000000000000000e+00
DCMZ_DCL_VALUE= 0.000000000000000e+00
