"PointID"	"x"	"y"	"Density[0]"	"Density[1]"	"Momentum_x"	"Momentum_y"	"Energy"	"Electronic_Energy"	"Total_Density"	"Pressure"	"Temperature"	"Tve"	"Mach"	"C<sub>p</sub>"
0	0.000000000000000e+00	0.000000000000000e+00	2.297761480748067e-03	6.236943517809416e-03	0.000000000000000e+00	0.000000000000000e+00	2.957834693272139e+05	2.296416779647067e+04	8.534704998557482e-03	3.981817180566480e+04	9.082055165748212e+03	1.004245721175461e+04	0.000000000000000e+00	-inf	
1	2.000000000000000e-01	0.000000000000000e+00	2.297761480748067e-03	6.236943517809416e-03	0.000000000000000e+00	4.342837200965808e-16	2.957834693272139e+05	2.296416779647067e+04	8.534704998557482e-03	3.981817180566480e+04	9.082055165748212e+03	1.004245721175461e+04	1.860084885028691e-17	-inf	
2	4.000000000000000e-01	0.000000000000000e+00	2.297761480748067e-03	6.236943517809416e-03	0.000000000000000e+00	-3.124114300590055e-16	2.957834693272139e+05	2.296416779647067e+04	8.534704998557482e-03	3.981817180566480e+04	9.082055165748212e+03	1.004245721175461e+04	1.338092477502312e-17	-inf	
3	6.000000000000001e-01	0.000000000000000e+00	2.297761480748067e-03	6.236943517809416e-03	0.000000000000000e+00	-9.003997547551973e-17	2.957834693272139e+05	2.296416779647067e+04	8.534704998557482e-03	3.981817180566480e+04	9.082055165748212e+03	1.004245721175461e+04	3.856511070530616e-18	-inf	
4	8.000000000000000e-01	0.000000000000000e+00	2.297761480748067e-03	6.236943517809416e-03	4.883986548520623e-16	0.000000000000000e+00	2.957834693272139e+05	2.296416779647067e+04	8.534704998557482e-03	3.981817180566480e+04	9.082055165748212e+03	1.004245721175461e+04	2.091865095833276e-17	-inf	
5	1.000000000000000e+00	0.000000000000000e+00	2.297761480748067e-03	6.236943517809416e-03	9.290488378610435e-16	1.123225956689564e-16	2.957834693272139e+05	2.296416779647066e+04	8.534704998557484e-03	3.981817180566477e+04	9.082055165748203e+03	1.004245721175461e+04	4.008194782441159e-17	-inf	
6	0.000000000000000e+00	2.000000000000000e-01	2.297761480748067e-03	6.236943517809416e-03	0.000000000000000e+00	0.000000000000000e+00	2.957834693272139e+05	2.296416779647067e+04	8.534704998557482e-03	3.981817180566480e+04	9.082055165748212e+03	1.004245721175461e+04	0.000000000000000e+00	-inf	
7	2.000000000000000e-01	2.000000000000000e-01	2.297761480748067e-03	6.236943517809416e-03	-1.684838935034376e-16	-1.818989403545857e-18	2.957834693272139e+05	2.296416779647067e+04	8.534704998557482e-03	3.981817180566480e+04	9.082055165748212e+03	1.004245721175461e+04	7.216770811612939e-18	-inf	
8	4.000000000000000e-01	2.000000000000000e-01	2.297761480748067e-03	6.236943517809416e-03	-2.162323653465175e-16	4.902176442556080e-16	2.957834693272139e+05	2.296416779647067e+04	8.534704998557482e-03	3.981817180566480e+04	9.082055165748212e+03	1.004245721175461e+04	2.294842838963361e-17	-inf	
9	5.999999999999999e-01	2.000000000000000e-01	2.297761480748067e-03	6.236943517809416e-03	0.000000000000000e+00	5.329638952389349e-16	2.957834693272139e+05	2.296416779647067e+04	8.534704998557482e-03	3.981817180566480e+04	9.082055165748212e+03	1.004245721175461e+04	2.282742916495899e-17	-inf	
10	7.999999999999999e-01	2.000000000000000e-01	2.297761480748067e-03	6.236943517809416e-03	4.779394657816735e-16	-9.686118573881774e-17	2.957834693272139e+05	2.296416779647067e+04	8.534704998557482e-03	3.981817180566480e+04	9.082055165748212e+03	1.004245721175461e+04	2.088683555640668e-17	-inf	
11	1.000000000000000e+00	2.000000000000000e-01	2.297761480748067e-03	6.236943517809416e-03	9.340510587207960e-16	-4.656612873077386e-16	2.957834693272139e+05	2.296416779647066e+04	8.534704998557484e-03	3.981817180566477e+04	9.082055165748203e+03	1.004245721175461e+04	4.470245086295815e-17	-inf	
12	0.000000000000000e+00	3.999999999999999e-01	2.297761480748067e-03	6.236943517809416e-03	-4.715730028692688e-16	0.000000000000000e+00	2.957834693272139e+05	2.296416779647067e+04	8.534704998557482e-03	3.981817180566480e+04	9.082055165748212e+03	1.004245721175461e+04	2.019798979868840e-17	-inf	
13	2.000000000000000e-01	3.999999999999999e-01	2.297761480748067e-03	6.236943517809416e-03	5.938916073191087e-16	0.000000000000000e+00	2.957834693272139e+05	2.296416779647067e+04	8.534704998557482e-03	3.981817180566480e+04	9.082055165748212e+03	1.004245721175461e+04	2.543703001056535e-17	-inf	
14	3.999999999999999e-01	4.000000000000001e-01	2.297761480748067e-03	6.236943517809416e-03	4.372311449387207e-16	0.000000000000000e+00	2.957834693272139e+05	2.296416779647066e+04	8.534704998557484e-03	3.981817180566477e+04	9.082055165748203e+03	1.004245721175461e+04	1.872709029441481e-17	-inf	
15	6.000000000000001e-01	4.000000000000000e-01	2.297761480748067e-03	6.236943517809416e-03	-4.999947122996669e-16	-9.094947017729280e-19	2.957834693272139e+05	2.296416779647066e+04	8.534704998557484e-03	3.981817180566477e+04	9.082055165748203e+03	1.004245721175461e+04	2.141535826802815e-17	-inf	
16	8.000000000000000e-01	4.000000000000000e-01	2.297761480748067e-03	6.236943517809416e-03	-4.897628969047213e-16	0.000000000000000e+00	2.957834693272139e+05	2.296416779647067e+04	8.534704998557482e-03	3.981817180566480e+04	9.082055165748212e+03	1.004245721175461e+04	2.097708294424987e-17	-inf	
17	1.000000000000000e+00	4.000000000000000e-01	2.297761480748067e-03	6.236943517809416e-03	0.000000000000000e+00	0.000000000000000e+00	2.957834693272139e+05	2.296416779647067e+04	8.534704998557482e-03	3.981817180566480e+04	9.082055165748212e+03	1.004245721175461e+04	0.000000000000000e+00	-inf	
18	0.000000000000000e+00	6.000000000000000e-01	2.297761480748067e-03	6.236943517809416e-03	3.124114300590055e-16	4.883986548520622e-16	2.957834693272139e+05	2.296416779647067e+04	8.534704998557482e-03	3.981817180566480e+04	9.082055165748212e+03	1.004245721175461e+04	2.483221910646295e-17	-inf	
19	2.000000000000000e-01	6.000000000000000e-01	2.297761480748067e-03	6.236943517809416e-03	-1.320453905293408e-17	1.818989403545857e-18	2.957834693272139e+05	2.296416779647067e+04	8.534704998557482e-03	3.981817180566480e+04	9.082055165748212e+03	1.004245721175461e+04	5.709058888312686e-19	-inf	
20	4.000000000000001e-01	6.000000000000002e-01	2.297761480748067e-03	6.236943517809416e-03	0.000000000000000e+00	-4.902176442556084e-16	2.957834693272139e+05	2.296416779647067e+04	8.534704998557482e-03	3.981817180566480e+04	9.082055165748212e+03	1.004245721175461e+04	2.099656027288895e-17	-inf	
21	6.000000000000000e-01	6.000000000000001e-01	2.297761480748067e-03	6.236943517809416e-03	1.320453905293395e-17	-4.897628969047209e-16	2.957834693272139e+05	2.296416779647067e+04	8.534704998557482e-03	3.981817180566480e+04	9.082055165748212e+03	1.004245721175461e+04	2.098470568110370e-17	-inf	
22	8.000000000000000e-01	6.000000000000001e-01	2.297761480748067e-03	6.236943517809416e-03	4.906723916064940e-16	-9.094947017729286e-19	2.957834693272139e+05	2.296416779647067e+04	8.534704998557482e-03	3.981817180566480e+04	9.082055165748212e+03	1.004245721175461e+04	2.101607370405235e-17	-inf	
23	1.000000000000000e+00	6.000000000000001e-01	2.297761480748067e-03	6.236943517809416e-03	1.000898919301107e-15	-9.094947017729280e-19	2.957834693272139e+05	2.296416779647066e+04	8.534704998557484e-03	3.981817180566477e+04	9.082055165748203e+03	1.004245721175461e+04	4.286961803314874e-17	-inf	
24	0.000000000000000e+00	8.000000000000000e-01	2.297761480748067e-03	6.236943517809416e-03	-9.126779332291327e-16	0.000000000000000e+00	2.957834693272139e+05	2.296416779647066e+04	8.534704998557484e-03	3.981817180566477e+04	9.082055165748203e+03	1.004245721175461e+04	3.909099857856038e-17	-inf	
25	2.000000000000000e-01	8.000000000000000e-01	2.297761480748067e-03	6.236943517809416e-03	-4.897628969047209e-16	1.675743988016646e-16	2.957834693272139e+05	2.296416779647067e+04	8.534704998557482e-03	3.981817180566480e+04	9.082055165748212e+03	1.004245721175461e+04	2.217099493705464e-17	-inf	
26	3.999999999999999e-01	8.000000000000000e-01	2.297761480748067e-03	6.236943517809416e-03	-9.094947017729284e-19	0.000000000000000e+00	2.957834693272139e+05	2.296416779647067e+04	8.534704998557482e-03	3.981817180566480e+04	9.082055165748212e+03	1.004245721175461e+04	3.895465727808710e-20	-inf	
27	6.000000000000000e-01	8.000000000000000e-01	2.297761480748067e-03	6.236943517809416e-03	0.000000000000000e+00	-1.557509676786163e-16	2.957834693272139e+05	2.296416779647067e+04	8.534704998557482e-03	3.981817180566480e+04	9.082055165748212e+03	1.004245721175461e+04	6.670985058872514e-18	-inf	
28	8.000000000000000e-01	8.000000000000000e-01	2.297761480748067e-03	6.236943517809416e-03	0.000000000000000e+00	4.870344127994025e-16	2.957834693272139e+05	2.296416779647067e+04	8.534704998557482e-03	3.981817180566480e+04	9.082055165748212e+03	1.004245721175461e+04	2.086021897241562e-17	-inf	
29	1.000000000000000e+00	8.000000000000000e-01	2.297761480748067e-03	6.236943517809416e-03	-8.822098607197387e-17	-4.793037078343328e-16	2.957834693272139e+05	2.296416779647067e+04	8.534704998557482e-03	3.981817180566480e+04	9.082055165748212e+03	1.004245721175461e+04	2.087395406009936e-17	-inf	
30	0.000000000000000e+00	1.000000000000000e+00	2.297761480748067e-03	6.236943517809416e-03	1.818989403545857e-18	-9.786162991076705e-16	2.957834693272139e+05	2.296416779647067e+04	8.534704998557482e-03	3.981817180566480e+04	9.082055165748212e+03	1.004245721175461e+04	4.191528363758533e-17	-inf	
31	2.000000000000000e-01	1.000000000000000e+00	2.297761480748067e-03	6.236943517809416e-03	0.000000000000000e+00	0.000000000000000e+00	2.957834693272139e+05	2.296416779647067e+04	8.534704998557482e-03	3.981817180566480e+04	9.082055165748212e+03	1.004245721175461e+04	0.000000000000000e+00	-inf	
32	3.999999999999999e-01	1.000000000000000e+00	2.297761480748067e-03	6.236943517809416e-03	0.000000000000000e+00	0.000000000000000e+00	2.957834693272139e+05	2.296416779647067e+04	8.534704998557482e-03	3.981817180566480e+04	9.082055165748212e+03	1.004245721175461e+04	0.000000000000000e+00	-inf	
33	6.000000000000000e-01	1.000000000000000e+00	2.297761480748067e-03	6.236943517809416e-03	4.920366336591531e-16	-8.731149137020095e-17	2.957834693272139e+05	2.296416779647067e+04	8.534704998557482e-03	3.981817180566480e+04	9.082055165748212e+03	1.004245721175461e+04	2.140369661565346e-17	-inf	
34	8.000000000000000e-01	1.000000000000000e+00	2.297761480748067e-03	6.236943517809416e-03	0.000000000000000e+00	9.954419510904690e-16	2.957834693272139e+05	2.296416779647066e+04	8.534704998557484e-03	3.981817180566477e+04	9.082055165748203e+03	1.004245721175461e+04	4.263587239086629e-17	-inf	
35	1.000000000000000e+00	1.000000000000000e+00	2.297761480748067e-03	6.236943517809416e-03	-9.822542779147603e-16	-1.091393642127511e-16	2.957834693272139e+05	2.296416779647067e+04	8.534704998557482e-03	3.981817180566480e+04	9.082055165748212e+03	1.004245721175461e+04	4.232993094926708e-17	-inf	
EXT_ITER= 1762
AOA= 0.000000000000000e+00
SIDESLIP_ANGLE= 0.000000000000000e+00
INITIAL_BCTHRUST= 4.000000000000000e+03
DCD_DCL_VALUE= 0.000000000000000e+00
DCMX_DCL_VALUE= 0.000000000000000e+00
DCMY_DCL_VALUE= 0.000000000000000e+00
DCMZ_DCL_VALUE= 0.000000000000000e+00
