"PointID"	"x"	"y"	"Density[0]"	"Density[1]"	"Momentum_x"	"Momentum_y"	"Energy"	"Electronic_Energy"	"Total_Density"	"Pressure"	"Temperature"	"Tve"	"Mach"	"C<sub>p</sub>"
0	0.000000000000000e+00	0.000000000000000e+00	1.930750193448298e-03	6.603954805109208e-03	0.000000000000000e+00	0.000000000000000e+00	2.957834693272139e+05	1.528918278732452e+04	8.534704998557506e-03	3.764313946135071e+04	8.377803923206904e+03	8.532432434272647e+03	0.000000000000000e+00	-inf	
1	2.000000000000000e-01	0.000000000000000e+00	1.930750193448298e-03	6.603954805109208e-03	0.000000000000000e+00	1.272837835131234e-15	2.957834693272139e+05	1.528918278732452e+04	8.534704998557506e-03	3.764313946135071e+04	8.377803923206904e+03	8.532432434272647e+03	5.588909387238401e-17	-inf	
2	4.000000000000000e-01	0.000000000000000e+00	1.930750193448298e-03	6.603954805109208e-03	0.000000000000000e+00	-9.767973097041071e-16	2.957834693272139e+05	1.528918278732452e+04	8.534704998557506e-03	3.764313946135071e+04	8.377803923206904e+03	8.532432434272647e+03	4.289023709820530e-17	-inf	
3	6.000000000000001e-01	0.000000000000000e+00	1.930750193448298e-03	6.603954805109208e-03	0.000000000000000e+00	-8.171809895429524e-16	2.957834693272139e+05	1.528918278732452e+04	8.534704998557506e-03	3.764313946135071e+04	8.377803923206904e+03	8.532432434272647e+03	3.588163690198981e-17	-inf	
4	8.000000000000000e-01	0.000000000000000e+00	1.930750193448298e-03	6.603954805109208e-03	2.055458026006818e-16	0.000000000000000e+00	2.957834693272139e+05	1.528918278732452e+04	8.534704998557506e-03	3.764313946135071e+04	8.377803923206904e+03	8.532432434272647e+03	9.025319910795692e-18	-inf	
5	1.000000000000000e+00	0.000000000000000e+00	1.930750193448299e-03	6.603954805109208e-03	3.587956598494192e-16	-2.728484105318780e-17	2.957834693272139e+05	1.528918278732452e+04	8.534704998557506e-03	3.764313946135072e+04	8.377803923206904e+03	8.532432434272647e+03	1.579986241379675e-17	-inf	
6	0.000000000000000e+00	2.000000000000000e-01	1.930750193448298e-03	6.603954805109208e-03	0.000000000000000e+00	0.000000000000000e+00	2.957834693272139e+05	1.528918278732452e+04	8.534704998557506e-03	3.764313946135071e+04	8.377803923206904e+03	8.532432434272647e+03	0.000000000000000e+00	-inf	
7	2.000000000000000e-01	2.000000000000000e-01	1.930750193448298e-03	6.603954805109208e-03	-5.652509571518763e-16	-1.818989403545857e-18	2.957834693272139e+05	1.528918278732452e+04	8.534704998557506e-03	3.764313946135071e+04	8.377803923206904e+03	8.532432434272647e+03	2.481975826616196e-17	-inf	
8	4.000000000000000e-01	2.000000000000000e-01	1.930750193448298e-03	6.603954805109208e-03	-6.355094228638442e-16	2.073647920042276e-16	2.957834693272139e+05	1.528918278732452e+04	8.534704998557506e-03	3.764313946135071e+04	8.377803923206904e+03	8.532432434272647e+03	2.935254417884216e-17	-inf	
9	5.999999999999999e-01	2.000000000000000e-01	1.930750193448298e-03	6.603954805109208e-03	0.000000000000000e+00	6.264144758461084e-16	2.957834693272139e+05	1.528918278732452e+04	8.534704998557506e-03	3.764313946135071e+04	8.377803923206904e+03	8.532432434272647e+03	2.750526145380785e-17	-inf	
10	7.999999999999999e-01	2.000000000000000e-01	1.930750193448298e-03	6.603954805109208e-03	1.964508555829531e-16	-4.213234205962961e-16	2.957834693272139e+05	1.528918278732452e+04	8.534704998557506e-03	3.764313946135071e+04	8.377803923206904e+03	8.532432434272647e+03	2.041210387851826e-17	-inf	
11	1.000000000000000e+00	2.000000000000000e-01	1.930750193448299e-03	6.603954805109208e-03	3.633431333582858e-16	-1.787157088983805e-16	2.957834693272139e+05	1.528918278732452e+04	8.534704998557506e-03	3.764313946135072e+04	8.377803923206904e+03	8.532432434272647e+03	1.777950580574353e-17	-inf	
12	0.000000000000000e+00	3.999999999999999e-01	1.930750193448298e-03	6.603954805109208e-03	-1.264197635464407e-15	0.000000000000000e+00	2.957834693272139e+05	1.528918278732452e+04	8.534704998557506e-03	3.764313946135071e+04	8.377803923206904e+03	8.532432434272647e+03	5.550971095578044e-17	-inf	
13	2.000000000000000e-01	3.999999999999999e-01	1.930750193448298e-03	6.603954805109208e-03	5.146042411024284e-16	0.000000000000000e+00	2.957834693272139e+05	1.528918278732452e+04	8.534704998557506e-03	3.764313946135071e+04	8.377803923206904e+03	8.532432434272647e+03	2.259578081691389e-17	-inf	
14	3.999999999999999e-01	4.000000000000001e-01	1.930750193448299e-03	6.603954805109208e-03	1.587644390337676e-16	0.000000000000000e+00	2.957834693272139e+05	1.528918278732452e+04	8.534704998557506e-03	3.764313946135072e+04	8.377803923206904e+03	8.532432434272647e+03	6.971194909396896e-18	-inf	
15	6.000000000000001e-01	4.000000000000000e-01	1.930750193448299e-03	6.603954805109208e-03	-5.748006515204951e-16	-9.094947017729280e-19	2.957834693272139e+05	1.528918278732452e+04	8.534704998557506e-03	3.764313946135072e+04	8.377803923206904e+03	8.532432434272647e+03	2.523897930930616e-17	-inf	
16	8.000000000000000e-01	4.000000000000000e-01	1.930750193448298e-03	6.603954805109208e-03	-2.157776179956276e-16	0.000000000000000e+00	2.957834693272139e+05	1.528918278732452e+04	8.534704998557506e-03	3.764313946135071e+04	8.377803923206904e+03	8.532432434272647e+03	9.474589154142841e-18	-inf	
17	1.000000000000000e+00	4.000000000000000e-01	1.930750193448298e-03	6.603954805109208e-03	0.000000000000000e+00	0.000000000000000e+00	2.957834693272139e+05	1.528918278732452e+04	8.534704998557506e-03	3.764313946135071e+04	8.377803923206904e+03	8.532432434272647e+03	0.000000000000000e+00	-inf	
18	0.000000000000000e+00	6.000000000000000e-01	1.930750193448298e-03	6.603954805109208e-03	9.767973097041071e-16	2.055458026006817e-16	2.957834693272139e+05	1.528918278732452e+04	8.534704998557506e-03	3.764313946135071e+04	8.377803923206904e+03	8.532432434272647e+03	4.382954297996354e-17	-inf	
19	2.000000000000000e-01	6.000000000000000e-01	1.930750193448298e-03	6.603954805109208e-03	6.709063736639079e-18	1.818989403545857e-18	2.957834693272139e+05	1.528918278732452e+04	8.534704998557506e-03	3.764313946135071e+04	8.377803923206904e+03	8.532432434272647e+03	3.052239563951977e-19	-inf	
20	4.000000000000001e-01	6.000000000000002e-01	1.930750193448298e-03	6.603954805109208e-03	0.000000000000000e+00	-2.073647920042278e-16	2.957834693272139e+05	1.528918278732452e+04	8.534704998557506e-03	3.764313946135071e+04	8.377803923206904e+03	8.532432434272647e+03	9.105189998501856e-18	-inf	
21	6.000000000000000e-01	6.000000000000001e-01	1.930750193448298e-03	6.603954805109208e-03	-6.709063736638662e-18	-2.196429704781627e-16	2.957834693272139e+05	1.528918278732452e+04	8.534704998557506e-03	3.764313946135071e+04	8.377803923206904e+03	8.532432434272647e+03	9.648811192089547e-18	-inf	
22	8.000000000000000e-01	6.000000000000001e-01	1.930750193448298e-03	6.603954805109208e-03	2.166871126974004e-16	-9.094947017729286e-19	2.957834693272139e+05	1.528918278732452e+04	8.534704998557506e-03	3.764313946135071e+04	8.377803923206904e+03	8.532432434272647e+03	9.514608006742964e-18	-inf	
23	1.000000000000000e+00	6.000000000000001e-01	1.930750193448299e-03	6.603954805109208e-03	1.150510797742763e-15	-9.094947017729280e-19	2.957834693272139e+05	1.528918278732452e+04	8.534704998557506e-03	3.764313946135072e+04	8.377803923206904e+03	8.532432434272647e+03	5.051784625874427e-17	-inf	
24	0.000000000000000e+00	8.000000000000000e-01	1.930750193448299e-03	6.603954805109208e-03	-3.274180926382563e-16	0.000000000000000e+00	2.957834693272139e+05	1.528918278732452e+04	8.534704998557506e-03	3.764313946135072e+04	8.377803923206904e+03	8.532432434272647e+03	1.437661578710828e-17	-inf	
25	2.000000000000000e-01	8.000000000000000e-01	1.930750193448298e-03	6.603954805109208e-03	-2.196429704781628e-16	5.643414624501031e-16	2.957834693272139e+05	1.528918278732452e+04	8.534704998557506e-03	3.764313946135071e+04	8.377803923206904e+03	8.532432434272647e+03	2.659033743580806e-17	-inf	
26	3.999999999999999e-01	8.000000000000000e-01	1.930750193448298e-03	6.603954805109208e-03	-9.094947017729284e-19	0.000000000000000e+00	2.957834693272139e+05	1.528918278732452e+04	8.534704998557506e-03	3.764313946135071e+04	8.377803923206904e+03	8.532432434272647e+03	3.993504385307829e-20	-inf	
27	6.000000000000000e-01	8.000000000000000e-01	1.930750193448298e-03	6.603954805109208e-03	0.000000000000000e+00	-6.120899342931882e-16	2.957834693272139e+05	1.528918278732452e+04	8.534704998557506e-03	3.764313946135071e+04	8.377803923206904e+03	8.532432434272647e+03	2.687628451312202e-17	-inf	
28	8.000000000000000e-01	8.000000000000000e-01	1.930750193448298e-03	6.603954805109208e-03	0.000000000000000e+00	2.066826709778974e-16	2.957834693272139e+05	1.528918278732452e+04	8.534704998557506e-03	3.764313946135071e+04	8.377803923206904e+03	8.532432434272647e+03	9.075238715612019e-18	-inf	
29	1.000000000000000e+00	8.000000000000000e-01	1.930750193448298e-03	6.603954805109208e-03	-8.153620001394067e-16	-1.923581294249757e-16	2.957834693272139e+05	1.528918278732452e+04	8.534704998557506e-03	3.764313946135071e+04	8.377803923206904e+03	8.532432434272647e+03	3.678458705755606e-17	-inf	
30	0.000000000000000e+00	1.000000000000000e+00	1.930750193448298e-03	6.603954805109208e-03	1.818989403545857e-18	-4.129105946049097e-16	2.957834693272139e+05	1.528918278732452e+04	8.534704998557506e-03	3.764313946135071e+04	8.377803923206904e+03	8.532432434272647e+03	1.813068583374736e-17	-inf	
31	2.000000000000000e-01	1.000000000000000e+00	1.930750193448298e-03	6.603954805109208e-03	0.000000000000000e+00	0.000000000000000e+00	2.957834693272139e+05	1.528918278732452e+04	8.534704998557506e-03	3.764313946135071e+04	8.377803923206904e+03	8.532432434272647e+03	0.000000000000000e+00	-inf	
32	3.999999999999999e-01	1.000000000000000e+00	1.930750193448298e-03	6.603954805109208e-03	0.000000000000000e+00	0.000000000000000e+00	2.957834693272139e+05	1.528918278732452e+04	8.534704998557506e-03	3.764313946135071e+04	8.377803923206904e+03	8.532432434272647e+03	0.000000000000000e+00	-inf	
33	6.000000000000000e-01	1.000000000000000e+00	1.930750193448298e-03	6.603954805109208e-03	2.180513547500596e-16	-5.661604518536454e-16	2.957834693272139e+05	1.528918278732452e+04	8.534704998557506e-03	3.764313946135071e+04	8.377803923206904e+03	8.532432434272647e+03	2.663958726834495e-17	-inf	
34	8.000000000000000e-01	1.000000000000000e+00	1.930750193448299e-03	6.603954805109208e-03	0.000000000000000e+00	2.755768946371923e-16	2.957834693272139e+05	1.528918278732452e+04	8.534704998557506e-03	3.764313946135072e+04	8.377803923206904e+03	8.532432434272647e+03	1.210031828748251e-17	-inf	
35	1.000000000000000e+00	1.000000000000000e+00	1.930750193448298e-03	6.603954805109208e-03	-4.342837200965733e-16	-2.728484105318752e-18	2.957834693272139e+05	1.528918278732452e+04	8.534704998557506e-03	3.764313946135071e+04	8.377803923206904e+03	8.532432434272647e+03	1.906935978732968e-17	-inf	
EXT_ITER= 7178
AOA= 0.000000000000000e+00
SIDESLIP_ANGLE= 0.000000000000000e+00
INITIAL_BCTHRUST= 4.000000000000000e+03
DCD_DCL_VALUE= 0.000000000000000e+00
DCMX_DCL_VALUE= 0.000000000000000e+00
DCMY_DCL_VALUE= 0.000000000000000e+00
DCMZ_DCL_VALUE= 0.000000000000000e+00
