"PointID"	"x"	"y"	"Density[0]"	"Density[1]"	"Momentum_x"	"Momentum_y"	"Energy"	"Electronic_Energy"	"Total_Density"	"Pressure"	"Temperature"	"Tve"	"Mach"	"C<sub>p</sub>"
0	0.000000000000000e+00	0.000000000000000e+00	2.147430892676739e-03	6.387274105880745e-03	0.000000000000000e+00	0.000000000000000e+00	2.957834693272139e+05	1.920303649970096e+04	8.534704998557484e-03	3.931573844047848e+04	8.877113942659240e+03	9.314374291145723e+03	0.000000000000000e+00	-inf	
1	2.000000000000000e-01	0.000000000000000e+00	2.147430892676739e-03	6.387274105880745e-03	0.000000000000000e+00	6.734808266628419e-16	2.957834693272139e+05	1.920303649970096e+04	8.534704998557484e-03	3.931573844047848e+04	8.877113942659240e+03	9.314374291145723e+03	2.899102633689085e-17	-inf	
2	4.000000000000000e-01	0.000000000000000e+00	2.147430892676739e-03	6.387274105880745e-03	0.000000000000000e+00	-5.366018740460277e-16	2.957834693272139e+05	1.920303649970096e+04	8.534704998557484e-03	3.931573844047848e+04	8.877113942659240e+03	9.314374291145723e+03	2.309885960670614e-17	-inf	
3	6.000000000000001e-01	0.000000000000000e+00	2.147430892676739e-03	6.387274105880745e-03	0.000000000000000e+00	-1.414264261256908e-16	2.957834693272139e+05	1.920303649970096e+04	8.534704998557484e-03	3.931573844047848e+04	8.877113942659240e+03	9.314374291145723e+03	6.087919777699690e-18	-inf	
4	8.000000000000000e-01	0.000000000000000e+00	2.147430892676739e-03	6.387274105880745e-03	1.562057150294997e-16	0.000000000000000e+00	2.957834693272139e+05	1.920303649970096e+04	8.534704998557484e-03	3.931573844047848e+04	8.877113942659240e+03	9.314374291145723e+03	6.724117182121628e-18	-inf	
5	1.000000000000000e+00	0.000000000000000e+00	2.147430892676739e-03	6.387274105880744e-03	2.560227585490772e-16	2.510205376893313e-16	2.957834693272139e+05	1.920303649970096e+04	8.534704998557484e-03	3.931573844047850e+04	8.877113942659242e+03	9.314374291145723e+03	1.543439230860106e-17	-inf	
6	0.000000000000000e+00	2.000000000000000e-01	2.147430892676739e-03	6.387274105880745e-03	0.000000000000000e+00	0.000000000000000e+00	2.957834693272139e+05	1.920303649970096e+04	8.534704998557484e-03	3.931573844047848e+04	8.877113942659240e+03	9.314374291145723e+03	0.000000000000000e+00	-inf	
7	2.000000000000000e-01	2.000000000000000e-01	2.147430892676739e-03	6.387274105880745e-03	-2.808064891723906e-16	-1.818989403545857e-18	2.957834693272139e+05	1.920303649970096e+04	8.534704998557484e-03	3.931573844047848e+04	8.877113942659240e+03	9.314374291145723e+03	1.208800428854450e-17	-inf	
8	4.000000000000000e-01	2.000000000000000e-01	2.147430892676739e-03	6.387274105880745e-03	-3.358309186296481e-16	1.580247044330455e-16	2.957834693272139e+05	1.920303649970096e+04	8.534704998557484e-03	3.931573844047848e+04	8.877113942659240e+03	9.314374291145723e+03	1.597683681269833e-17	-inf	
9	5.999999999999999e-01	2.000000000000000e-01	2.147430892676739e-03	6.387274105880745e-03	0.000000000000000e+00	2.344222593819726e-16	2.957834693272139e+05	1.920303649970096e+04	8.534704998557484e-03	3.931573844047848e+04	8.877113942659240e+03	9.314374291145723e+03	1.009106959937036e-17	-inf	
10	7.999999999999999e-01	2.000000000000000e-01	2.147430892676739e-03	6.387274105880745e-03	1.477928890381011e-16	-1.498392521170921e-16	2.957834693272139e+05	1.920303649970096e+04	8.534704998557484e-03	3.931573844047848e+04	8.877113942659240e+03	9.314374291145723e+03	9.059692343261214e-18	-inf	
11	1.000000000000000e+00	2.000000000000000e-01	2.147430892676739e-03	6.387274105880744e-03	2.569322532508512e-16	-1.236912794411174e-16	2.957834693272139e+05	1.920303649970096e+04	8.534704998557484e-03	3.931573844047850e+04	8.877113942659242e+03	9.314374291145723e+03	1.227496483890011e-17	-inf	
12	0.000000000000000e+00	3.999999999999999e-01	2.147430892676739e-03	6.387274105880745e-03	-7.526068657170800e-16	0.000000000000000e+00	2.957834693272139e+05	1.920303649970096e+04	8.534704998557484e-03	3.931573844047848e+04	8.877113942659240e+03	9.314374291145723e+03	3.239712936364215e-17	-inf	
13	2.000000000000000e-01	3.999999999999999e-01	2.147430892676739e-03	6.387274105880745e-03	3.006140560536984e-16	0.000000000000000e+00	2.957834693272139e+05	1.920303649970096e+04	8.534704998557484e-03	3.931573844047848e+04	8.877113942659240e+03	9.314374291145723e+03	1.294039810973759e-17	-inf	
14	3.999999999999999e-01	4.000000000000001e-01	2.147430892676739e-03	6.387274105880744e-03	1.057548161988474e-16	0.000000000000000e+00	2.957834693272139e+05	1.920303649970096e+04	8.534704998557484e-03	3.931573844047850e+04	8.877113942659242e+03	9.314374291145723e+03	4.552380023742989e-18	-inf	
15	6.000000000000001e-01	4.000000000000000e-01	2.147430892676739e-03	6.387274105880744e-03	-1.832631824072462e-16	-9.094947017729280e-19	2.957834693272139e+05	1.920303649970096e+04	8.534704998557484e-03	3.931573844047850e+04	8.877113942659242e+03	9.314374291145723e+03	7.888944962148975e-18	-inf	
16	8.000000000000000e-01	4.000000000000000e-01	2.147430892676739e-03	6.387274105880745e-03	-1.609805622138079e-16	0.000000000000000e+00	2.957834693272139e+05	1.920303649970096e+04	8.534704998557484e-03	3.931573844047848e+04	8.877113942659240e+03	9.314374291145723e+03	6.929657882011826e-18	-inf	
17	1.000000000000000e+00	4.000000000000000e-01	2.147430892676739e-03	6.387274105880745e-03	0.000000000000000e+00	0.000000000000000e+00	2.957834693272139e+05	1.920303649970096e+04	8.534704998557484e-03	3.931573844047848e+04	8.877113942659240e+03	9.314374291145723e+03	0.000000000000000e+00	-inf	
18	0.000000000000000e+00	6.000000000000000e-01	2.147430892676739e-03	6.387274105880745e-03	5.366018740460277e-16	1.562057150294996e-16	2.957834693272139e+05	1.920303649970096e+04	8.534704998557484e-03	3.931573844047848e+04	8.877113942659240e+03	9.314374291145723e+03	2.405766129550467e-17	-inf	
19	2.000000000000000e-01	6.000000000000000e-01	2.147430892676739e-03	6.387274105880745e-03	-1.972939552807006e-17	1.818989403545857e-18	2.957834693272139e+05	1.920303649970096e+04	8.534704998557484e-03	3.931573844047848e+04	8.877113942659240e+03	9.314374291145723e+03	8.528843459003638e-19	-inf	
20	4.000000000000001e-01	6.000000000000002e-01	2.147430892676739e-03	6.387274105880745e-03	0.000000000000000e+00	-1.580247044330457e-16	2.957834693272139e+05	1.920303649970096e+04	8.534704998557484e-03	3.931573844047848e+04	8.877113942659240e+03	9.314374291145723e+03	6.802418401127416e-18	-inf	
21	6.000000000000000e-01	6.000000000000001e-01	2.147430892676739e-03	6.387274105880745e-03	1.972939552807024e-17	-1.655280357226728e-16	2.957834693272139e+05	1.920303649970096e+04	8.534704998557484e-03	3.931573844047848e+04	8.877113942659240e+03	9.314374291145723e+03	7.175845702159215e-18	-inf	
22	8.000000000000000e-01	6.000000000000001e-01	2.147430892676739e-03	6.387274105880745e-03	1.618900569155807e-16	-9.094947017729286e-19	2.957834693272139e+05	1.920303649970096e+04	8.534704998557484e-03	3.931573844047848e+04	8.877113942659240e+03	9.314374291145723e+03	6.968918464269184e-18	-inf	
23	1.000000000000000e+00	6.000000000000001e-01	2.147430892676739e-03	6.387274105880744e-03	3.674358595162654e-16	-9.094947017729280e-19	2.957834693272139e+05	1.920303649970096e+04	8.534704998557484e-03	3.931573844047850e+04	8.877113942659242e+03	9.314374291145723e+03	1.581689469281878e-17	-inf	
24	0.000000000000000e+00	8.000000000000000e-01	2.147430892676739e-03	6.387274105880744e-03	-2.187334757763904e-16	0.000000000000000e+00	2.957834693272139e+05	1.920303649970096e+04	8.534704998557484e-03	3.931573844047850e+04	8.877113942659242e+03	9.314374291145723e+03	9.415721585445515e-18	-inf	
25	2.000000000000000e-01	8.000000000000000e-01	2.147430892676739e-03	6.387274105880745e-03	-1.655280357226728e-16	2.798969944706177e-16	2.957834693272139e+05	1.920303649970096e+04	8.534704998557484e-03	3.931573844047848e+04	8.877113942659240e+03	9.314374291145723e+03	1.399786571839483e-17	-inf	
26	3.999999999999999e-01	8.000000000000000e-01	2.147430892676739e-03	6.387274105880745e-03	-9.094947017729284e-19	0.000000000000000e+00	2.957834693272139e+05	1.920303649970096e+04	8.534704998557484e-03	3.931573844047848e+04	8.877113942659240e+03	9.314374291145723e+03	3.915060950289177e-20	-inf	
27	6.000000000000000e-01	8.000000000000000e-01	2.147430892676739e-03	6.387274105880745e-03	0.000000000000000e+00	-2.794422471197313e-16	2.957834693272139e+05	1.920303649970096e+04	8.534704998557484e-03	3.931573844047848e+04	8.877113942659240e+03	9.314374291145723e+03	1.202902476976345e-17	-inf	
28	8.000000000000000e-01	8.000000000000000e-01	2.147430892676739e-03	6.387274105880745e-03	0.000000000000000e+00	1.555235940031696e-16	2.957834693272139e+05	1.920303649970096e+04	8.534704998557484e-03	3.931573844047848e+04	8.877113942659240e+03	9.314374291145723e+03	6.694754224994440e-18	-inf	
29	1.000000000000000e+00	8.000000000000000e-01	2.147430892676739e-03	6.387274105880745e-03	-1.396074367221449e-16	-1.482476363889881e-16	2.957834693272139e+05	1.920303649970096e+04	8.534704998557484e-03	3.931573844047848e+04	8.877113942659240e+03	9.314374291145723e+03	8.765824964848167e-18	-inf	
30	0.000000000000000e+00	1.000000000000000e+00	2.147430892676739e-03	6.387274105880745e-03	1.818989403545857e-18	-3.142304194625455e-16	2.957834693272139e+05	1.920303649970096e+04	8.534704998557484e-03	3.931573844047848e+04	8.877113942659240e+03	9.314374291145723e+03	1.352676221295401e-17	-inf	
31	2.000000000000000e-01	1.000000000000000e+00	2.147430892676739e-03	6.387274105880745e-03	0.000000000000000e+00	0.000000000000000e+00	2.957834693272139e+05	1.920303649970096e+04	8.534704998557484e-03	3.931573844047848e+04	8.877113942659240e+03	9.314374291145723e+03	0.000000000000000e+00	-inf	
32	3.999999999999999e-01	1.000000000000000e+00	2.147430892676739e-03	6.387274105880745e-03	0.000000000000000e+00	0.000000000000000e+00	2.957834693272139e+05	1.920303649970096e+04	8.534704998557484e-03	3.931573844047848e+04	8.877113942659240e+03	9.314374291145723e+03	0.000000000000000e+00	-inf	
33	6.000000000000000e-01	1.000000000000000e+00	2.147430892676739e-03	6.387274105880745e-03	1.632542989682398e-16	-1.155058271251618e-16	2.957834693272139e+05	1.920303649970096e+04	8.534704998557484e-03	3.931573844047848e+04	8.877113942659240e+03	9.314374291145723e+03	8.608617239393792e-18	-inf	
34	8.000000000000000e-01	1.000000000000000e+00	2.147430892676739e-03	6.387274105880744e-03	0.000000000000000e+00	4.733919922728092e-16	2.957834693272139e+05	1.920303649970096e+04	8.534704998557484e-03	3.931573844047850e+04	8.877113942659242e+03	9.314374291145723e+03	2.037789224625515e-17	-inf	
35	1.000000000000000e+00	1.000000000000000e+00	2.147430892676739e-03	6.387274105880745e-03	-3.246896085329337e-16	-2.478373062331260e-16	2.957834693272139e+05	1.920303649970096e+04	8.534704998557484e-03	3.931573844047848e+04	8.877113942659240e+03	9.314374291145723e+03	1.758316812507986e-17	-inf	
EXT_ITER= 2986
AOA= 0.000000000000000e+00
SIDESLIP_ANGLE= 0.000000000000000e+00
INITIAL_BCTHRUST= 4.000000000000000e+03
DCD_DCL_VALUE= 0.000000000000000e+00
DCMX_DCL_VALUE= 0.000000000000000e+00
DCMY_DCL_VALUE= 0.000000000000000e+00
DCMZ_DCL_VALUE= 0.000000000000000e+00
