"PointID"	"x"	"y"	"Density[0]"	"Density[1]"	"Momentum_x"	"Momentum_y"	"Energy"	"Electronic_Energy"	"Total_Density"	"Pressure"	"Temperature"	"Tve"	"Mach"	"C<sub>p</sub>"
0	0.000000000000000e+00	0.000000000000000e+00	1.984745860775333e-03	6.549959137782150e-03	0.000000000000000e+00	0.000000000000000e+00	2.957834693272139e+05	1.616582952623151e+04	8.534704998557482e-03	3.812458089331219e+04	8.515324799703167e+03	8.710469918007488e+03	0.000000000000000e+00	-inf	
1	2.000000000000000e-01	0.000000000000000e+00	1.984745860775333e-03	6.549959137782150e-03	0.000000000000000e+00	1.130047166952866e-15	2.957834693272139e+05	1.616582952623151e+04	8.534704998557482e-03	3.812458089331219e+04	8.515324799703167e+03	8.710469918007488e+03	4.932822319162729e-17	-inf	
2	4.000000000000000e-01	0.000000000000000e+00	1.984745860775333e-03	6.549959137782150e-03	0.000000000000000e+00	-8.426468411925923e-16	2.957834693272139e+05	1.616582952623151e+04	8.534704998557482e-03	3.812458089331219e+04	8.515324799703167e+03	8.710469918007488e+03	3.678277568373536e-17	-inf	
3	6.000000000000001e-01	0.000000000000000e+00	1.984745860775333e-03	6.549959137782150e-03	0.000000000000000e+00	-5.657057045027589e-16	2.957834693272139e+05	1.616582952623151e+04	8.534704998557482e-03	3.812458089331219e+04	8.515324799703167e+03	8.710469918007488e+03	2.469388718325310e-17	-inf	
4	8.000000000000000e-01	0.000000000000000e+00	1.984745860775333e-03	6.549959137782150e-03	9.026734915096260e-17	0.000000000000000e+00	2.957834693272139e+05	1.616582952623151e+04	8.534704998557482e-03	3.812458089331219e+04	8.515324799703167e+03	8.710469918007488e+03	3.940302737842229e-18	-inf	
5	1.000000000000000e+00	0.000000000000000e+00	1.984745860775334e-03	6.549959137782150e-03	1.195985532831373e-16	1.118678483180699e-16	2.957834693272139e+05	1.616582952623151e+04	8.534704998557484e-03	3.812458089331217e+04	8.515324799703163e+03	8.710469918007488e+03	7.148484050398592e-18	-inf	
6	0.000000000000000e+00	2.000000000000000e-01	1.984745860775333e-03	6.549959137782150e-03	0.000000000000000e+00	0.000000000000000e+00	2.957834693272139e+05	1.616582952623151e+04	8.534704998557482e-03	3.812458089331219e+04	8.515324799703167e+03	8.710469918007488e+03	0.000000000000000e+00	-inf	
7	2.000000000000000e-01	2.000000000000000e-01	1.984745860775333e-03	6.549959137782150e-03	-4.388311936054236e-16	-1.818989403545857e-18	2.957834693272139e+05	1.616582952623151e+04	8.534704998557482e-03	3.812458089331219e+04	8.515324799703167e+03	8.710469918007488e+03	1.915579248160965e-17	-inf	
8	4.000000000000000e-01	2.000000000000000e-01	1.984745860775333e-03	6.549959137782150e-03	-5.641140887746599e-16	9.208633855450841e-17	2.957834693272139e+05	1.616582952623151e+04	8.534704998557482e-03	3.812458089331219e+04	8.515324799703167e+03	8.710469918007488e+03	2.495034329543694e-17	-inf	
9	5.999999999999999e-01	2.000000000000000e-01	1.984745860775333e-03	6.549959137782150e-03	0.000000000000000e+00	3.769855538848885e-16	2.957834693272139e+05	1.616582952623151e+04	8.534704998557482e-03	3.812458089331219e+04	8.515324799703167e+03	8.710469918007488e+03	1.645597465829376e-17	-inf	
10	7.999999999999999e-01	2.000000000000000e-01	1.984745860775333e-03	6.549959137782150e-03	7.912603905424511e-17	-2.944489096989833e-16	2.957834693272139e+05	1.616582952623151e+04	8.534704998557482e-03	3.812458089331219e+04	8.515324799703167e+03	8.710469918007488e+03	1.330912507184433e-17	-inf	
11	1.000000000000000e+00	2.000000000000000e-01	1.984745860775334e-03	6.549959137782150e-03	1.341504685115061e-16	-5.911715561523947e-17	2.957834693272139e+05	1.616582952623151e+04	8.534704998557484e-03	3.812458089331217e+04	8.515324799703163e+03	8.710469918007488e+03	6.399250277141041e-18	-inf	
12	0.000000000000000e+00	3.999999999999999e-01	1.984745860775333e-03	6.549959137782150e-03	-1.253738446394000e-15	0.000000000000000e+00	2.957834693272139e+05	1.616582952623151e+04	8.534704998557482e-03	3.812458089331219e+04	8.515324799703167e+03	8.710469918007488e+03	5.472752971401135e-17	-inf	
13	2.000000000000000e-01	3.999999999999999e-01	1.984745860775333e-03	6.549959137782150e-03	3.794557903510384e-16	0.000000000000000e+00	2.957834693272139e+05	1.616582952623151e+04	8.534704998557482e-03	3.812458089331219e+04	8.515324799703167e+03	8.710469918007488e+03	1.656380411825065e-17	-inf	
14	3.999999999999999e-01	4.000000000000001e-01	1.984745860775334e-03	6.549959137782150e-03	7.295607585356018e-17	0.000000000000000e+00	2.957834693272139e+05	1.616582952623151e+04	8.534704998557484e-03	3.812458089331217e+04	8.515324799703163e+03	8.710469918007488e+03	3.184640162050698e-18	-inf	
15	6.000000000000001e-01	4.000000000000000e-01	1.984745860775334e-03	6.549959137782150e-03	-3.312834451207979e-16	-9.094947017729280e-19	2.957834693272139e+05	1.616582952623151e+04	8.534704998557484e-03	3.812458089331217e+04	8.515324799703163e+03	8.710469918007488e+03	1.446106479635083e-17	-inf	
16	8.000000000000000e-01	4.000000000000000e-01	1.984745860775333e-03	6.549959137782150e-03	-1.002717908704653e-16	0.000000000000000e+00	2.957834693272139e+05	1.616582952623151e+04	8.534704998557482e-03	3.812458089331219e+04	8.515324799703167e+03	8.710469918007488e+03	4.377011353623255e-18	-inf	
17	1.000000000000000e+00	4.000000000000000e-01	1.984745860775333e-03	6.549959137782150e-03	0.000000000000000e+00	0.000000000000000e+00	2.957834693272139e+05	1.616582952623151e+04	8.534704998557482e-03	3.812458089331219e+04	8.515324799703167e+03	8.710469918007488e+03	0.000000000000000e+00	-inf	
18	0.000000000000000e+00	6.000000000000000e-01	1.984745860775333e-03	6.549959137782150e-03	8.426468411925923e-16	9.026734915096254e-17	2.957834693272139e+05	1.616582952623151e+04	8.534704998557482e-03	3.812458089331219e+04	8.515324799703167e+03	8.710469918007488e+03	3.699322333436005e-17	-inf	
19	2.000000000000000e-01	6.000000000000000e-01	1.984745860775333e-03	6.549959137782150e-03	6.532088660421300e-18	1.818989403545857e-18	2.957834693272139e+05	1.616582952623151e+04	8.534704998557482e-03	3.812458089331219e+04	8.515324799703167e+03	8.710469918007488e+03	2.959843622779863e-19	-inf	
20	4.000000000000001e-01	6.000000000000002e-01	1.984745860775333e-03	6.549959137782150e-03	0.000000000000000e+00	-9.208633855450856e-17	2.957834693272139e+05	1.616582952623151e+04	8.534704998557482e-03	3.812458089331219e+04	8.515324799703167e+03	8.710469918007488e+03	4.019704304347871e-18	-inf	
21	6.000000000000000e-01	6.000000000000001e-01	1.984745860775333e-03	6.549959137782150e-03	-6.532088660420944e-18	-9.595169103704392e-17	2.957834693272139e+05	1.616582952623151e+04	8.534704998557482e-03	3.812458089331219e+04	8.515324799703167e+03	8.710469918007488e+03	4.198126970039468e-18	-inf	
22	8.000000000000000e-01	6.000000000000001e-01	1.984745860775333e-03	6.549959137782150e-03	1.011812855722380e-16	-9.094947017729286e-19	2.957834693272139e+05	1.616582952623151e+04	8.534704998557482e-03	3.812458089331219e+04	8.515324799703167e+03	8.710469918007488e+03	4.416890563758539e-18	-inf	
23	1.000000000000000e+00	6.000000000000001e-01	1.984745860775334e-03	6.549959137782150e-03	6.634763849433688e-16	-9.094947017729280e-19	2.957834693272139e+05	1.616582952623151e+04	8.534704998557484e-03	3.812458089331217e+04	8.515324799703163e+03	8.710469918007488e+03	2.896174859387413e-17	-inf	
24	0.000000000000000e+00	8.000000000000000e-01	1.984745860775334e-03	6.549959137782150e-03	-1.082298695109795e-16	0.000000000000000e+00	2.957834693272139e+05	1.616582952623151e+04	8.534704998557484e-03	3.812458089331217e+04	8.515324799703163e+03	8.710469918007488e+03	4.724393207085465e-18	-inf	
25	2.000000000000000e-01	8.000000000000000e-01	1.984745860775333e-03	6.549959137782150e-03	-9.595169103704397e-17	4.379216989036507e-16	2.957834693272139e+05	1.616582952623151e+04	8.534704998557482e-03	3.812458089331219e+04	8.515324799703167e+03	8.710469918007488e+03	1.956940566804054e-17	-inf	
26	3.999999999999999e-01	8.000000000000000e-01	1.984745860775333e-03	6.549959137782150e-03	-9.094947017729284e-19	0.000000000000000e+00	2.957834693272139e+05	1.616582952623151e+04	8.534704998557482e-03	3.812458089331219e+04	8.515324799703167e+03	8.710469918007488e+03	3.970078325281866e-20	-inf	
27	6.000000000000000e-01	8.000000000000000e-01	1.984745860775333e-03	6.549959137782150e-03	0.000000000000000e+00	-5.290985427563975e-16	2.957834693272139e+05	1.616582952623151e+04	8.534704998557482e-03	3.812458089331219e+04	8.515324799703167e+03	8.710469918007488e+03	2.309593065732710e-17	-inf	
28	8.000000000000000e-01	8.000000000000000e-01	1.984745860775333e-03	6.549959137782150e-03	0.000000000000000e+00	9.003997547551904e-17	2.957834693272139e+05	1.616582952623151e+04	8.534704998557482e-03	3.812458089331219e+04	8.515324799703167e+03	8.710469918007488e+03	3.930377542029010e-18	-inf	
29	1.000000000000000e+00	8.000000000000000e-01	1.984745860775333e-03	6.549959137782150e-03	-5.638867150992132e-16	-7.707967597525667e-17	2.957834693272139e+05	1.616582952623151e+04	8.534704998557482e-03	3.812458089331219e+04	8.515324799703167e+03	8.710469918007488e+03	2.484338370266072e-17	-inf	
30	0.000000000000000e+00	1.000000000000000e+00	1.984745860775333e-03	6.549959137782150e-03	1.818989403545857e-18	-1.823536877054713e-16	2.957834693272139e+05	1.616582952623151e+04	8.534704998557482e-03	3.812458089331219e+04	8.515324799703167e+03	8.710469918007488e+03	7.960403050127527e-18	-inf	
31	2.000000000000000e-01	1.000000000000000e+00	1.984745860775333e-03	6.549959137782150e-03	0.000000000000000e+00	0.000000000000000e+00	2.957834693272139e+05	1.616582952623151e+04	8.534704998557482e-03	3.812458089331219e+04	8.515324799703167e+03	8.710469918007488e+03	0.000000000000000e+00	-inf	
32	3.999999999999999e-01	1.000000000000000e+00	1.984745860775333e-03	6.549959137782150e-03	0.000000000000000e+00	0.000000000000000e+00	2.957834693272139e+05	1.616582952623151e+04	8.534704998557482e-03	3.812458089331219e+04	8.515324799703167e+03	8.710469918007488e+03	0.000000000000000e+00	-inf	
33	6.000000000000000e-01	1.000000000000000e+00	1.984745860775333e-03	6.549959137782150e-03	1.025455276248972e-16	-3.465174813754911e-16	2.957834693272139e+05	1.616582952623151e+04	8.534704998557482e-03	3.812458089331219e+04	8.515324799703167e+03	8.710469918007488e+03	1.577443379071220e-17	-inf	
34	8.000000000000000e-01	1.000000000000000e+00	1.984745860775334e-03	6.549959137782150e-03	0.000000000000000e+00	2.119122655130873e-16	2.957834693272139e+05	1.616582952623151e+04	8.534704998557484e-03	3.812458089331217e+04	8.515324799703163e+03	8.710469918007488e+03	9.250282497906532e-18	-inf	
35	1.000000000000000e+00	1.000000000000000e+00	1.984745860775333e-03	6.549959137782150e-03	-2.032720658462485e-16	-1.368789526168260e-16	2.957834693272139e+05	1.616582952623151e+04	8.534704998557482e-03	3.812458089331219e+04	8.515324799703167e+03	8.710469918007488e+03	1.069731692710343e-17	-inf	
EXT_ITER= 5694
AOA= 0.000000000000000e+00
SIDESLIP_ANGLE= 0.000000000000000e+00
INITIAL_BCTHRUST= 4.000000000000000e+03
DCD_DCL_VALUE= 0.000000000000000e+00
DCMX_DCL_VALUE= 0.000000000000000e+00
DCMY_DCL_VALUE= 0.000000000000000e+00
DCMZ_DCL_VALUE= 0.000000000000000e+00
