"PointID"	"x"	"y"	"Density[0]"	"Density[1]"	"Momentum_x"	"Momentum_y"	"Energy"	"Electronic_Energy"	"Total_Density"	"Pressure"	"Temperature"	"Tve"	"Mach"	"C<sub>p</sub>"
0	0.000000000000000e+00	0.000000000000000e+00	1.994406760249769e-03	6.540298238307710e-03	0.000000000000000e+00	0.000000000000000e+00	2.957834693272139e+05	1.632722575841514e+04	8.534704998557480e-03	3.820761242455736e+04	8.539339305193096e+03	8.742755487449733e+03	0.000000000000000e+00	-inf	
1	2.000000000000000e-01	0.000000000000000e+00	1.994406760249769e-03	6.540298238307710e-03	0.000000000000000e+00	1.104126567952334e-15	2.957834693272139e+05	1.632722575841514e+04	8.534704998557480e-03	3.820761242455736e+04	8.539339305193096e+03	8.742755487449733e+03	4.814841699826907e-17	-inf	
2	4.000000000000000e-01	0.000000000000000e+00	1.994406760249769e-03	6.540298238307710e-03	0.000000000000000e+00	-8.203642209991574e-16	2.957834693272139e+05	1.632722575841514e+04	8.534704998557480e-03	3.820761242455736e+04	8.539339305193096e+03	8.742755487449733e+03	3.577419450777388e-17	-inf	
3	6.000000000000001e-01	0.000000000000000e+00	1.994406760249769e-03	6.540298238307710e-03	0.000000000000000e+00	-5.325091478880499e-16	2.957834693272139e+05	1.632722575841514e+04	8.534704998557480e-03	3.820761242455736e+04	8.539339305193096e+03	8.742755487449733e+03	2.322149765443706e-17	-inf	
4	8.000000000000000e-01	0.000000000000000e+00	1.994406760249769e-03	6.540298238307710e-03	7.935341272968737e-17	0.000000000000000e+00	2.957834693272139e+05	1.632722575841514e+04	8.534704998557480e-03	3.820761242455736e+04	8.539339305193096e+03	8.742755487449733e+03	3.460419590691061e-18	-inf	
5	1.000000000000000e+00	0.000000000000000e+00	1.994406760249770e-03	6.540298238307710e-03	8.139977580867427e-17	1.355147105641666e-16	2.957834693272139e+05	1.632722575841514e+04	8.534704998557480e-03	3.820761242455733e+04	8.539339305193089e+03	8.742755487449731e+03	6.893625299235369e-18	-inf	
6	0.000000000000000e+00	2.000000000000000e-01	1.994406760249769e-03	6.540298238307710e-03	0.000000000000000e+00	0.000000000000000e+00	2.957834693272139e+05	1.632722575841514e+04	8.534704998557480e-03	3.820761242455736e+04	8.539339305193096e+03	8.742755487449733e+03	0.000000000000000e+00	-inf	
7	2.000000000000000e-01	2.000000000000000e-01	1.994406760249769e-03	6.540298238307710e-03	-4.185949364909776e-16	-1.818989403545857e-18	2.957834693272139e+05	1.632722575841514e+04	8.534704998557480e-03	3.820761242455736e+04	8.539339305193096e+03	8.742755487449733e+03	1.825413356647283e-17	-inf	
8	4.000000000000000e-01	2.000000000000000e-01	1.994406760249769e-03	6.540298238307710e-03	-5.511537892743939e-16	8.117240213323318e-17	2.957834693272139e+05	1.632722575841514e+04	8.534704998557480e-03	3.820761242455736e+04	8.539339305193096e+03	8.742755487449733e+03	2.429381083837147e-17	-inf	
9	5.999999999999999e-01	2.000000000000000e-01	1.994406760249769e-03	6.540298238307710e-03	0.000000000000000e+00	3.451532393228349e-16	2.957834693272139e+05	1.632722575841514e+04	8.534704998557480e-03	3.820761242455736e+04	8.539339305193096e+03	8.742755487449733e+03	1.505133793314958e-17	-inf	
10	7.999999999999999e-01	2.000000000000000e-01	1.994406760249769e-03	6.540298238307710e-03	6.525624485220795e-17	-2.833075996022659e-16	2.957834693272139e+05	1.632722575841514e+04	8.534704998557480e-03	3.820761242455736e+04	8.539339305193096e+03	8.742755487449733e+03	1.267788884438246e-17	-inf	
11	1.000000000000000e+00	2.000000000000000e-01	1.994406760249770e-03	6.540298238307710e-03	9.276845958083796e-17	-4.001776687800800e-17	2.957834693272139e+05	1.632722575841514e+04	8.534704998557480e-03	3.820761242455733e+04	8.539339305193089e+03	8.742755487449731e+03	4.405760716505623e-18	-inf	
12	0.000000000000000e+00	3.999999999999999e-01	1.994406760249769e-03	6.540298238307710e-03	-1.206444721901802e-15	0.000000000000000e+00	2.957834693272139e+05	1.632722575841514e+04	8.534704998557480e-03	3.820761242455736e+04	8.539339305193096e+03	8.742755487449733e+03	5.261027606936133e-17	-inf	
13	2.000000000000000e-01	3.999999999999999e-01	1.994406760249769e-03	6.540298238307710e-03	3.506839665840777e-16	0.000000000000000e+00	2.957834693272139e+05	1.632722575841514e+04	8.534704998557480e-03	3.820761242455736e+04	8.539339305193096e+03	8.742755487449733e+03	1.529252021261585e-17	-inf	
14	3.999999999999999e-01	4.000000000000001e-01	1.994406760249770e-03	6.540298238307710e-03	5.100546234989640e-17	0.000000000000000e+00	2.957834693272139e+05	1.632722575841514e+04	8.534704998557480e-03	3.820761242455733e+04	8.539339305193089e+03	8.742755487449731e+03	2.224230755507322e-18	-inf	
15	6.000000000000001e-01	4.000000000000000e-01	1.994406760249770e-03	6.540298238307710e-03	-2.924025466200040e-16	-9.094947017729280e-19	2.957834693272139e+05	1.632722575841514e+04	8.534704998557480e-03	3.820761242455733e+04	8.539339305193089e+03	8.742755487449731e+03	1.275106338192765e-17	-inf	
16	8.000000000000000e-01	4.000000000000000e-01	1.994406760249769e-03	6.540298238307710e-03	-8.935785444919014e-17	0.000000000000000e+00	2.957834693272139e+05	1.632722575841514e+04	8.534704998557480e-03	3.820761242455736e+04	8.539339305193096e+03	8.742755487449733e+03	3.896690255420048e-18	-inf	
17	1.000000000000000e+00	4.000000000000000e-01	1.994406760249769e-03	6.540298238307710e-03	0.000000000000000e+00	0.000000000000000e+00	2.957834693272139e+05	1.632722575841514e+04	8.534704998557480e-03	3.820761242455736e+04	8.539339305193096e+03	8.742755487449733e+03	0.000000000000000e+00	-inf	
18	0.000000000000000e+00	6.000000000000000e-01	1.994406760249769e-03	6.540298238307710e-03	8.203642209991574e-16	7.935341272968730e-17	2.957834693272139e+05	1.632722575841514e+04	8.534704998557480e-03	3.820761242455736e+04	8.539339305193096e+03	8.742755487449733e+03	3.594116715444390e-17	-inf	
19	2.000000000000000e-01	6.000000000000000e-01	1.994406760249769e-03	6.540298238307710e-03	1.475181012267776e-19	1.818989403545857e-18	2.957834693272139e+05	1.632722575841514e+04	8.534704998557480e-03	3.820761242455736e+04	8.539339305193096e+03	8.742755487449733e+03	7.958236320509237e-20	-inf	
20	4.000000000000001e-01	6.000000000000002e-01	1.994406760249769e-03	6.540298238307710e-03	0.000000000000000e+00	-8.117240213323333e-17	2.957834693272139e+05	1.632722575841514e+04	8.534704998557480e-03	3.820761242455736e+04	8.539339305193096e+03	8.742755487449733e+03	3.539741529732695e-18	-inf	
21	6.000000000000000e-01	6.000000000000001e-01	1.994406760249769e-03	6.540298238307710e-03	-1.475181012264284e-19	-8.071765478234740e-17	2.957834693272139e+05	1.632722575841514e+04	8.534704998557480e-03	3.820761242455736e+04	8.539339305193096e+03	8.742755487449733e+03	3.519916923314817e-18	-inf	
22	8.000000000000000e-01	6.000000000000001e-01	1.994406760249769e-03	6.540298238307710e-03	9.026734915096286e-17	-9.094947017729286e-19	2.957834693272139e+05	1.632722575841514e+04	8.534704998557480e-03	3.820761242455736e+04	8.539339305193096e+03	8.742755487449733e+03	3.936551023243149e-18	-inf	
23	1.000000000000000e+00	6.000000000000001e-01	1.994406760249770e-03	6.540298238307710e-03	5.857145879417810e-16	-9.094947017729280e-19	2.957834693272139e+05	1.632722575841514e+04	8.534704998557480e-03	3.820761242455733e+04	8.539339305193089e+03	8.742755487449731e+03	2.554169516406501e-17	-inf	
24	0.000000000000000e+00	8.000000000000000e-01	1.994406760249770e-03	6.540298238307710e-03	-7.230482879094880e-17	0.000000000000000e+00	2.957834693272139e+05	1.632722575841514e+04	8.534704998557480e-03	3.820761242455733e+04	8.539339305193089e+03	8.742755487449731e+03	3.153047076904818e-18	-inf	
25	2.000000000000000e-01	8.000000000000000e-01	1.994406760249769e-03	6.540298238307710e-03	-8.071765478234744e-17	4.176854417892047e-16	2.957834693272139e+05	1.632722575841514e+04	8.534704998557480e-03	3.820761242455736e+04	8.539339305193096e+03	8.742755487449733e+03	1.855129395622640e-17	-inf	
26	3.999999999999999e-01	8.000000000000000e-01	1.994406760249769e-03	6.540298238307710e-03	-9.094947017729284e-19	0.000000000000000e+00	2.957834693272139e+05	1.632722575841514e+04	8.534704998557480e-03	3.820761242455736e+04	8.539339305193096e+03	8.742755487449733e+03	3.966096952081477e-20	-inf	
27	6.000000000000000e-01	8.000000000000000e-01	1.994406760249769e-03	6.540298238307710e-03	0.000000000000000e+00	-5.125002644490393e-16	2.957834693272139e+05	1.632722575841514e+04	8.534704998557480e-03	3.820761242455736e+04	8.539339305193096e+03	8.742755487449733e+03	2.234895632497887e-17	-inf	
28	8.000000000000000e-01	8.000000000000000e-01	1.994406760249769e-03	6.540298238307710e-03	0.000000000000000e+00	7.912603905424381e-17	2.957834693272139e+05	1.632722575841514e+04	8.534704998557480e-03	3.820761242455736e+04	8.539339305193096e+03	8.742755487449733e+03	3.450504348310843e-18	-inf	
29	1.000000000000000e+00	8.000000000000000e-01	1.994406760249769e-03	6.540298238307710e-03	-5.306901584845042e-16	-6.616573955398144e-17	2.957834693272139e+05	1.632722575841514e+04	8.534704998557480e-03	3.820761242455736e+04	8.539339305193096e+03	8.742755487449733e+03	2.332135197577854e-17	-inf	
30	0.000000000000000e+00	1.000000000000000e+00	1.994406760249769e-03	6.540298238307710e-03	1.818989403545857e-18	-1.605258148629209e-16	2.957834693272139e+05	1.632722575841514e+04	8.534704998557480e-03	3.820761242455736e+04	8.539339305193096e+03	8.742755487449733e+03	7.000610522083471e-18	-inf	
31	2.000000000000000e-01	1.000000000000000e+00	1.994406760249769e-03	6.540298238307710e-03	0.000000000000000e+00	0.000000000000000e+00	2.957834693272139e+05	1.632722575841514e+04	8.534704998557480e-03	3.820761242455736e+04	8.539339305193096e+03	8.742755487449733e+03	0.000000000000000e+00	-inf	
32	3.999999999999999e-01	1.000000000000000e+00	1.994406760249769e-03	6.540298238307710e-03	0.000000000000000e+00	0.000000000000000e+00	2.957834693272139e+05	1.632722575841514e+04	8.534704998557480e-03	3.820761242455736e+04	8.539339305193096e+03	8.742755487449733e+03	0.000000000000000e+00	-inf	
33	6.000000000000000e-01	1.000000000000000e+00	1.994406760249769e-03	6.540298238307710e-03	9.163159120362206e-17	-3.242348611820538e-16	2.957834693272139e+05	1.632722575841514e+04	8.534704998557480e-03	3.820761242455736e+04	8.539339305193096e+03	8.742755487449733e+03	1.469292058096577e-17	-inf	
34	8.000000000000000e-01	1.000000000000000e+00	1.994406760249770e-03	6.540298238307710e-03	0.000000000000000e+00	2.146407496184058e-16	2.957834693272139e+05	1.632722575841514e+04	8.534704998557480e-03	3.820761242455733e+04	8.539339305193089e+03	8.742755487449731e+03	9.359988806912056e-18	-inf	
35	1.000000000000000e+00	1.000000000000000e+00	1.994406760249769e-03	6.540298238307710e-03	-1.814441930036982e-16	-1.591615728102633e-16	2.957834693272139e+05	1.632722575841514e+04	8.534704998557480e-03	3.820761242455736e+04	8.539339305193096e+03	8.742755487449733e+03	1.052513136712370e-17	-inf	
EXT_ITER= 5468
AOA= 0.000000000000000e+00
SIDESLIP_ANGLE= 0.000000000000000e+00
INITIAL_BCTHRUST= 4.000000000000000e+03
DCD_DCL_VALUE= 0.000000000000000e+00
DCMX_DCL_VALUE= 0.000000000000000e+00
DCMY_DCL_VALUE= 0.000000000000000e+00
DCMZ_DCL_VALUE= 0.000000000000000e+00
