"PointID"	"x"	"y"	"Density[0]"	"Density[1]"	"Momentum_x"	"Momentum_y"	"Energy"	"Electronic_Energy"	"Total_Density"	"Pressure"	"Temperature"	"Tve"	"Mach"	"C<sub>p</sub>"
0	0.000000000000000e+00	0.000000000000000e+00	1.858811851367734e-03	6.675893147189772e-03	0.000000000000000e+00	0.000000000000000e+00	2.957834693272139e+05	1.417081316737331e+04	8.534704998557506e-03	3.696641166957159e+04	8.188281934362314e+03	8.302774241121111e+03	0.000000000000000e+00	-inf	
1	2.000000000000000e-01	0.000000000000000e+00	1.858811851367734e-03	6.675893147189772e-03	0.000000000000000e+00	1.511580194346660e-15	2.957834693272139e+05	1.417081316737331e+04	8.534704998557506e-03	3.696641166957159e+04	8.188281934362314e+03	8.302774241121111e+03	6.693495160487886e-17	-inf	
2	4.000000000000000e-01	0.000000000000000e+00	1.858811851367734e-03	6.675893147189772e-03	0.000000000000000e+00	-1.208263711305348e-15	2.957834693272139e+05	1.417081316737331e+04	8.534704998557506e-03	3.696641166957159e+04	8.188281934362314e+03	8.302774241121111e+03	5.350366017273128e-17	-inf	
3	6.000000000000001e-01	0.000000000000000e+00	1.858811851367734e-03	6.675893147189772e-03	0.000000000000000e+00	-1.253283699043117e-15	2.957834693272139e+05	1.417081316737331e+04	8.534704998557506e-03	3.696641166957159e+04	8.188281934362314e+03	8.302774241121111e+03	5.549721017540402e-17	-inf	
4	8.000000000000000e-01	0.000000000000000e+00	1.858811851367734e-03	6.675893147189772e-03	4.201865522190921e-16	0.000000000000000e+00	2.957834693272139e+05	1.417081316737331e+04	8.534704998557506e-03	3.696641166957159e+04	8.188281934362314e+03	8.302774241121111e+03	1.860646669160824e-17	-inf	
5	1.000000000000000e+00	0.000000000000000e+00	1.858811851367734e-03	6.675893147189772e-03	8.008100849110646e-16	-1.164153218269347e-16	2.957834693272139e+05	1.417081316737331e+04	8.534704998557506e-03	3.696641166957156e+04	8.188281934362308e+03	8.302774241121111e+03	3.583376580769617e-17	-inf	
6	0.000000000000000e+00	2.000000000000000e-01	1.858811851367734e-03	6.675893147189772e-03	0.000000000000000e+00	0.000000000000000e+00	2.957834693272139e+05	1.417081316737331e+04	8.534704998557506e-03	3.696641166957159e+04	8.188281934362314e+03	8.302774241121111e+03	0.000000000000000e+00	-inf	
7	2.000000000000000e-01	2.000000000000000e-01	1.858811851367734e-03	6.675893147189772e-03	-8.044480637181881e-16	-1.818989403545857e-18	2.957834693272139e+05	1.417081316737331e+04	8.534704998557506e-03	3.696641166957159e+04	8.188281934362314e+03	8.302774241121111e+03	3.562221182025187e-17	-inf	
8	4.000000000000000e-01	2.000000000000000e-01	1.858811851367734e-03	6.675893147189772e-03	-7.548806024715569e-16	4.220055416226379e-16	2.957834693272139e+05	1.417081316737331e+04	8.534704998557506e-03	3.696641166957159e+04	8.188281934362314e+03	8.302774241121111e+03	3.829598329267362e-17	-inf	
9	5.999999999999999e-01	2.000000000000000e-01	1.858811851367734e-03	6.675893147189772e-03	0.000000000000000e+00	1.066837285179640e-15	2.957834693272139e+05	1.417081316737331e+04	8.534704998557506e-03	3.696641166957159e+04	8.188281934362314e+03	8.302774241121111e+03	4.724109400271950e-17	-inf	
10	7.999999999999999e-01	2.000000000000000e-01	1.858811851367734e-03	6.675893147189772e-03	4.033609002362928e-16	-6.564278010046243e-16	2.957834693272139e+05	1.417081316737331e+04	8.534704998557506e-03	3.696641166957159e+04	8.188281934362314e+03	8.302774241121111e+03	3.411676019287919e-17	-inf	
11	1.000000000000000e+00	2.000000000000000e-01	1.858811851367734e-03	6.675893147189772e-03	7.930793799459949e-16	-3.956301952712241e-16	2.957834693272139e+05	1.417081316737331e+04	8.534704998557506e-03	3.696641166957156e+04	8.188281934362308e+03	8.302774241121111e+03	3.924590473249589e-17	-inf	
12	0.000000000000000e+00	3.999999999999999e-01	1.858811851367734e-03	6.675893147189772e-03	-1.253283699043161e-15	0.000000000000000e+00	2.957834693272139e+05	1.417081316737331e+04	8.534704998557506e-03	3.696641166957159e+04	8.188281934362314e+03	8.302774241121111e+03	5.549721017540597e-17	-inf	
13	2.000000000000000e-01	3.999999999999999e-01	1.858811851367734e-03	6.675893147189772e-03	8.038577383481403e-16	0.000000000000000e+00	2.957834693272139e+05	1.417081316737331e+04	8.534704998557506e-03	3.696641166957159e+04	8.188281934362314e+03	8.302774241121111e+03	3.559598029583633e-17	-inf	
14	3.999999999999999e-01	4.000000000000001e-01	1.858811851367734e-03	6.675893147189772e-03	3.234171621365862e-16	0.000000000000000e+00	2.957834693272139e+05	1.417081316737331e+04	8.534704998557506e-03	3.696641166957156e+04	8.188281934362308e+03	8.302774241121111e+03	1.432137849964117e-17	-inf	
15	6.000000000000001e-01	4.000000000000000e-01	1.858811851367734e-03	6.675893147189772e-03	-1.037733454722907e-15	-9.094947017729280e-19	2.957834693272139e+05	1.417081316737331e+04	8.534704998557506e-03	3.696641166957156e+04	8.188281934362308e+03	8.302774241121111e+03	4.595235205346783e-17	-inf	
16	8.000000000000000e-01	4.000000000000000e-01	1.858811851367734e-03	6.675893147189772e-03	-4.397406883072114e-16	0.000000000000000e+00	2.957834693272139e+05	1.417081316737331e+04	8.534704998557506e-03	3.696641166957159e+04	8.188281934362314e+03	8.302774241121111e+03	1.947235204630436e-17	-inf	
17	1.000000000000000e+00	4.000000000000000e-01	1.858811851367734e-03	6.675893147189772e-03	0.000000000000000e+00	0.000000000000000e+00	2.957834693272139e+05	1.417081316737331e+04	8.534704998557506e-03	3.696641166957159e+04	8.188281934362314e+03	8.302774241121111e+03	0.000000000000000e+00	-inf	
18	0.000000000000000e+00	6.000000000000000e-01	1.858811851367734e-03	6.675893147189772e-03	1.208263711305348e-15	4.201865522190920e-16	2.957834693272139e+05	1.417081316737331e+04	8.534704998557506e-03	3.696641166957159e+04	8.188281934362314e+03	8.302774241121111e+03	5.664664380724632e-17	-inf	
19	2.000000000000000e-01	6.000000000000000e-01	1.858811851367734e-03	6.675893147189772e-03	5.066054726102043e-17	1.818989403545857e-18	2.957834693272139e+05	1.417081316737331e+04	8.534704998557506e-03	3.696641166957159e+04	8.188281934362314e+03	8.302774241121111e+03	2.244767696041536e-18	-inf	
20	4.000000000000001e-01	6.000000000000002e-01	1.858811851367734e-03	6.675893147189772e-03	0.000000000000000e+00	-4.220055416226383e-16	2.957834693272139e+05	1.417081316737331e+04	8.534704998557506e-03	3.696641166957159e+04	8.188281934362314e+03	8.302774241121111e+03	1.868701416646370e-17	-inf	
21	6.000000000000000e-01	6.000000000000001e-01	1.858811851367734e-03	6.675893147189772e-03	-5.066054726101990e-17	-4.420144250616439e-16	2.957834693272139e+05	1.417081316737331e+04	8.534704998557506e-03	3.696641166957159e+04	8.188281934362314e+03	8.302774241121111e+03	1.970117376281944e-17	-inf	
22	8.000000000000000e-01	6.000000000000001e-01	1.858811851367734e-03	6.675893147189772e-03	8.503775461576845e-16	-9.094947017729286e-19	2.957834693272139e+05	1.417081316737331e+04	8.534704998557506e-03	3.696641166957159e+04	8.188281934362314e+03	8.302774241121111e+03	3.765596603167318e-17	-inf	
23	1.000000000000000e+00	6.000000000000001e-01	1.858811851367734e-03	6.675893147189772e-03	1.256921677850167e-15	-9.094947017729280e-19	2.957834693272139e+05	1.417081316737331e+04	8.534704998557506e-03	3.696641166957156e+04	8.188281934362308e+03	8.302774241121111e+03	5.565831969592789e-17	-inf	
24	0.000000000000000e+00	8.000000000000000e-01	1.858811851367734e-03	6.675893147189772e-03	-7.539711077697591e-16	0.000000000000000e+00	2.957834693272139e+05	1.417081316737331e+04	8.534704998557506e-03	3.696641166957156e+04	8.188281934362308e+03	8.302774241121111e+03	3.338692832758289e-17	-inf	
25	2.000000000000000e-01	8.000000000000000e-01	1.858811851367734e-03	6.675893147189772e-03	-4.420144250616440e-16	8.035385690164150e-16	2.957834693272139e+05	1.417081316737331e+04	8.534704998557506e-03	3.696641166957159e+04	8.188281934362314e+03	8.302774241121111e+03	4.060999372923659e-17	-inf	
26	3.999999999999999e-01	8.000000000000000e-01	1.858811851367734e-03	6.675893147189772e-03	-9.094947017729284e-19	0.000000000000000e+00	2.957834693272139e+05	1.417081316737331e+04	8.534704998557506e-03	3.696641166957159e+04	8.188281934362314e+03	8.302774241121111e+03	4.027373742772354e-20	-inf	
27	6.000000000000000e-01	8.000000000000000e-01	1.858811851367734e-03	6.675893147189772e-03	0.000000000000000e+00	-7.398739398923016e-16	2.957834693272139e+05	1.417081316737331e+04	8.534704998557506e-03	3.696641166957159e+04	8.188281934362314e+03	8.302774241121111e+03	3.276268539745418e-17	-inf	
28	8.000000000000000e-01	8.000000000000000e-01	1.858811851367734e-03	6.675893147189772e-03	0.000000000000000e+00	4.135927156312371e-16	2.957834693272139e+05	1.417081316737331e+04	8.534704998557506e-03	3.696641166957159e+04	8.188281934362314e+03	8.302774241121111e+03	1.831448209525719e-17	-inf	
29	1.000000000000000e+00	8.000000000000000e-01	1.858811851367734e-03	6.675893147189772e-03	-1.317857822869000e-15	-4.163211997365597e-16	2.957834693272139e+05	1.417081316737331e+04	8.534704998557506e-03	3.696641166957159e+04	8.188281934362314e+03	8.302774241121111e+03	6.119933403133309e-17	-inf	
30	0.000000000000000e+00	1.000000000000000e+00	1.858811851367734e-03	6.675893147189772e-03	1.818989403545857e-18	-8.421920938417302e-16	2.957834693272139e+05	1.417081316737331e+04	8.534704998557506e-03	3.696641166957159e+04	8.188281934362314e+03	8.302774241121111e+03	3.729356784228459e-17	-inf	
31	2.000000000000000e-01	1.000000000000000e+00	1.858811851367734e-03	6.675893147189772e-03	0.000000000000000e+00	0.000000000000000e+00	2.957834693272139e+05	1.417081316737331e+04	8.534704998557506e-03	3.696641166957159e+04	8.188281934362314e+03	8.302774241121111e+03	0.000000000000000e+00	-inf	
32	3.999999999999999e-01	1.000000000000000e+00	1.858811851367734e-03	6.675893147189772e-03	0.000000000000000e+00	0.000000000000000e+00	2.957834693272139e+05	1.417081316737331e+04	8.534704998557506e-03	3.696641166957159e+04	8.188281934362314e+03	8.302774241121111e+03	0.000000000000000e+00	-inf	
33	6.000000000000000e-01	1.000000000000000e+00	1.858811851367734e-03	6.675893147189772e-03	4.420144250616434e-16	-1.044554664986199e-15	2.957834693272139e+05	1.417081316737331e+04	8.534704998557506e-03	3.696641166957159e+04	8.188281934362314e+03	8.302774241121111e+03	5.022521389277370e-17	-inf	
34	8.000000000000000e-01	1.000000000000000e+00	1.858811851367734e-03	6.675893147189772e-03	0.000000000000000e+00	4.611138137988646e-16	2.957834693272139e+05	1.417081316737331e+04	8.534704998557506e-03	3.696641166957156e+04	8.188281934362308e+03	8.302774241121111e+03	2.041878487585540e-17	-inf	
35	1.000000000000000e+00	1.000000000000000e+00	1.858811851367734e-03	6.675893147189772e-03	-8.822098607197407e-16	8.594724931754156e-17	2.957834693272139e+05	1.417081316737331e+04	8.534704998557506e-03	3.696641166957159e+04	8.188281934362314e+03	8.302774241121111e+03	3.925047643027220e-17	-inf	
EXT_ITER= 9915
AOA= 0.000000000000000e+00
SIDESLIP_ANGLE= 0.000000000000000e+00
INITIAL_BCTHRUST= 4.000000000000000e+03
DCD_DCL_VALUE= 0.000000000000000e+00
DCMX_DCL_VALUE= 0.000000000000000e+00
DCMY_DCL_VALUE= 0.000000000000000e+00
DCMZ_DCL_VALUE= 0.000000000000000e+00
