"PointID"	"x"	"y"	"Density[0]"	"Density[1]"	"Momentum_x"	"Momentum_y"	"Energy"	"Electronic_Energy"	"Total_Density"	"Pressure"	"Temperature"	"Tve"	"Mach"	"C<sub>p</sub>"
0	0.000000000000000e+00	0.000000000000000e+00	2.162091026854801e-03	6.372613971702680e-03	0.000000000000000e+00	0.000000000000000e+00	2.957834693272139e+05	1.952370436146888e+04	8.534704998557482e-03	3.939332837316798e+04	8.903380147117796e+03	9.377103746534045e+03	0.000000000000000e+00	-inf	
1	2.000000000000000e-01	0.000000000000000e+00	2.162091026854801e-03	6.372613971702680e-03	0.000000000000000e+00	6.452864909078835e-16	2.957834693272139e+05	1.952370436146888e+04	8.534704998557482e-03	3.939332837316798e+04	8.903380147117796e+03	9.377103746534045e+03	2.775357795070799e-17	-inf	
2	4.000000000000000e-01	0.000000000000000e+00	2.162091026854801e-03	6.372613971702680e-03	0.000000000000000e+00	-5.125002644490471e-16	2.957834693272139e+05	1.952370436146888e+04	8.534704998557482e-03	3.939332837316798e+04	8.903380147117796e+03	9.377103746534045e+03	2.204248227656693e-17	-inf	
3	6.000000000000001e-01	0.000000000000000e+00	2.162091026854801e-03	6.372613971702680e-03	0.000000000000000e+00	-1.273292582482101e-16	2.957834693272139e+05	1.952370436146888e+04	8.534704998557482e-03	3.939332837316798e+04	8.903380147117796e+03	9.377103746534045e+03	5.476393112190526e-18	-inf	
4	8.000000000000000e-01	0.000000000000000e+00	2.162091026854801e-03	6.372613971702680e-03	2.189608494518318e-16	0.000000000000000e+00	2.957834693272139e+05	1.952370436146888e+04	8.534704998557482e-03	3.939332837316798e+04	8.903380147117796e+03	9.377103746534045e+03	9.417440298284738e-18	-inf	
5	1.000000000000000e+00	0.000000000000000e+00	2.162091026854802e-03	6.372613971702679e-03	3.747118171304441e-16	2.219167072325969e-16	2.957834693272139e+05	1.952370436146888e+04	8.534704998557480e-03	3.939332837316795e+04	8.903380147117792e+03	9.377103746534043e+03	1.873051275044403e-17	-inf	
6	0.000000000000000e+00	2.000000000000000e-01	2.162091026854801e-03	6.372613971702680e-03	0.000000000000000e+00	0.000000000000000e+00	2.957834693272139e+05	1.952370436146888e+04	8.534704998557482e-03	3.939332837316798e+04	8.903380147117796e+03	9.377103746534045e+03	0.000000000000000e+00	-inf	
7	2.000000000000000e-01	2.000000000000000e-01	2.162091026854801e-03	6.372613971702680e-03	-2.673914423212410e-16	-1.818989403545857e-18	2.957834693272139e+05	1.952370436146888e+04	8.534704998557482e-03	3.939332837316798e+04	8.903380147117796e+03	9.377103746534045e+03	1.150069163519951e-17	-inf	
8	4.000000000000000e-01	2.000000000000000e-01	2.162091026854801e-03	6.372613971702680e-03	-3.217337507521689e-16	2.207798388553776e-16	2.957834693272139e+05	1.952370436146888e+04	8.534704998557482e-03	3.939332837316798e+04	8.903380147117796e+03	9.377103746534045e+03	1.678240140867731e-17	-inf	
9	5.999999999999999e-01	2.000000000000000e-01	2.162091026854801e-03	6.372613971702680e-03	0.000000000000000e+00	2.869455784093589e-16	2.957834693272139e+05	1.952370436146888e+04	8.534704998557482e-03	3.939332837316798e+04	8.903380147117796e+03	9.377103746534045e+03	1.234144304925792e-17	-inf	
10	7.999999999999999e-01	2.000000000000000e-01	2.162091026854801e-03	6.372613971702680e-03	2.087290340568873e-16	-1.434727892046814e-16	2.957834693272139e+05	1.952370436146888e+04	8.534704998557482e-03	3.939332837316798e+04	8.903380147117796e+03	9.377103746534045e+03	1.089362336503201e-17	-inf	
11	1.000000000000000e+00	2.000000000000000e-01	2.162091026854802e-03	6.372613971702679e-03	3.774403012357638e-16	-1.839453034335737e-16	2.957834693272139e+05	1.952370436146888e+04	8.534704998557480e-03	3.939332837316795e+04	8.903380147117792e+03	9.377103746534043e+03	1.805880198727700e-17	-inf	
12	0.000000000000000e+00	3.999999999999999e-01	2.162091026854801e-03	6.372613971702680e-03	-7.189555617514845e-16	0.000000000000000e+00	2.957834693272139e+05	1.952370436146888e+04	8.534704998557482e-03	3.939332837316798e+04	8.903380147117796e+03	9.377103746534045e+03	3.092206253704652e-17	-inf	
13	2.000000000000000e-01	3.999999999999999e-01	2.162091026854801e-03	6.372613971702680e-03	3.537105202201651e-16	0.000000000000000e+00	2.957834693272139e+05	1.952370436146888e+04	8.534704998557482e-03	3.939332837316798e+04	8.903380147117796e+03	9.377103746534045e+03	1.521298312181340e-17	-inf	
14	3.999999999999999e-01	4.000000000000001e-01	2.162091026854802e-03	6.372613971702679e-03	1.656724906286114e-16	0.000000000000000e+00	2.957834693272139e+05	1.952370436146888e+04	8.534704998557480e-03	3.939332837316795e+04	8.903380147117792e+03	9.377103746534043e+03	7.125524007917725e-18	-inf	
15	6.000000000000001e-01	4.000000000000000e-01	2.162091026854802e-03	6.372613971702679e-03	-2.351043804083029e-16	-9.094947017729280e-19	2.957834693272139e+05	1.952370436146888e+04	8.534704998557480e-03	3.939332837316795e+04	8.903380147117792e+03	9.377103746534043e+03	1.011184437213005e-17	-inf	
16	8.000000000000000e-01	4.000000000000000e-01	2.162091026854801e-03	6.372613971702680e-03	-2.221440809080373e-16	0.000000000000000e+00	2.957834693272139e+05	1.952370436146888e+04	8.534704998557482e-03	3.939332837316798e+04	8.903380147117796e+03	9.377103746534045e+03	9.554350126089514e-18	-inf	
17	1.000000000000000e+00	4.000000000000000e-01	2.162091026854801e-03	6.372613971702680e-03	0.000000000000000e+00	0.000000000000000e+00	2.957834693272139e+05	1.952370436146888e+04	8.534704998557482e-03	3.939332837316798e+04	8.903380147117796e+03	9.377103746534045e+03	0.000000000000000e+00	-inf	
18	0.000000000000000e+00	6.000000000000000e-01	2.162091026854801e-03	6.372613971702680e-03	5.125002644490471e-16	2.189608494518317e-16	2.957834693272139e+05	1.952370436146888e+04	8.534704998557482e-03	3.939332837316798e+04	8.903380147117796e+03	9.377103746534045e+03	2.396996467841629e-17	-inf	
19	2.000000000000000e-01	6.000000000000000e-01	2.162091026854801e-03	6.372613971702680e-03	-2.040209465345507e-17	1.818989403545857e-18	2.957834693272139e+05	1.952370436146888e+04	8.534704998557482e-03	3.939332837316798e+04	8.903380147117796e+03	9.377103746534045e+03	8.809686158013802e-19	-inf	
20	4.000000000000001e-01	6.000000000000002e-01	2.162091026854801e-03	6.372613971702680e-03	0.000000000000000e+00	-2.207798388553778e-16	2.957834693272139e+05	1.952370436146888e+04	8.534704998557482e-03	3.939332837316798e+04	8.903380147117796e+03	9.377103746534045e+03	9.495674485601750e-18	-inf	
21	6.000000000000000e-01	6.000000000000001e-01	2.162091026854801e-03	6.372613971702680e-03	2.040209465345521e-17	-2.250999386887995e-16	2.957834693272139e+05	1.952370436146888e+04	8.534704998557482e-03	3.939332837316798e+04	8.903380147117796e+03	9.377103746534045e+03	9.721165222362119e-18	-inf	
22	8.000000000000000e-01	6.000000000000001e-01	2.162091026854801e-03	6.372613971702680e-03	2.230535756098101e-16	-9.094947017729286e-19	2.957834693272139e+05	1.952370436146888e+04	8.534704998557482e-03	3.939332837316798e+04	8.903380147117796e+03	9.377103746534045e+03	9.593546968842956e-18	-inf	
23	1.000000000000000e+00	6.000000000000001e-01	2.162091026854802e-03	6.372613971702679e-03	4.711182555183788e-16	-9.094947017729280e-19	2.957834693272139e+05	1.952370436146888e+04	8.534704998557480e-03	3.939332837316795e+04	8.903380147117792e+03	9.377103746534043e+03	2.026269227288224e-17	-inf	
24	0.000000000000000e+00	8.000000000000000e-01	2.162091026854802e-03	6.372613971702679e-03	-3.396962711121897e-16	0.000000000000000e+00	2.957834693272139e+05	1.952370436146888e+04	8.534704998557480e-03	3.939332837316795e+04	8.903380147117792e+03	9.377103746534043e+03	1.461023448145118e-17	-inf	
25	2.000000000000000e-01	8.000000000000000e-01	2.162091026854801e-03	6.372613971702680e-03	-2.250999386887995e-16	2.664819476194681e-16	2.957834693272139e+05	1.952370436146888e+04	8.534704998557482e-03	3.939332837316798e+04	8.903380147117796e+03	9.377103746534045e+03	1.500308832766849e-17	-inf	
26	3.999999999999999e-01	8.000000000000000e-01	2.162091026854801e-03	6.372613971702680e-03	-9.094947017729284e-19	0.000000000000000e+00	2.957834693272139e+05	1.952370436146888e+04	8.534704998557482e-03	3.939332837316798e+04	8.903380147117796e+03	9.377103746534045e+03	3.911709365850372e-20	-inf	
27	6.000000000000000e-01	8.000000000000000e-01	2.162091026854801e-03	6.372613971702680e-03	0.000000000000000e+00	-2.660272002685817e-16	2.957834693272139e+05	1.952370436146888e+04	8.534704998557482e-03	3.939332837316798e+04	8.903380147117796e+03	9.377103746534045e+03	1.144174989511234e-17	-inf	
28	8.000000000000000e-01	8.000000000000000e-01	2.162091026854801e-03	6.372613971702680e-03	0.000000000000000e+00	2.166871126973990e-16	2.957834693272139e+05	1.952370436146888e+04	8.534704998557482e-03	3.939332837316798e+04	8.903380147117796e+03	9.377103746534045e+03	9.319647564138458e-18	-inf	
29	1.000000000000000e+00	8.000000000000000e-01	2.162091026854801e-03	6.372613971702680e-03	-1.255102688446642e-16	-2.091837814077743e-16	2.957834693272139e+05	1.952370436146888e+04	8.534704998557482e-03	3.939332837316798e+04	8.903380147117796e+03	9.377103746534045e+03	1.049213500388912e-17	-inf	
30	0.000000000000000e+00	1.000000000000000e+00	2.162091026854801e-03	6.372613971702680e-03	1.818989403545857e-18	-4.397406883072097e-16	2.957834693272139e+05	1.952370436146888e+04	8.534704998557482e-03	3.939332837316798e+04	8.903380147117796e+03	9.377103746534045e+03	1.891327659123429e-17	-inf	
31	2.000000000000000e-01	1.000000000000000e+00	2.162091026854801e-03	6.372613971702680e-03	0.000000000000000e+00	0.000000000000000e+00	2.957834693272139e+05	1.952370436146888e+04	8.534704998557482e-03	3.939332837316798e+04	8.903380147117796e+03	9.377103746534045e+03	0.000000000000000e+00	-inf	
32	3.999999999999999e-01	1.000000000000000e+00	2.162091026854801e-03	6.372613971702680e-03	0.000000000000000e+00	0.000000000000000e+00	2.957834693272139e+05	1.952370436146888e+04	8.534704998557482e-03	3.939332837316798e+04	8.903380147117796e+03	9.377103746534045e+03	0.000000000000000e+00	-inf	
33	6.000000000000000e-01	1.000000000000000e+00	2.162091026854801e-03	6.372613971702680e-03	2.244178176624692e-16	-1.041371433530001e-16	2.957834693272139e+05	1.952370436146888e+04	8.534704998557482e-03	3.939332837316798e+04	8.903380147117796e+03	9.377103746534045e+03	1.064069883582332e-17	-inf	
34	8.000000000000000e-01	1.000000000000000e+00	2.162091026854802e-03	6.372613971702679e-03	0.000000000000000e+00	5.643414624501010e-16	2.957834693272139e+05	1.952370436146888e+04	8.534704998557480e-03	3.939332837316795e+04	8.903380147117792e+03	9.377103746534043e+03	2.427215661510152e-17	-inf	
35	1.000000000000000e+00	1.000000000000000e+00	2.162091026854801e-03	6.372613971702680e-03	-4.470166459213925e-16	-2.169144863728457e-16	2.957834693272139e+05	1.952370436146888e+04	8.534704998557482e-03	3.939332837316798e+04	8.903380147117796e+03	9.377103746534045e+03	2.137005528005885e-17	-inf	
EXT_ITER= 2828
AOA= 0.000000000000000e+00
SIDESLIP_ANGLE= 0.000000000000000e+00
INITIAL_BCTHRUST= 4.000000000000000e+03
DCD_DCL_VALUE= 0.000000000000000e+00
DCMX_DCL_VALUE= 0.000000000000000e+00
DCMY_DCL_VALUE= 0.000000000000000e+00
DCMZ_DCL_VALUE= 0.000000000000000e+00
