"PointID"	"x"	"y"	"Density[0]"	"Density[1]"	"Momentum_x"	"Momentum_y"	"Energy"	"Electronic_Energy"	"Total_Density"	"Pressure"	"Temperature"	"Tve"	"Mach"	"C<sub>p</sub>"
0	0.000000000000000e+00	0.000000000000000e+00	1.950116354264675e-03	6.584588644292823e-03	0.000000000000000e+00	0.000000000000000e+00	2.957834693272139e+05	1.559925048520265e+04	8.534704998557498e-03	3.781883664054733e+04	8.427687975813074e+03	8.595739074899355e+03	0.000000000000000e+00	-inf	
1	2.000000000000000e-01	0.000000000000000e+00	1.950116354264675e-03	6.584588644292823e-03	0.000000000000000e+00	1.211901690112440e-15	2.957834693272139e+05	1.559925048520265e+04	8.534704998557498e-03	3.781883664054733e+04	8.427687975813074e+03	8.595739074899355e+03	5.309865279574545e-17	-inf	
2	4.000000000000000e-01	0.000000000000000e+00	1.950116354264675e-03	6.584588644292823e-03	0.000000000000000e+00	-9.267751011065894e-16	2.957834693272139e+05	1.559925048520265e+04	8.534704998557498e-03	3.781883664054733e+04	8.427687975813074e+03	8.595739074899355e+03	4.060602416424959e-17	-inf	
3	6.000000000000001e-01	0.000000000000000e+00	1.950116354264675e-03	6.584588644292823e-03	0.000000000000000e+00	-7.180460670497116e-16	2.957834693272139e+05	1.559925048520265e+04	8.534704998557498e-03	3.781883664054733e+04	8.427687975813074e+03	8.595739074899355e+03	3.146070272588344e-17	-inf	
4	8.000000000000000e-01	0.000000000000000e+00	1.950116354264675e-03	6.584588644292823e-03	1.657554093981160e-16	0.000000000000000e+00	2.957834693272139e+05	1.559925048520265e+04	8.534704998557498e-03	3.781883664054733e+04	8.427687975813074e+03	8.595739074899355e+03	7.262461142232262e-18	-inf	
5	1.000000000000000e+00	0.000000000000000e+00	1.950116354264675e-03	6.584588644292823e-03	2.478373062331207e-16	2.091837814077735e-17	2.957834693272139e+05	1.559925048520266e+04	8.534704998557498e-03	3.781883664054735e+04	8.427687975813078e+03	8.595739074899355e+03	1.089743430657505e-17	-inf	
6	0.000000000000000e+00	2.000000000000000e-01	1.950116354264675e-03	6.584588644292823e-03	0.000000000000000e+00	0.000000000000000e+00	2.957834693272139e+05	1.559925048520265e+04	8.534704998557498e-03	3.781883664054733e+04	8.427687975813074e+03	8.595739074899355e+03	0.000000000000000e+00	-inf	
7	2.000000000000000e-01	2.000000000000000e-01	1.950116354264675e-03	6.584588644292823e-03	-5.184119800105642e-16	-1.818989403545857e-18	2.957834693272139e+05	1.559925048520265e+04	8.534704998557498e-03	3.781883664054733e+04	8.427687975813074e+03	8.595739074899355e+03	2.271401005933455e-17	-inf	
8	4.000000000000000e-01	2.000000000000000e-01	1.950116354264675e-03	6.584588644292823e-03	-6.050413503544471e-16	1.675743988016618e-16	2.957834693272139e+05	1.559925048520265e+04	8.534704998557498e-03	3.781883664054733e+04	8.427687975813074e+03	8.595739074899355e+03	2.750744799609329e-17	-inf	
9	5.999999999999999e-01	2.000000000000000e-01	1.950116354264675e-03	6.584588644292823e-03	0.000000000000000e+00	5.315996531862846e-16	2.957834693272139e+05	1.559925048520265e+04	8.534704998557498e-03	3.781883664054733e+04	8.427687975813074e+03	8.595739074899355e+03	2.329167921884678e-17	-inf	
10	7.999999999999999e-01	2.000000000000000e-01	1.950116354264675e-03	6.584588644292823e-03	1.537046045996253e-16	-3.658442437881522e-16	2.957834693272139e+05	1.559925048520265e+04	8.534704998557498e-03	3.781883664054733e+04	8.427687975813074e+03	8.595739074899355e+03	1.738645529820047e-17	-inf	
11	1.000000000000000e+00	2.000000000000000e-01	1.950116354264675e-03	6.584588644292823e-03	2.532942744437603e-16	-1.232365320902312e-16	2.957834693272139e+05	1.559925048520266e+04	8.534704998557498e-03	3.781883664054735e+04	8.427687975813078e+03	8.595739074899355e+03	1.234174387262283e-17	-inf	
12	0.000000000000000e+00	3.999999999999999e-01	1.950116354264675e-03	6.584588644292823e-03	-1.267380866920606e-15	0.000000000000000e+00	2.957834693272139e+05	1.559925048520265e+04	8.534704998557498e-03	3.781883664054733e+04	8.427687975813074e+03	8.595739074899355e+03	5.552943540027938e-17	-inf	
13	2.000000000000000e-01	3.999999999999999e-01	1.950116354264675e-03	6.584588644292823e-03	4.582959579221008e-16	0.000000000000000e+00	2.957834693272139e+05	1.559925048520265e+04	8.534704998557498e-03	3.781883664054733e+04	8.427687975813074e+03	8.595739074899355e+03	2.007992739505249e-17	-inf	
14	3.999999999999999e-01	4.000000000000001e-01	1.950116354264675e-03	6.584588644292823e-03	1.272398864767538e-16	0.000000000000000e+00	2.957834693272139e+05	1.559925048520266e+04	8.534704998557498e-03	3.781883664054735e+04	8.427687975813078e+03	8.595739074899355e+03	5.574929558166034e-18	-inf	
15	6.000000000000001e-01	4.000000000000000e-01	1.950116354264675e-03	6.584588644292823e-03	-4.738467396237049e-16	-9.094947017729280e-19	2.957834693272139e+05	1.559925048520266e+04	8.534704998557498e-03	3.781883664054735e+04	8.427687975813078e+03	8.595739074899355e+03	2.076131261908943e-17	-inf	
16	8.000000000000000e-01	4.000000000000000e-01	1.950116354264675e-03	6.584588644292823e-03	-1.725766196614132e-16	0.000000000000000e+00	2.957834693272139e+05	1.559925048520265e+04	8.534704998557498e-03	3.781883664054733e+04	8.427687975813074e+03	8.595739074899355e+03	7.561327855904382e-18	-inf	
17	1.000000000000000e+00	4.000000000000000e-01	1.950116354264675e-03	6.584588644292823e-03	0.000000000000000e+00	0.000000000000000e+00	2.957834693272139e+05	1.559925048520265e+04	8.534704998557498e-03	3.781883664054733e+04	8.427687975813074e+03	8.595739074899355e+03	0.000000000000000e+00	-inf	
18	0.000000000000000e+00	6.000000000000000e-01	1.950116354264675e-03	6.584588644292823e-03	9.267751011065894e-16	1.657554093981159e-16	2.957834693272139e+05	1.559925048520265e+04	8.534704998557498e-03	3.781883664054733e+04	8.427687975813074e+03	8.595739074899355e+03	4.125036412287842e-17	-inf	
19	2.000000000000000e-01	6.000000000000000e-01	1.950116354264675e-03	6.584588644292823e-03	1.028044552747794e-17	1.818989403545857e-18	2.957834693272139e+05	1.559925048520265e+04	8.534704998557498e-03	3.781883664054733e+04	8.427687975813074e+03	8.595739074899355e+03	4.574271674532944e-19	-inf	
20	4.000000000000001e-01	6.000000000000002e-01	1.950116354264675e-03	6.584588644292823e-03	0.000000000000000e+00	-1.675743988016620e-16	2.957834693272139e+05	1.559925048520265e+04	8.534704998557498e-03	3.781883664054733e+04	8.427687975813074e+03	8.595739074899355e+03	7.342158932544832e-18	-inf	
21	6.000000000000000e-01	6.000000000000001e-01	1.950116354264675e-03	6.584588644292823e-03	-1.028044552747756e-17	-1.743956090649593e-16	2.957834693272139e+05	1.559925048520265e+04	8.534704998557498e-03	3.781883664054733e+04	8.427687975813074e+03	8.595739074899355e+03	7.654290352598920e-18	-inf	
22	8.000000000000000e-01	6.000000000000001e-01	1.950116354264675e-03	6.584588644292823e-03	1.734861143631859e-16	-9.094947017729286e-19	2.957834693272139e+05	1.559925048520265e+04	8.534704998557498e-03	3.781883664054733e+04	8.427687975813074e+03	8.595739074899355e+03	7.601281203541294e-18	-inf	
23	1.000000000000000e+00	6.000000000000001e-01	1.950116354264675e-03	6.584588644292823e-03	9.486029739491826e-16	-9.094947017729280e-19	2.957834693272139e+05	1.559925048520266e+04	8.534704998557498e-03	3.781883664054735e+04	8.427687975813078e+03	8.595739074899355e+03	4.156241675101564e-17	-inf	
24	0.000000000000000e+00	8.000000000000000e-01	1.950116354264675e-03	6.584588644292823e-03	-2.287379174958926e-16	0.000000000000000e+00	2.957834693272139e+05	1.559925048520266e+04	8.534704998557498e-03	3.781883664054735e+04	8.427687975813078e+03	8.595739074899355e+03	1.002199713180480e-17	-inf	
25	2.000000000000000e-01	8.000000000000000e-01	1.950116354264675e-03	6.584588644292823e-03	-1.743956090649593e-16	5.175024853087911e-16	2.957834693272139e+05	1.559925048520265e+04	8.534704998557498e-03	3.781883664054733e+04	8.427687975813074e+03	8.595739074899355e+03	2.392689944039678e-17	-inf	
26	3.999999999999999e-01	8.000000000000000e-01	1.950116354264675e-03	6.584588644292823e-03	-9.094947017729284e-19	0.000000000000000e+00	2.957834693272139e+05	1.559925048520265e+04	8.534704998557498e-03	3.781883664054733e+04	8.427687975813074e+03	8.595739074899355e+03	3.984889515628133e-20	-inf	
27	6.000000000000000e-01	8.000000000000000e-01	1.950116354264675e-03	6.584588644292823e-03	0.000000000000000e+00	-5.843503458891102e-16	2.957834693272139e+05	1.559925048520265e+04	8.534704998557498e-03	3.781883664054733e+04	8.427687975813074e+03	8.595739074899355e+03	2.560291513791092e-17	-inf	
28	8.000000000000000e-01	8.000000000000000e-01	1.950116354264675e-03	6.584588644292823e-03	0.000000000000000e+00	1.639364199945697e-16	2.957834693272139e+05	1.559925048520265e+04	8.534704998557498e-03	3.781883664054733e+04	8.427687975813074e+03	8.595739074899355e+03	7.182763351919681e-18	-inf	
29	1.000000000000000e+00	8.000000000000000e-01	1.950116354264675e-03	6.584588644292823e-03	-7.162270776461659e-16	-1.525677362224099e-16	2.957834693272139e+05	1.559925048520265e+04	8.534704998557498e-03	3.781883664054733e+04	8.427687975813074e+03	8.595739074899355e+03	3.208507511756032e-17	-inf	
30	0.000000000000000e+00	1.000000000000000e+00	1.950116354264675e-03	6.584588644292823e-03	1.818989403545857e-18	-3.333298081997781e-16	2.957834693272139e+05	1.559925048520265e+04	8.534704998557498e-03	3.781883664054733e+04	8.427687975813074e+03	8.595739074899355e+03	1.460483752961199e-17	-inf	
31	2.000000000000000e-01	1.000000000000000e+00	1.950116354264675e-03	6.584588644292823e-03	0.000000000000000e+00	0.000000000000000e+00	2.957834693272139e+05	1.559925048520265e+04	8.534704998557498e-03	3.781883664054733e+04	8.427687975813074e+03	8.595739074899355e+03	0.000000000000000e+00	-inf	
32	3.999999999999999e-01	1.000000000000000e+00	1.950116354264675e-03	6.584588644292823e-03	0.000000000000000e+00	0.000000000000000e+00	2.957834693272139e+05	1.559925048520265e+04	8.534704998557498e-03	3.781883664054733e+04	8.427687975813074e+03	8.595739074899355e+03	0.000000000000000e+00	-inf	
33	6.000000000000000e-01	1.000000000000000e+00	1.950116354264675e-03	6.584588644292823e-03	1.748503564158451e-16	-4.724824975710416e-16	2.957834693272139e+05	1.559925048520265e+04	8.534704998557498e-03	3.781883664054733e+04	8.427687975813074e+03	8.595739074899355e+03	2.207356566999133e-17	-inf	
34	8.000000000000000e-01	1.000000000000000e+00	1.950116354264675e-03	6.584588644292823e-03	0.000000000000000e+00	2.250999386887945e-16	2.957834693272139e+05	1.559925048520266e+04	8.534704998557498e-03	3.781883664054735e+04	8.427687975813078e+03	8.595739074899355e+03	9.862601551179393e-18	-inf	
35	1.000000000000000e+00	1.000000000000000e+00	1.950116354264675e-03	6.584588644292823e-03	-3.478817234281442e-16	-5.275069270282970e-17	2.957834693272139e+05	1.559925048520265e+04	8.534704998557498e-03	3.781883664054733e+04	8.427687975813074e+03	8.595739074899355e+03	1.541643750654305e-17	-inf	
EXT_ITER= 6599
AOA= 0.000000000000000e+00
SIDESLIP_ANGLE= 0.000000000000000e+00
INITIAL_BCTHRUST= 4.000000000000000e+03
DCD_DCL_VALUE= 0.000000000000000e+00
DCMX_DCL_VALUE= 0.000000000000000e+00
DCMY_DCL_VALUE= 0.000000000000000e+00
DCMZ_DCL_VALUE= 0.000000000000000e+00
