"PointID"	"x"	"y"	"Density[0]"	"Density[1]"	"Momentum_x"	"Momentum_y"	"Energy"	"Electronic_Energy"	"Total_Density"	"Pressure"	"Temperature"	"Tve"	"Mach"	"C<sub>p</sub>"
0	0.000000000000000e+00	0.000000000000000e+00	1.931612125012292e-03	6.603092873545215e-03	0.000000000000000e+00	0.000000000000000e+00	2.957834693272139e+05	1.530288082541956e+04	8.534704998557506e-03	3.765103045611735e+04	8.380037255897143e+03	8.535228515608651e+03	0.000000000000000e+00	-inf	
1	2.000000000000000e-01	0.000000000000000e+00	1.931612125012292e-03	6.603092873545215e-03	0.000000000000000e+00	1.271473593078575e-15	2.957834693272139e+05	1.530288082541956e+04	8.534704998557506e-03	3.765103045611735e+04	8.380037255897143e+03	8.535228515608651e+03	5.582375961062552e-17	-inf	
2	4.000000000000000e-01	0.000000000000000e+00	1.931612125012292e-03	6.603092873545215e-03	0.000000000000000e+00	-9.736140782479014e-16	2.957834693272139e+05	1.530288082541956e+04	8.534704998557506e-03	3.765103045611735e+04	8.380037255897143e+03	8.535228515608651e+03	4.274630519540235e-17	-inf	
3	6.000000000000001e-01	0.000000000000000e+00	1.931612125012292e-03	6.603092873545215e-03	0.000000000000000e+00	-8.135430107358610e-16	2.957834693272139e+05	1.530288082541956e+04	8.534704998557506e-03	3.765103045611735e+04	8.380037255897143e+03	8.535228515608651e+03	3.571842129592436e-17	-inf	
4	8.000000000000000e-01	0.000000000000000e+00	1.931612125012292e-03	6.603092873545215e-03	2.182787284255029e-16	0.000000000000000e+00	2.957834693272139e+05	1.530288082541956e+04	8.534704998557506e-03	3.765103045611735e+04	8.380037255897143e+03	8.535228515608651e+03	9.583478044742422e-18	-inf	
5	1.000000000000000e+00	0.000000000000000e+00	1.931612125012292e-03	6.603092873545215e-03	3.815330273937424e-16	-2.364686224609610e-17	2.957834693272139e+05	1.530288082541956e+04	8.534704998557508e-03	3.765103045611743e+04	8.380037255897158e+03	8.535228515608651e+03	1.678326353784831e-17	-inf	
6	0.000000000000000e+00	2.000000000000000e-01	1.931612125012292e-03	6.603092873545215e-03	0.000000000000000e+00	0.000000000000000e+00	2.957834693272139e+05	1.530288082541956e+04	8.534704998557506e-03	3.765103045611735e+04	8.380037255897143e+03	8.535228515608651e+03	0.000000000000000e+00	-inf	
7	2.000000000000000e-01	2.000000000000000e-01	1.931612125012292e-03	6.603092873545215e-03	-5.629772203974436e-16	-1.818989403545857e-18	2.957834693272139e+05	1.530288082541956e+04	8.534704998557506e-03	3.765103045611735e+04	8.380037255897143e+03	8.535228515608651e+03	2.471751614167759e-17	-inf	
8	4.000000000000000e-01	2.000000000000000e-01	1.931612125012292e-03	6.603092873545215e-03	-6.348273018375144e-16	2.200977178290487e-16	2.957834693272139e+05	1.530288082541956e+04	8.534704998557506e-03	3.765103045611735e+04	8.380037255897143e+03	8.535228515608651e+03	2.949958759571241e-17	-inf	
9	5.999999999999999e-01	2.000000000000000e-01	1.931612125012292e-03	6.603092873545215e-03	0.000000000000000e+00	6.368736649164973e-16	2.957834693272139e+05	1.530288082541956e+04	8.534704998557506e-03	3.765103045611735e+04	8.380037255897143e+03	8.535228515608651e+03	2.796179375346217e-17	-inf	
10	7.999999999999999e-01	2.000000000000000e-01	1.931612125012292e-03	6.603092873545215e-03	2.098659024341039e-16	-4.190496838418640e-16	2.957834693272139e+05	1.530288082541956e+04	8.534704998557506e-03	3.765103045611735e+04	8.380037255897143e+03	8.535228515608651e+03	2.057660483226458e-17	-inf	
11	1.000000000000000e+00	2.000000000000000e-01	1.931612125012292e-03	6.603092873545215e-03	3.851710062008359e-16	-1.900843926705421e-16	2.957834693272139e+05	1.530288082541956e+04	8.534704998557508e-03	3.765103045611743e+04	8.380037255897158e+03	8.535228515608651e+03	1.885804713808076e-17	-inf	
12	0.000000000000000e+00	3.999999999999999e-01	1.931612125012292e-03	6.603092873545215e-03	-1.264652382815293e-15	0.000000000000000e+00	2.957834693272139e+05	1.530288082541956e+04	8.534704998557506e-03	3.765103045611735e+04	8.380037255897143e+03	8.535228515608651e+03	5.552427592172799e-17	-inf	
13	2.000000000000000e-01	3.999999999999999e-01	1.931612125012292e-03	6.603092873545215e-03	5.268916784870712e-16	0.000000000000000e+00	2.957834693272139e+05	1.530288082541956e+04	8.534704998557506e-03	3.765103045611735e+04	8.380037255897143e+03	8.535228515608651e+03	2.313305959385628e-17	-inf	
14	3.999999999999999e-01	4.000000000000001e-01	1.931612125012292e-03	6.603092873545215e-03	1.708245027429673e-16	0.000000000000000e+00	2.957834693272139e+05	1.530288082541956e+04	8.534704998557508e-03	3.765103045611743e+04	8.380037255897158e+03	8.535228515608651e+03	7.500011033370099e-18	-inf	
15	6.000000000000001e-01	4.000000000000000e-01	1.931612125012292e-03	6.603092873545215e-03	-5.841229722136675e-16	-9.094947017729280e-19	2.957834693272139e+05	1.530288082541956e+04	8.534704998557508e-03	3.765103045611743e+04	8.380037255897158e+03	8.535228515608651e+03	2.564581764622484e-17	-inf	
16	8.000000000000000e-01	4.000000000000000e-01	1.931612125012292e-03	6.603092873545215e-03	-2.285105438204486e-16	0.000000000000000e+00	2.957834693272139e+05	1.530288082541956e+04	8.534704998557506e-03	3.765103045611735e+04	8.380037255897143e+03	8.535228515608651e+03	1.003270357808974e-17	-inf	
17	1.000000000000000e+00	4.000000000000000e-01	1.931612125012292e-03	6.603092873545215e-03	0.000000000000000e+00	0.000000000000000e+00	2.957834693272139e+05	1.530288082541956e+04	8.534704998557506e-03	3.765103045611735e+04	8.380037255897143e+03	8.535228515608651e+03	0.000000000000000e+00	-inf	
18	0.000000000000000e+00	6.000000000000000e-01	1.931612125012292e-03	6.603092873545215e-03	9.736140782479014e-16	2.182787284255028e-16	2.957834693272139e+05	1.530288082541956e+04	8.534704998557506e-03	3.765103045611735e+04	8.380037255897143e+03	8.535228515608651e+03	4.380741557422148e-17	-inf	
19	2.000000000000000e-01	6.000000000000000e-01	1.931612125012292e-03	6.603092873545215e-03	6.500207882612773e-18	1.818989403545857e-18	2.957834693272139e+05	1.530288082541956e+04	8.534704998557506e-03	3.765103045611735e+04	8.380037255897143e+03	8.535228515608651e+03	2.963537221980514e-19	-inf	
20	4.000000000000001e-01	6.000000000000002e-01	1.931612125012292e-03	6.603092873545215e-03	0.000000000000000e+00	-2.200977178290489e-16	2.957834693272139e+05	1.530288082541956e+04	8.534704998557506e-03	3.765103045611735e+04	8.380037255897143e+03	8.535228515608651e+03	9.663340361781949e-18	-inf	
21	6.000000000000000e-01	6.000000000000001e-01	1.931612125012292e-03	6.603092873545215e-03	-6.500207882612368e-18	-2.319211489520973e-16	2.957834693272139e+05	1.530288082541956e+04	8.534704998557506e-03	3.765103045611735e+04	8.380037255897143e+03	8.535228515608651e+03	1.018644404696555e-17	-inf	
22	8.000000000000000e-01	6.000000000000001e-01	1.931612125012292e-03	6.603092873545215e-03	2.294200385222214e-16	-9.094947017729286e-19	2.957834693272139e+05	1.530288082541956e+04	8.534704998557506e-03	3.765103045611735e+04	8.380037255897143e+03	8.535228515608651e+03	1.007271388626585e-17	-inf	
23	1.000000000000000e+00	6.000000000000001e-01	1.931612125012292e-03	6.603092873545215e-03	1.169155439129108e-15	-9.094947017729280e-19	2.957834693272139e+05	1.530288082541956e+04	8.534704998557508e-03	3.765103045611743e+04	8.380037255897158e+03	8.535228515608651e+03	5.133151980852197e-17	-inf	
24	0.000000000000000e+00	8.000000000000000e-01	1.931612125012292e-03	6.603092873545215e-03	-3.506102075334658e-16	0.000000000000000e+00	2.957834693272139e+05	1.530288082541956e+04	8.534704998557508e-03	3.765103045611743e+04	8.380037255897158e+03	8.535228515608651e+03	1.539346160936758e-17	-inf	
25	2.000000000000000e-01	8.000000000000000e-01	1.931612125012292e-03	6.603092873545215e-03	-2.319211489520973e-16	5.620677256956705e-16	2.957834693272139e+05	1.530288082541956e+04	8.534704998557506e-03	3.765103045611735e+04	8.380037255897143e+03	8.535228515608651e+03	2.669567432558968e-17	-inf	
26	3.999999999999999e-01	8.000000000000000e-01	1.931612125012292e-03	6.603092873545215e-03	-9.094947017729284e-19	0.000000000000000e+00	2.957834693272139e+05	1.530288082541956e+04	8.534704998557506e-03	3.765103045611735e+04	8.380037255897143e+03	8.535228515608651e+03	3.993115851976008e-20	-inf	
27	6.000000000000000e-01	8.000000000000000e-01	1.931612125012292e-03	6.603092873545215e-03	0.000000000000000e+00	-6.109530659159719e-16	2.957834693272139e+05	1.530288082541956e+04	8.534704998557506e-03	3.765103045611735e+04	8.380037255897143e+03	8.535228515608651e+03	2.682375573564915e-17	-inf	
28	8.000000000000000e-01	8.000000000000000e-01	1.931612125012292e-03	6.603092873545215e-03	0.000000000000000e+00	2.200977178290482e-16	2.957834693272139e+05	1.530288082541956e+04	8.534704998557506e-03	3.765103045611735e+04	8.380037255897143e+03	8.535228515608651e+03	9.663340361781918e-18	-inf	
29	1.000000000000000e+00	8.000000000000000e-01	1.931612125012292e-03	6.603092873545215e-03	-8.117240213323153e-16	-2.050910552497967e-16	2.957834693272139e+05	1.530288082541956e+04	8.534704998557506e-03	3.765103045611735e+04	8.380037255897143e+03	8.535228515608651e+03	3.675850212617404e-17	-inf	
30	0.000000000000000e+00	1.000000000000000e+00	1.931612125012292e-03	6.603092873545215e-03	1.818989403545857e-18	-4.383764462545519e-16	2.957834693272139e+05	1.530288082541956e+04	8.534704998557506e-03	3.765103045611735e+04	8.380037255897143e+03	8.535228515608651e+03	1.924698409526564e-17	-inf	
31	2.000000000000000e-01	1.000000000000000e+00	1.931612125012292e-03	6.603092873545215e-03	0.000000000000000e+00	0.000000000000000e+00	2.957834693272139e+05	1.530288082541956e+04	8.534704998557506e-03	3.765103045611735e+04	8.380037255897143e+03	8.535228515608651e+03	0.000000000000000e+00	-inf	
32	3.999999999999999e-01	1.000000000000000e+00	1.931612125012292e-03	6.603092873545215e-03	0.000000000000000e+00	0.000000000000000e+00	2.957834693272139e+05	1.530288082541956e+04	8.534704998557506e-03	3.765103045611735e+04	8.380037255897143e+03	8.535228515608651e+03	0.000000000000000e+00	-inf	
33	6.000000000000000e-01	1.000000000000000e+00	1.931612125012292e-03	6.603092873545215e-03	2.307842805748806e-16	-5.616129783447811e-16	2.957834693272139e+05	1.530288082541956e+04	8.534704998557506e-03	3.765103045611735e+04	8.380037255897143e+03	8.535228515608651e+03	2.665820748311464e-17	-inf	
34	8.000000000000000e-01	1.000000000000000e+00	1.931612125012292e-03	6.603092873545215e-03	0.000000000000000e+00	3.005879989359478e-16	2.957834693272139e+05	1.530288082541956e+04	8.534704998557508e-03	3.765103045611743e+04	8.380037255897158e+03	8.535228515608651e+03	1.319724789078047e-17	-inf	
35	1.000000000000000e+00	1.000000000000000e+00	1.931612125012292e-03	6.603092873545215e-03	-4.597495717462152e-16	-5.911715561524002e-18	2.957834693272139e+05	1.530288082541956e+04	8.534704998557506e-03	3.765103045611735e+04	8.380037255897143e+03	8.535228515608651e+03	2.018686929812473e-17	-inf	
EXT_ITER= 7151
AOA= 0.000000000000000e+00
SIDESLIP_ANGLE= 0.000000000000000e+00
INITIAL_BCTHRUST= 4.000000000000000e+03
DCD_DCL_VALUE= 0.000000000000000e+00
DCMX_DCL_VALUE= 0.000000000000000e+00
DCMY_DCL_VALUE= 0.000000000000000e+00
DCMZ_DCL_VALUE= 0.000000000000000e+00
