"PointID"	"x"	"y"	"Density[0]"	"Density[1]"	"Momentum_x"	"Momentum_y"	"Energy"	"Electronic_Energy"	"Total_Density"	"Pressure"	"Temperature"	"Tve"	"Mach"	"C<sub>p</sub>"
0	0.000000000000000e+00	0.000000000000000e+00	2.131416464516734e-03	6.403288534040749e-03	0.000000000000000e+00	0.000000000000000e+00	2.957834693272139e+05	1.886379190466382e+04	8.534704998557484e-03	3.922407451316214e+04	8.846922501162873e+03	9.247518822995058e+03	0.000000000000000e+00	-inf	
1	2.000000000000000e-01	0.000000000000000e+00	2.131416464516734e-03	6.403288534040749e-03	0.000000000000000e+00	7.025846571195731e-16	2.957834693272139e+05	1.886379190466382e+04	8.534704998557484e-03	3.922407451316214e+04	8.846922501162873e+03	9.247518822995058e+03	3.027489012385091e-17	-inf	
2	4.000000000000000e-01	0.000000000000000e+00	2.131416464516734e-03	6.403288534040749e-03	0.000000000000000e+00	-5.666151992045318e-16	2.957834693272139e+05	1.886379190466382e+04	8.534704998557484e-03	3.922407451316214e+04	8.846922501162873e+03	9.247518822995058e+03	2.441586608046525e-17	-inf	
3	6.000000000000001e-01	0.000000000000000e+00	2.131416464516734e-03	6.403288534040749e-03	0.000000000000000e+00	-1.650732883717876e-16	2.957834693272139e+05	1.886379190466382e+04	8.534704998557484e-03	3.922407451316214e+04	8.846922501162873e+03	9.247518822995058e+03	7.113129524244771e-18	-inf	
4	8.000000000000000e-01	0.000000000000000e+00	2.131416464516734e-03	6.403288534040749e-03	1.323314791079602e-16	0.000000000000000e+00	2.957834693272139e+05	1.886379190466382e+04	8.534704998557484e-03	3.922407451316214e+04	8.846922501162873e+03	9.247518822995058e+03	5.702260858278790e-18	-inf	
5	1.000000000000000e+00	0.000000000000000e+00	2.131416464516735e-03	6.403288534040749e-03	2.100932761095443e-16	2.887645678129088e-16	2.957834693272139e+05	1.886379190466382e+04	8.534704998557484e-03	3.922407451316213e+04	8.846922501162871e+03	9.247518822995058e+03	1.538792816932554e-17	-inf	
6	0.000000000000000e+00	2.000000000000000e-01	2.131416464516734e-03	6.403288534040749e-03	0.000000000000000e+00	0.000000000000000e+00	2.957834693272139e+05	1.886379190466382e+04	8.534704998557484e-03	3.922407451316214e+04	8.846922501162873e+03	9.247518822995058e+03	0.000000000000000e+00	-inf	
7	2.000000000000000e-01	2.000000000000000e-01	2.131416464516734e-03	6.403288534040749e-03	-3.014974936377230e-16	-1.818989403545857e-18	2.957834693272139e+05	1.886379190466382e+04	8.534704998557484e-03	3.922407451316214e+04	8.846922501162873e+03	9.247518822995058e+03	1.299198540884401e-17	-inf	
8	4.000000000000000e-01	2.000000000000000e-01	2.131416464516734e-03	6.403288534040749e-03	-3.503828338580137e-16	1.341504685115060e-16	2.957834693272139e+05	1.886379190466382e+04	8.534704998557484e-03	3.922407451316214e+04	8.846922501162873e+03	9.247518822995058e+03	1.616703773158655e-17	-inf	
9	5.999999999999999e-01	2.000000000000000e-01	2.131416464516734e-03	6.403288534040749e-03	0.000000000000000e+00	2.214619598817083e-16	2.957834693272139e+05	1.886379190466382e+04	8.534704998557484e-03	3.922407451316214e+04	8.846922501162873e+03	9.247518822995058e+03	9.542958893408223e-18	-inf	
10	7.999999999999999e-01	2.000000000000000e-01	2.131416464516734e-03	6.403288534040749e-03	1.239186531165615e-16	-1.587068254593784e-16	2.957834693272139e+05	1.886379190466382e+04	8.534704998557484e-03	3.922407451316214e+04	8.846922501162873e+03	9.247518822995058e+03	8.676519461253190e-18	-inf	
11	1.000000000000000e+00	2.000000000000000e-01	2.131416464516735e-03	6.403288534040749e-03	2.123670128639778e-16	-1.014086592476806e-16	2.957834693272139e+05	1.886379190466382e+04	8.534704998557484e-03	3.922407451316213e+04	8.846922501162871e+03	9.247518822995058e+03	1.014084099402371e-17	-inf	
12	0.000000000000000e+00	3.999999999999999e-01	2.131416464516734e-03	6.403288534040749e-03	-7.830749382264705e-16	0.000000000000000e+00	2.957834693272139e+05	1.886379190466382e+04	8.534704998557484e-03	3.922407451316214e+04	8.846922501162873e+03	9.247518822995058e+03	3.374327559435011e-17	-inf	
13	2.000000000000000e-01	3.999999999999999e-01	2.131416464516734e-03	6.403288534040749e-03	2.827835298440953e-16	0.000000000000000e+00	2.957834693272139e+05	1.886379190466382e+04	8.534704998557484e-03	3.922407451316214e+04	8.846922501162873e+03	9.247518822995058e+03	1.218535048852862e-17	-inf	
14	3.999999999999999e-01	4.000000000000001e-01	2.131416464516735e-03	6.403288534040749e-03	8.292206912949306e-17	0.000000000000000e+00	2.957834693272139e+05	1.886379190466382e+04	8.534704998557484e-03	3.922407451316213e+04	8.846922501162871e+03	9.247518822995058e+03	3.573173006695073e-18	-inf	
15	6.000000000000001e-01	4.000000000000000e-01	2.131416464516735e-03	6.403288534040749e-03	-1.671196514507768e-16	-9.094947017729280e-19	2.957834693272139e+05	1.886379190466382e+04	8.534704998557484e-03	3.922407451316213e+04	8.846922501162871e+03	9.247518822995058e+03	7.201415456700571e-18	-inf	
16	8.000000000000000e-01	4.000000000000000e-01	2.131416464516734e-03	6.403288534040749e-03	-1.396074367221441e-16	0.000000000000000e+00	2.957834693272139e+05	1.886379190466382e+04	8.534704998557484e-03	3.922407451316214e+04	8.846922501162873e+03	9.247518822995058e+03	6.015787228493454e-18	-inf	
17	1.000000000000000e+00	4.000000000000000e-01	2.131416464516734e-03	6.403288534040749e-03	0.000000000000000e+00	0.000000000000000e+00	2.957834693272139e+05	1.886379190466382e+04	8.534704998557484e-03	3.922407451316214e+04	8.846922501162873e+03	9.247518822995058e+03	0.000000000000000e+00	-inf	
18	0.000000000000000e+00	6.000000000000000e-01	2.131416464516734e-03	6.403288534040749e-03	5.666151992045318e-16	1.323314791079601e-16	2.957834693272139e+05	1.886379190466382e+04	8.534704998557484e-03	3.922407451316214e+04	8.846922501162873e+03	9.247518822995058e+03	2.507289962000949e-17	-inf	
19	2.000000000000000e-01	6.000000000000000e-01	2.131416464516734e-03	6.403288534040749e-03	-1.992015457813245e-17	1.818989403545857e-18	2.957834693272139e+05	1.886379190466382e+04	8.534704998557484e-03	3.922407451316214e+04	8.846922501162873e+03	9.247518822995058e+03	8.619453663075846e-19	-inf	
20	4.000000000000001e-01	6.000000000000002e-01	2.131416464516734e-03	6.403288534040749e-03	0.000000000000000e+00	-1.341504685115062e-16	2.957834693272139e+05	1.886379190466382e+04	8.534704998557484e-03	3.922407451316214e+04	8.846922501162873e+03	9.247518822995058e+03	5.780642450832457e-18	-inf	
21	6.000000000000000e-01	6.000000000000001e-01	2.131416464516734e-03	6.403288534040749e-03	1.992015457813264e-17	-1.407443050993603e-16	2.957834693272139e+05	1.886379190466382e+04	8.534704998557484e-03	3.922407451316214e+04	8.846922501162873e+03	9.247518822995058e+03	6.125219238600422e-18	-inf	
22	8.000000000000000e-01	6.000000000000001e-01	2.131416464516734e-03	6.403288534040749e-03	1.405169314239168e-16	-9.094947017729286e-19	2.957834693272139e+05	1.886379190466382e+04	8.534704998557484e-03	3.922407451316214e+04	8.846922501162873e+03	9.247518822995058e+03	6.055104854497879e-18	-inf	
23	1.000000000000000e+00	6.000000000000001e-01	2.131416464516735e-03	6.403288534040749e-03	3.351487976033266e-16	-9.094947017729280e-19	2.957834693272139e+05	1.886379190466382e+04	8.534704998557484e-03	3.922407451316213e+04	8.846922501162871e+03	9.247518822995058e+03	1.444186160402858e-17	-inf	
24	0.000000000000000e+00	8.000000000000000e-01	2.131416464516735e-03	6.403288534040749e-03	-1.696207618806523e-16	0.000000000000000e+00	2.957834693272139e+05	1.886379190466382e+04	8.534704998557484e-03	3.922407451316213e+04	8.846922501162871e+03	9.247518822995058e+03	7.309083505628925e-18	-inf	
25	2.000000000000000e-01	8.000000000000000e-01	2.131416464516734e-03	6.403288534040749e-03	-1.407443050993603e-16	3.005879989359501e-16	2.957834693272139e+05	1.886379190466382e+04	8.534704998557484e-03	3.922407451316214e+04	8.846922501162873e+03	9.247518822995058e+03	1.430210710750537e-17	-inf	
26	3.999999999999999e-01	8.000000000000000e-01	2.131416464516734e-03	6.403288534040749e-03	-9.094947017729284e-19	0.000000000000000e+00	2.957834693272139e+05	1.886379190466382e+04	8.534704998557484e-03	3.922407451316214e+04	8.846922501162873e+03	9.247518822995058e+03	3.919079627683044e-20	-inf	
27	6.000000000000000e-01	8.000000000000000e-01	2.131416464516734e-03	6.403288534040749e-03	0.000000000000000e+00	-3.001332515850637e-16	2.957834693272139e+05	1.886379190466382e+04	8.534704998557484e-03	3.922407451316214e+04	8.846922501162873e+03	9.247518822995058e+03	1.293296277135393e-17	-inf	
28	8.000000000000000e-01	8.000000000000000e-01	2.131416464516734e-03	6.403288534040749e-03	0.000000000000000e+00	1.330136001342896e-16	2.957834693272139e+05	1.886379190466382e+04	8.534704998557484e-03	3.922407451316214e+04	8.846922501162873e+03	9.247518822995058e+03	5.731653955486399e-18	-inf	
29	1.000000000000000e+00	8.000000000000000e-01	2.131416464516734e-03	6.403288534040749e-03	-1.632542989682417e-16	-1.243734004674485e-16	2.957834693272139e+05	1.886379190466382e+04	8.534704998557484e-03	3.922407451316214e+04	8.846922501162873e+03	9.247518822995058e+03	8.843654143292856e-18	-inf	
30	0.000000000000000e+00	1.000000000000000e+00	2.131416464516734e-03	6.403288534040749e-03	1.818989403545857e-18	-2.664819476194665e-16	2.957834693272139e+05	1.886379190466382e+04	8.534704998557484e-03	3.922407451316214e+04	8.846922501162873e+03	9.247518822995058e+03	1.148317081996299e-17	-inf	
31	2.000000000000000e-01	1.000000000000000e+00	2.131416464516734e-03	6.403288534040749e-03	0.000000000000000e+00	0.000000000000000e+00	2.957834693272139e+05	1.886379190466382e+04	8.534704998557484e-03	3.922407451316214e+04	8.846922501162873e+03	9.247518822995058e+03	0.000000000000000e+00	-inf	
32	3.999999999999999e-01	1.000000000000000e+00	2.131416464516734e-03	6.403288534040749e-03	0.000000000000000e+00	0.000000000000000e+00	2.957834693272139e+05	1.886379190466382e+04	8.534704998557484e-03	3.922407451316214e+04	8.846922501162873e+03	9.247518822995058e+03	0.000000000000000e+00	-inf	
33	6.000000000000000e-01	1.000000000000000e+00	2.131416464516734e-03	6.403288534040749e-03	1.418811734765760e-16	-1.277840055990966e-16	2.957834693272139e+05	1.886379190466382e+04	8.534704998557484e-03	3.922407451316214e+04	8.846922501162873e+03	9.247518822995058e+03	8.227850773460267e-18	-inf	
34	8.000000000000000e-01	1.000000000000000e+00	2.131416464516735e-03	6.403288534040749e-03	0.000000000000000e+00	4.611138137988756e-16	2.957834693272139e+05	1.886379190466382e+04	8.534704998557484e-03	3.922407451316213e+04	8.846922501162871e+03	9.247518822995058e+03	1.986973371235307e-17	-inf	
35	1.000000000000000e+00	1.000000000000000e+00	2.131416464516734e-03	6.403288534040749e-03	-2.819433575496060e-16	-2.851265890058169e-16	2.957834693272139e+05	1.886379190466382e+04	8.534704998557484e-03	3.922407451316214e+04	8.846922501162873e+03	9.247518822995058e+03	1.727875274251755e-17	-inf	
EXT_ITER= 3171
AOA= 0.000000000000000e+00
SIDESLIP_ANGLE= 0.000000000000000e+00
INITIAL_BCTHRUST= 4.000000000000000e+03
DCD_DCL_VALUE= 0.000000000000000e+00
DCMX_DCL_VALUE= 0.000000000000000e+00
DCMY_DCL_VALUE= 0.000000000000000e+00
DCMZ_DCL_VALUE= 0.000000000000000e+00
