"PointID"	"x"	"y"	"Density[0]"	"Density[1]"	"Momentum_x"	"Momentum_y"	"Energy"	"Electronic_Energy"	"Total_Density"	"Pressure"	"Temperature"	"Tve"	"Mach"	"C<sub>p</sub>"
0	0.000000000000000e+00	0.000000000000000e+00	1.903585126297995e-03	6.631119872259518e-03	0.000000000000000e+00	0.000000000000000e+00	2.957834693272139e+05	1.486113722605626e+04	8.534704998557513e-03	3.739178058134021e+04	8.306955704290429e+03	8.445110295544089e+03	0.000000000000000e+00	-inf	
1	2.000000000000000e-01	0.000000000000000e+00	1.903585126297995e-03	6.631119872259518e-03	0.000000000000000e+00	1.339230948360667e-15	2.957834693272139e+05	1.486113722605626e+04	8.534704998557513e-03	3.739178058134021e+04	8.306955704290429e+03	8.445110295544089e+03	5.898772646865287e-17	-inf	
2	4.000000000000000e-01	0.000000000000000e+00	1.903585126297995e-03	6.631119872259518e-03	0.000000000000000e+00	-1.061380316969001e-15	2.957834693272139e+05	1.486113722605626e+04	8.534704998557513e-03	3.739178058134021e+04	8.306955704290429e+03	8.445110295544089e+03	4.674952583288008e-17	-inf	
3	6.000000000000001e-01	0.000000000000000e+00	1.903585126297995e-03	6.631119872259518e-03	0.000000000000000e+00	-9.908944775815893e-16	2.957834693272139e+05	1.486113722605626e+04	8.534704998557513e-03	3.739178058134021e+04	8.306955704290429e+03	8.445110295544089e+03	4.364490865031906e-17	-inf	
4	8.000000000000000e-01	0.000000000000000e+00	1.903585126297995e-03	6.631119872259518e-03	3.174136509187521e-16	0.000000000000000e+00	2.957834693272139e+05	1.486113722605626e+04	8.534704998557513e-03	3.739178058134021e+04	8.306955704290429e+03	8.445110295544089e+03	1.398079221566003e-17	-inf	
5	1.000000000000000e+00	0.000000000000000e+00	1.903585126297996e-03	6.631119872259518e-03	5.961737770121549e-16	-1.132320903707293e-16	2.957834693272139e+05	1.486113722605627e+04	8.534704998557513e-03	3.739178058134018e+04	8.306955704290423e+03	8.445110295544089e+03	2.672848977297392e-17	-inf	
6	0.000000000000000e+00	2.000000000000000e-01	1.903585126297995e-03	6.631119872259518e-03	0.000000000000000e+00	0.000000000000000e+00	2.957834693272139e+05	1.486113722605626e+04	8.534704998557513e-03	3.739178058134021e+04	8.306955704290429e+03	8.445110295544089e+03	0.000000000000000e+00	-inf	
7	2.000000000000000e-01	2.000000000000000e-01	1.903585126297995e-03	6.631119872259518e-03	-6.518803274957592e-16	-1.818989403545857e-18	2.957834693272139e+05	1.486113722605626e+04	8.534704998557513e-03	3.739178058134021e+04	8.306955704290429e+03	8.445110295544089e+03	2.871281327256926e-17	-inf	
8	4.000000000000000e-01	2.000000000000000e-01	1.903585126297995e-03	6.631119872259518e-03	-6.687059794785605e-16	3.192326403222979e-16	2.957834693272139e+05	1.486113722605626e+04	8.534704998557513e-03	3.739178058134021e+04	8.306955704290429e+03	8.445110295544089e+03	3.263794997286091e-17	-inf	
9	5.999999999999999e-01	2.000000000000000e-01	1.903585126297995e-03	6.631119872259518e-03	0.000000000000000e+00	8.240021998062725e-16	2.957834693272139e+05	1.486113722605626e+04	8.534704998557513e-03	3.739178058134021e+04	8.306955704290429e+03	8.445110295544089e+03	3.629397635354721e-17	-inf	
10	7.999999999999999e-01	2.000000000000000e-01	1.903585126297995e-03	6.631119872259518e-03	3.012701199622828e-16	-4.968114808434542e-16	2.957834693272139e+05	1.486113722605626e+04	8.534704998557513e-03	3.739178058134021e+04	8.306955704290429e+03	8.445110295544089e+03	2.559163101874023e-17	-inf	
11	1.000000000000000e+00	2.000000000000000e-01	1.903585126297996e-03	6.631119872259518e-03	5.898073140997448e-16	-2.974047674797483e-16	2.957834693272139e+05	1.486113722605627e+04	8.534704998557513e-03	3.739178058134018e+04	8.306955704290423e+03	8.445110295544089e+03	2.909443096597208e-17	-inf	
12	0.000000000000000e+00	3.999999999999999e-01	1.903585126297995e-03	6.631119872259518e-03	-1.260104909306439e-15	0.000000000000000e+00	2.957834693272139e+05	1.486113722605626e+04	8.534704998557513e-03	3.739178058134021e+04	8.306955704290429e+03	8.445110295544089e+03	5.550254330887589e-17	-inf	
13	2.000000000000000e-01	3.999999999999999e-01	1.903585126297995e-03	6.631119872259518e-03	6.530494804880060e-16	0.000000000000000e+00	2.957834693272139e+05	1.486113722605626e+04	8.534704998557513e-03	3.739178058134021e+04	8.306955704290429e+03	8.445110295544089e+03	2.876419796949619e-17	-inf	
14	3.999999999999999e-01	4.000000000000001e-01	1.903585126297996e-03	6.631119872259518e-03	2.530991853833577e-16	0.000000000000000e+00	2.957834693272139e+05	1.486113722605627e+04	8.534704998557513e-03	3.739178058134018e+04	8.306955704290423e+03	8.445110295544089e+03	1.114799918199894e-17	-inf	
15	6.000000000000001e-01	4.000000000000000e-01	1.903585126297996e-03	6.631119872259518e-03	-7.764811016386365e-16	-9.094947017729280e-19	2.957834693272139e+05	1.486113722605627e+04	8.534704998557513e-03	3.739178058134018e+04	8.306955704290423e+03	8.445110295544089e+03	3.420088693979766e-17	-inf	
16	8.000000000000000e-01	4.000000000000000e-01	1.903585126297995e-03	6.631119872259518e-03	-3.271907189628112e-16	0.000000000000000e+00	2.957834693272139e+05	1.486113722605626e+04	8.534704998557513e-03	3.739178058134021e+04	8.306955704290429e+03	8.445110295544089e+03	1.441143266356361e-17	-inf	
17	1.000000000000000e+00	4.000000000000000e-01	1.903585126297995e-03	6.631119872259518e-03	0.000000000000000e+00	0.000000000000000e+00	2.957834693272139e+05	1.486113722605626e+04	8.534704998557513e-03	3.739178058134021e+04	8.306955704290429e+03	8.445110295544089e+03	0.000000000000000e+00	-inf	
18	0.000000000000000e+00	6.000000000000000e-01	1.903585126297995e-03	6.631119872259518e-03	1.061380316969001e-15	3.174136509187520e-16	2.957834693272139e+05	1.486113722605626e+04	8.534704998557513e-03	3.739178058134021e+04	8.306955704290429e+03	8.445110295544089e+03	4.879529400030890e-17	-inf	
19	2.000000000000000e-01	6.000000000000000e-01	1.903585126297995e-03	6.631119872259518e-03	1.870921061642748e-17	1.818989403545857e-18	2.957834693272139e+05	1.486113722605626e+04	8.534704998557513e-03	3.739178058134021e+04	8.306955704290429e+03	8.445110295544089e+03	8.279509362310104e-19	-inf	
20	4.000000000000001e-01	6.000000000000002e-01	1.903585126297995e-03	6.631119872259518e-03	0.000000000000000e+00	-3.192326403222980e-16	2.957834693272139e+05	1.486113722605626e+04	8.534704998557513e-03	3.739178058134021e+04	8.306955704290429e+03	8.445110295544089e+03	1.406091136875837e-17	-inf	
21	6.000000000000000e-01	6.000000000000001e-01	1.903585126297995e-03	6.631119872259518e-03	-1.870921061642707e-17	-3.303739504190166e-16	2.957834693272139e+05	1.486113722605626e+04	8.534704998557513e-03	3.739178058134021e+04	8.306955704290429e+03	8.445110295544089e+03	1.457495608051095e-17	-inf	
22	8.000000000000000e-01	6.000000000000001e-01	1.903585126297995e-03	6.631119872259518e-03	4.754383553517987e-16	-9.094947017729286e-19	2.957834693272139e+05	1.486113722605626e+04	8.534704998557513e-03	3.739178058134021e+04	8.306955704290429e+03	8.445110295544089e+03	2.094118195723304e-17	-inf	
23	1.000000000000000e+00	6.000000000000001e-01	1.903585126297996e-03	6.631119872259518e-03	1.259195414604618e-15	-9.094947017729280e-19	2.957834693272139e+05	1.486113722605627e+04	8.534704998557513e-03	3.739178058134018e+04	8.306955704290423e+03	8.445110295544089e+03	5.546249819948652e-17	-inf	
24	0.000000000000000e+00	8.000000000000000e-01	1.903585126297996e-03	6.631119872259518e-03	-5.584297468885804e-16	0.000000000000000e+00	2.957834693272139e+05	1.486113722605627e+04	8.534704998557513e-03	3.739178058134018e+04	8.306955704290423e+03	8.445110295544089e+03	2.459658000118996e-17	-inf	
25	2.000000000000000e-01	8.000000000000000e-01	1.903585126297995e-03	6.631119872259518e-03	-3.303739504190167e-16	6.509708327939860e-16	2.957834693272139e+05	1.486113722605626e+04	8.534704998557513e-03	3.739178058134021e+04	8.306955704290429e+03	8.445110295544089e+03	3.215385910686998e-17	-inf	
26	3.999999999999999e-01	8.000000000000000e-01	1.903585126297995e-03	6.631119872259518e-03	-9.094947017729284e-19	0.000000000000000e+00	2.957834693272139e+05	1.486113722605626e+04	8.534704998557513e-03	3.739178058134021e+04	8.306955704290429e+03	8.445110295544089e+03	4.005957654916913e-20	-inf	
27	6.000000000000000e-01	8.000000000000000e-01	1.903585126297995e-03	6.631119872259518e-03	0.000000000000000e+00	-6.546088116010782e-16	2.957834693272139e+05	1.486113722605626e+04	8.534704998557513e-03	3.739178058134021e+04	8.306955704290429e+03	8.445110295544089e+03	2.883288022126506e-17	-inf	
28	8.000000000000000e-01	8.000000000000000e-01	1.903585126297995e-03	6.631119872259518e-03	0.000000000000000e+00	3.115019353572271e-16	2.957834693272139e+05	1.486113722605626e+04	8.534704998557513e-03	3.739178058134021e+04	8.306955704290429e+03	8.445110295544089e+03	1.372040496809039e-17	-inf	
29	1.000000000000000e+00	8.000000000000000e-01	1.903585126297995e-03	6.631119872259518e-03	-9.890754881780432e-16	-3.042259777430460e-16	2.957834693272139e+05	1.486113722605626e+04	8.534704998557513e-03	3.739178058134021e+04	8.306955704290429e+03	8.445110295544089e+03	4.557904083978697e-17	-inf	
30	0.000000000000000e+00	1.000000000000000e+00	1.903585126297995e-03	6.631119872259518e-03	1.818989403545857e-18	-6.366462912410503e-16	2.957834693272139e+05	1.486113722605626e+04	8.534704998557513e-03	3.739178058134021e+04	8.306955704290429e+03	8.445110295544089e+03	2.804181804011782e-17	-inf	
31	2.000000000000000e-01	1.000000000000000e+00	1.903585126297995e-03	6.631119872259518e-03	0.000000000000000e+00	0.000000000000000e+00	2.957834693272139e+05	1.486113722605626e+04	8.534704998557513e-03	3.739178058134021e+04	8.306955704290429e+03	8.445110295544089e+03	0.000000000000000e+00	-inf	
32	3.999999999999999e-01	1.000000000000000e+00	1.903585126297995e-03	6.631119872259518e-03	0.000000000000000e+00	0.000000000000000e+00	2.957834693272139e+05	1.486113722605626e+04	8.534704998557513e-03	3.739178058134021e+04	8.306955704290429e+03	8.445110295544089e+03	0.000000000000000e+00	-inf	
33	6.000000000000000e-01	1.000000000000000e+00	1.903585126297995e-03	6.631119872259518e-03	3.294644557172433e-16	-7.394191925413736e-16	2.957834693272139e+05	1.486113722605626e+04	8.534704998557513e-03	3.739178058134021e+04	8.306955704290429e+03	8.445110295544089e+03	3.565513997823145e-17	-inf	
34	8.000000000000000e-01	1.000000000000000e+00	1.903585126297996e-03	6.631119872259518e-03	0.000000000000000e+00	4.270077624823836e-16	2.957834693272139e+05	1.486113722605627e+04	8.534704998557513e-03	3.739178058134018e+04	8.306955704290423e+03	8.445110295544089e+03	1.880797118983464e-17	-inf	
35	1.000000000000000e+00	1.000000000000000e+00	1.903585126297995e-03	6.631119872259518e-03	-6.571099220309404e-16	8.185452315956340e-17	2.957834693272139e+05	1.486113722605626e+04	8.534704998557513e-03	3.739178058134021e+04	8.306955704290429e+03	8.445110295544089e+03	2.916673505255808e-17	-inf	
EXT_ITER= 8093
AOA= 0.000000000000000e+00
SIDESLIP_ANGLE= 0.000000000000000e+00
INITIAL_BCTHRUST= 4.000000000000000e+03
DCD_DCL_VALUE= 0.000000000000000e+00
DCMX_DCL_VALUE= 0.000000000000000e+00
DCMY_DCL_VALUE= 0.000000000000000e+00
DCMZ_DCL_VALUE= 0.000000000000000e+00
