"PointID"	"x"	"y"	"Density[0]"	"Density[1]"	"Momentum_x"	"Momentum_y"	"Energy"	"Electronic_Energy"	"Total_Density"	"Pressure"	"Temperature"	"Tve"	"Mach"	"C<sub>p</sub>"
0	0.000000000000000e+00	0.000000000000000e+00	1.860835062647963e-03	6.673869935909542e-03	0.000000000000000e+00	0.000000000000000e+00	2.957834693272139e+05	1.420162473697683e+04	8.534704998557505e-03	3.698591619579942e+04	8.193692173649066e+03	8.309187634607446e+03	0.000000000000000e+00	-inf	
1	2.000000000000000e-01	0.000000000000000e+00	1.860835062647963e-03	6.673869935909542e-03	0.000000000000000e+00	1.503849489381589e-15	2.957834693272139e+05	1.420162473697683e+04	8.534704998557505e-03	3.698591619579942e+04	8.193692173649066e+03	8.309187634607446e+03	6.657623187564642e-17	-inf	
2	4.000000000000000e-01	0.000000000000000e+00	1.860835062647963e-03	6.673869935909542e-03	0.000000000000000e+00	-1.200533006340277e-15	2.957834693272139e+05	1.420162473697683e+04	8.534704998557505e-03	3.698591619579942e+04	8.193692173649066e+03	8.309187634607446e+03	5.314824679519269e-17	-inf	
3	6.000000000000001e-01	0.000000000000000e+00	1.860835062647963e-03	6.673869935909542e-03	0.000000000000000e+00	-1.253738446394003e-15	2.957834693272139e+05	1.420162473697683e+04	8.534704998557505e-03	3.698591619579942e+04	8.193692173649066e+03	8.309187634607446e+03	5.550368045998004e-17	-inf	
4	8.000000000000000e-01	0.000000000000000e+00	1.860835062647963e-03	6.673869935909542e-03	4.044977686135090e-16	0.000000000000000e+00	2.957834693272139e+05	1.420162473697683e+04	8.534704998557505e-03	3.698591619579942e+04	8.193692173649066e+03	8.309187634607446e+03	1.790733542588005e-17	-inf	
5	1.000000000000000e+00	0.000000000000000e+00	1.860835062647963e-03	6.673869935909542e-03	7.671587809454661e-16	-1.164153218269347e-16	2.957834693272139e+05	1.420162473697683e+04	8.534704998557505e-03	3.698591619579942e+04	8.193692173649066e+03	8.309187634607446e+03	3.435134816944434e-17	-inf	
6	0.000000000000000e+00	2.000000000000000e-01	1.860835062647963e-03	6.673869935909542e-03	0.000000000000000e+00	0.000000000000000e+00	2.957834693272139e+05	1.420162473697683e+04	8.534704998557505e-03	3.698591619579942e+04	8.193692173649066e+03	8.309187634607446e+03	0.000000000000000e+00	-inf	
7	2.000000000000000e-01	2.000000000000000e-01	1.860835062647963e-03	6.673869935909542e-03	-7.962626114022307e-16	-1.818989403545857e-18	2.957834693272139e+05	1.420162473697683e+04	8.534704998557505e-03	3.698591619579942e+04	8.193692173649066e+03	8.309187634607446e+03	3.525106930406265e-17	-inf	
8	4.000000000000000e-01	2.000000000000000e-01	1.860835062647963e-03	6.673869935909542e-03	-7.510152499890214e-16	4.063167580170548e-16	2.957834693272139e+05	1.420162473697683e+04	8.534704998557505e-03	3.698591619579942e+04	8.193692173649066e+03	8.309187634607446e+03	3.780189000755992e-17	-inf	
9	5.999999999999999e-01	2.000000000000000e-01	1.860835062647963e-03	6.673869935909542e-03	0.000000000000000e+00	1.048874764819626e-15	2.957834693272139e+05	1.420162473697683e+04	8.534704998557505e-03	3.698591619579942e+04	8.193692173649066e+03	8.309187634607446e+03	4.643425425496601e-17	-inf	
10	7.999999999999999e-01	2.000000000000000e-01	1.860835062647963e-03	6.673869935909542e-03	3.876721166307100e-16	-6.486970960395534e-16	2.957834693272139e+05	1.420162473697683e+04	8.534704998557505e-03	3.698591619579942e+04	8.193692173649066e+03	8.309187634607446e+03	3.345569089967909e-17	-inf	
11	1.000000000000000e+00	2.000000000000000e-01	1.860835062647963e-03	6.673869935909542e-03	7.657945388928074e-16	-3.790319169638680e-16	2.957834693272139e+05	1.420162473697683e+04	8.534704998557505e-03	3.698591619579942e+04	8.193692173649066e+03	8.309187634607446e+03	3.782752585989726e-17	-inf	
12	0.000000000000000e+00	3.999999999999999e-01	1.860835062647963e-03	6.673869935909542e-03	-1.253738446394047e-15	0.000000000000000e+00	2.957834693272139e+05	1.420162473697683e+04	8.534704998557505e-03	3.698591619579942e+04	8.193692173649066e+03	8.309187634607446e+03	5.550368045998198e-17	-inf	
13	2.000000000000000e-01	3.999999999999999e-01	1.860835062647963e-03	6.673869935909542e-03	7.855837925381917e-16	0.000000000000000e+00	2.957834693272139e+05	1.420162473697683e+04	8.534704998557505e-03	3.698591619579942e+04	8.193692173649066e+03	8.309187634607446e+03	3.477822022686566e-17	-inf	
14	3.999999999999999e-01	4.000000000000001e-01	1.860835062647963e-03	6.673869935909542e-03	3.094633161600591e-16	0.000000000000000e+00	2.957834693272139e+05	1.420162473697683e+04	8.534704998557505e-03	3.698591619579942e+04	8.193692173649066e+03	8.309187634607446e+03	1.370010871377220e-17	-inf	
15	6.000000000000001e-01	4.000000000000000e-01	1.860835062647963e-03	6.673869935909542e-03	-1.014996087178583e-15	-9.094947017729280e-19	2.957834693272139e+05	1.420162473697683e+04	8.534704998557505e-03	3.698591619579942e+04	8.193692173649066e+03	8.309187634607446e+03	4.493444487527872e-17	-inf	
16	8.000000000000000e-01	4.000000000000000e-01	1.860835062647963e-03	6.673869935909542e-03	-4.231424099998556e-16	0.000000000000000e+00	2.957834693272139e+05	1.420162473697683e+04	8.534704998557505e-03	3.698591619579942e+04	8.193692173649066e+03	8.309187634607446e+03	1.873274380413878e-17	-inf	
17	1.000000000000000e+00	4.000000000000000e-01	1.860835062647963e-03	6.673869935909542e-03	0.000000000000000e+00	0.000000000000000e+00	2.957834693272139e+05	1.420162473697683e+04	8.534704998557505e-03	3.698591619579942e+04	8.193692173649066e+03	8.309187634607446e+03	0.000000000000000e+00	-inf	
18	0.000000000000000e+00	6.000000000000000e-01	1.860835062647963e-03	6.673869935909542e-03	1.200533006340277e-15	4.044977686135089e-16	2.957834693272139e+05	1.420162473697683e+04	8.534704998557505e-03	3.698591619579942e+04	8.193692173649066e+03	8.309187634607446e+03	5.608394422165480e-17	-inf	
19	2.000000000000000e-01	6.000000000000000e-01	1.860835062647963e-03	6.673869935909542e-03	4.821870695760837e-17	1.818989403545857e-18	2.957834693272139e+05	1.420162473697683e+04	8.534704998557505e-03	3.698591619579942e+04	8.193692173649066e+03	8.309187634607446e+03	2.136186649702433e-18	-inf	
20	4.000000000000001e-01	6.000000000000002e-01	1.860835062647963e-03	6.673869935909542e-03	0.000000000000000e+00	-4.063167580170552e-16	2.957834693272139e+05	1.420162473697683e+04	8.534704998557505e-03	3.698591619579942e+04	8.193692173649066e+03	8.309187634607446e+03	1.798786307253945e-17	-inf	
21	6.000000000000000e-01	6.000000000000001e-01	1.860835062647963e-03	6.673869935909542e-03	-4.821870695760784e-17	-4.238245310261851e-16	2.957834693272139e+05	1.420162473697683e+04	8.534704998557505e-03	3.698591619579942e+04	8.193692173649066e+03	8.309187634607446e+03	1.888398233619452e-17	-inf	
22	8.000000000000000e-01	6.000000000000001e-01	1.860835062647963e-03	6.673869935909542e-03	8.146798791130976e-16	-9.094947017729286e-19	2.957834693272139e+05	1.420162473697683e+04	8.534704998557505e-03	3.698591619579942e+04	8.193692173649066e+03	8.309187634607446e+03	3.606634222248592e-17	-inf	
23	1.000000000000000e+00	6.000000000000001e-01	1.860835062647963e-03	6.673869935909542e-03	1.249645720235985e-15	-9.094947017729280e-19	2.957834693272139e+05	1.420162473697683e+04	8.534704998557505e-03	3.698591619579942e+04	8.193692173649066e+03	8.309187634607446e+03	5.532250790703906e-17	-inf	
24	0.000000000000000e+00	8.000000000000000e-01	1.860835062647963e-03	6.673869935909542e-03	-7.266862667165714e-16	0.000000000000000e+00	2.957834693272139e+05	1.420162473697683e+04	8.534704998557505e-03	3.698591619579942e+04	8.193692173649066e+03	8.309187634607446e+03	3.217079484042321e-17	-inf	
25	2.000000000000000e-01	8.000000000000000e-01	1.860835062647963e-03	6.673869935909542e-03	-4.238245310261852e-16	7.953531167004576e-16	2.957834693272139e+05	1.420162473697683e+04	8.534704998557505e-03	3.698591619579942e+04	8.193692173649066e+03	8.309187634607446e+03	3.989789876021291e-17	-inf	
26	3.999999999999999e-01	8.000000000000000e-01	1.860835062647963e-03	6.673869935909542e-03	-9.094947017729284e-19	0.000000000000000e+00	2.957834693272139e+05	1.420162473697683e+04	8.534704998557505e-03	3.698591619579942e+04	8.193692173649066e+03	8.309187634607446e+03	4.026382332969104e-20	-inf	
27	6.000000000000000e-01	8.000000000000000e-01	1.860835062647963e-03	6.673869935909542e-03	0.000000000000000e+00	-7.366907084360959e-16	2.957834693272139e+05	1.420162473697683e+04	8.534704998557505e-03	3.698591619579942e+04	8.193692173649066e+03	8.309187634607446e+03	3.261369689705080e-17	-inf	
28	8.000000000000000e-01	8.000000000000000e-01	1.860835062647963e-03	6.673869935909542e-03	0.000000000000000e+00	3.979039320256542e-16	2.957834693272139e+05	1.420162473697683e+04	8.534704998557505e-03	3.698591619579942e+04	8.193692173649066e+03	8.309187634607446e+03	1.761542270673974e-17	-inf	
29	1.000000000000000e+00	8.000000000000000e-01	1.860835062647963e-03	6.673869935909542e-03	-1.302851160289745e-15	-3.997229214292038e-16	2.957834693272139e+05	1.420162473697683e+04	8.534704998557505e-03	3.698591619579942e+04	8.193692173649066e+03	8.309187634607446e+03	6.033150016926367e-17	-inf	
30	0.000000000000000e+00	1.000000000000000e+00	1.860835062647963e-03	6.673869935909542e-03	1.818989403545857e-18	-8.108145266305641e-16	2.957834693272139e+05	1.420162473697683e+04	8.534704998557505e-03	3.698591619579942e+04	8.193692173649066e+03	8.309187634607446e+03	3.589528882656906e-17	-inf	
31	2.000000000000000e-01	1.000000000000000e+00	1.860835062647963e-03	6.673869935909542e-03	0.000000000000000e+00	0.000000000000000e+00	2.957834693272139e+05	1.420162473697683e+04	8.534704998557505e-03	3.698591619579942e+04	8.193692173649066e+03	8.309187634607446e+03	0.000000000000000e+00	-inf	
32	3.999999999999999e-01	1.000000000000000e+00	1.860835062647963e-03	6.673869935909542e-03	0.000000000000000e+00	0.000000000000000e+00	2.957834693272139e+05	1.420162473697683e+04	8.534704998557505e-03	3.698591619579942e+04	8.193692173649066e+03	8.309187634607446e+03	0.000000000000000e+00	-inf	
33	6.000000000000000e-01	1.000000000000000e+00	1.860835062647963e-03	6.673869935909542e-03	4.254161467542875e-16	-1.028183760354284e-15	2.957834693272139e+05	1.420162473697683e+04	8.534704998557505e-03	3.698591619579942e+04	8.193692173649066e+03	8.309187634607446e+03	4.926061684867874e-17	-inf	
34	8.000000000000000e-01	1.000000000000000e+00	1.860835062647963e-03	6.673869935909542e-03	0.000000000000000e+00	4.401954356580875e-16	2.957834693272139e+05	1.420162473697683e+04	8.534704998557505e-03	3.698591619579942e+04	8.193692173649066e+03	8.309187634607446e+03	1.948769049157003e-17	-inf	
35	1.000000000000000e+00	1.000000000000000e+00	1.860835062647963e-03	6.673869935909542e-03	-8.490133041050290e-16	8.594724931754156e-17	2.957834693272139e+05	1.420162473697683e+04	8.534704998557505e-03	3.698591619579942e+04	8.193692173649066e+03	8.309187634607446e+03	3.777837843505847e-17	-inf	
EXT_ITER= 9823
AOA= 0.000000000000000e+00
SIDESLIP_ANGLE= 0.000000000000000e+00
INITIAL_BCTHRUST= 4.000000000000000e+03
DCD_DCL_VALUE= 0.000000000000000e+00
DCMX_DCL_VALUE= 0.000000000000000e+00
DCMY_DCL_VALUE= 0.000000000000000e+00
DCMZ_DCL_VALUE= 0.000000000000000e+00
