"PointID"	"x"	"y"	"Density[0]"	"Density[1]"	"Momentum_x"	"Momentum_y"	"Energy"	"Electronic_Energy"	"Total_Density"	"Pressure"	"Temperature"	"Tve"	"Mach"	"C<sub>p</sub>"
0	0.000000000000000e+00	0.000000000000000e+00	1.985792350307027e-03	6.548912648250456e-03	0.000000000000000e+00	0.000000000000000e+00	2.957834693272139e+05	1.618324525619142e+04	8.534704998557482e-03	3.813362076008863e+04	8.517934827911633e+03	8.713948023425226e+03	0.000000000000000e+00	-inf	
1	2.000000000000000e-01	0.000000000000000e+00	1.985792350307027e-03	6.548912648250456e-03	0.000000000000000e+00	1.127318682847547e-15	2.957834693272139e+05	1.618324525619142e+04	8.534704998557482e-03	3.813362076008863e+04	8.517934827911633e+03	8.713948023425226e+03	4.920373761675135e-17	-inf	
2	4.000000000000000e-01	0.000000000000000e+00	1.985792350307027e-03	6.548912648250456e-03	0.000000000000000e+00	-8.371898729819552e-16	2.957834693272139e+05	1.618324525619142e+04	8.534704998557482e-03	3.813362076008863e+04	8.517934827911633e+03	8.713948023425226e+03	3.654057319581942e-17	-inf	
3	6.000000000000001e-01	0.000000000000000e+00	1.985792350307027e-03	6.548912648250456e-03	0.000000000000000e+00	-5.647962098009861e-16	2.957834693272139e+05	1.618324525619142e+04	8.534704998557482e-03	3.813362076008863e+04	8.517934827911633e+03	8.713948023425226e+03	2.465148935861428e-17	-inf	
4	8.000000000000000e-01	0.000000000000000e+00	1.985792350307027e-03	6.548912648250456e-03	9.049472282640581e-17	0.000000000000000e+00	2.957834693272139e+05	1.618324525619142e+04	8.534704998557482e-03	3.813362076008863e+04	8.517934827911633e+03	8.713948023425226e+03	3.949795799005020e-18	-inf	
5	1.000000000000000e+00	0.000000000000000e+00	1.985792350307027e-03	6.548912648250456e-03	1.191438059322508e-16	1.145963324233888e-16	2.957834693272139e+05	1.618324525619142e+04	8.534704998557484e-03	3.813362076008862e+04	8.517934827911631e+03	8.713948023425226e+03	7.215257991168236e-18	-inf	
6	0.000000000000000e+00	2.000000000000000e-01	1.985792350307027e-03	6.548912648250456e-03	0.000000000000000e+00	0.000000000000000e+00	2.957834693272139e+05	1.618324525619142e+04	8.534704998557482e-03	3.813362076008863e+04	8.517934827911633e+03	8.713948023425226e+03	0.000000000000000e+00	-inf	
7	2.000000000000000e-01	2.000000000000000e-01	1.985792350307027e-03	6.548912648250456e-03	-4.356479621492186e-16	-1.818989403545857e-18	2.957834693272139e+05	1.618324525619142e+04	8.534704998557482e-03	3.813362076008863e+04	8.517934827911633e+03	8.713948023425226e+03	1.901476059790929e-17	-inf	
8	4.000000000000000e-01	2.000000000000000e-01	1.985792350307027e-03	6.548912648250456e-03	-5.627498467220003e-16	9.231371222995163e-17	2.957834693272139e+05	1.618324525619142e+04	8.534704998557482e-03	3.813362076008863e+04	8.517934827911633e+03	8.713948023425226e+03	2.489045344823021e-17	-inf	
9	5.999999999999999e-01	2.000000000000000e-01	1.985792350307027e-03	6.548912648250456e-03	0.000000000000000e+00	3.758486855076721e-16	2.957834693272139e+05	1.618324525619142e+04	8.534704998557482e-03	3.813362076008863e+04	8.517934827911633e+03	8.713948023425226e+03	1.640455390893342e-17	-inf	
10	7.999999999999999e-01	2.000000000000000e-01	1.985792350307027e-03	6.548912648250456e-03	7.958078640513159e-17	-2.917204255936648e-16	2.957834693272139e+05	1.618324525619142e+04	8.534704998557482e-03	3.813362076008863e+04	8.517934827911633e+03	8.713948023425226e+03	1.319790601242054e-17	-inf	
11	1.000000000000000e+00	2.000000000000000e-01	1.985792350307027e-03	6.548912648250456e-03	1.323314791079603e-16	-5.888978193979624e-17	2.957834693272139e+05	1.618324525619142e+04	8.534704998557484e-03	3.813362076008862e+04	8.517934827911631e+03	8.713948023425226e+03	6.321938524309117e-18	-inf	
12	0.000000000000000e+00	3.999999999999999e-01	1.985792350307027e-03	6.548912648250456e-03	-1.248736225534249e-15	0.000000000000000e+00	2.957834693272139e+05	1.618324525619142e+04	8.534704998557482e-03	3.813362076008863e+04	8.517934827911633e+03	8.713948023425226e+03	5.450321238225129e-17	-inf	
13	2.000000000000000e-01	3.999999999999999e-01	1.985792350307027e-03	6.548912648250456e-03	3.776778787322580e-16	0.000000000000000e+00	2.957834693272139e+05	1.618324525619142e+04	8.534704998557482e-03	3.813362076008863e+04	8.517934827911633e+03	8.713948023425226e+03	1.648439215240644e-17	-inf	
14	3.999999999999999e-01	4.000000000000001e-01	1.985792350307027e-03	6.548912648250456e-03	7.254240628743895e-17	0.000000000000000e+00	2.957834693272139e+05	1.618324525619142e+04	8.534704998557484e-03	3.813362076008862e+04	8.517934827911631e+03	8.713948023425226e+03	3.166236468324035e-18	-inf	
15	6.000000000000001e-01	4.000000000000000e-01	1.985792350307027e-03	6.548912648250456e-03	-3.290097083663655e-16	-9.094947017729280e-19	2.957834693272139e+05	1.618324525619142e+04	8.534704998557484e-03	3.813362076008862e+04	8.517934827911631e+03	8.713948023425226e+03	1.436024210622080e-17	-inf	
16	8.000000000000000e-01	4.000000000000000e-01	1.985792350307027e-03	6.548912648250456e-03	-1.018634065985679e-16	0.000000000000000e+00	2.957834693272139e+05	1.618324525619142e+04	8.534704998557482e-03	3.813362076008863e+04	8.517934827911633e+03	8.713948023425226e+03	4.446001301392609e-18	-inf	
17	1.000000000000000e+00	4.000000000000000e-01	1.985792350307027e-03	6.548912648250456e-03	0.000000000000000e+00	0.000000000000000e+00	2.957834693272139e+05	1.618324525619142e+04	8.534704998557482e-03	3.813362076008863e+04	8.517934827911633e+03	8.713948023425226e+03	0.000000000000000e+00	-inf	
18	0.000000000000000e+00	6.000000000000000e-01	1.985792350307027e-03	6.548912648250456e-03	8.371898729819552e-16	9.049472282640575e-17	2.957834693272139e+05	1.618324525619142e+04	8.534704998557482e-03	3.813362076008863e+04	8.517934827911633e+03	8.713948023425226e+03	3.675342672912112e-17	-inf	
19	2.000000000000000e-01	6.000000000000000e-01	1.985792350307027e-03	6.548912648250456e-03	7.296365256281434e-18	1.818989403545857e-18	2.957834693272139e+05	1.618324525619142e+04	8.534704998557482e-03	3.813362076008863e+04	8.517934827911633e+03	8.713948023425226e+03	3.282094341611652e-19	-inf	
20	4.000000000000001e-01	6.000000000000002e-01	1.985792350307027e-03	6.548912648250456e-03	0.000000000000000e+00	-9.231371222995177e-17	2.957834693272139e+05	1.618324525619142e+04	8.534704998557482e-03	3.813362076008863e+04	8.517934827911633e+03	8.713948023425226e+03	4.029188679387035e-18	-inf	
21	6.000000000000000e-01	6.000000000000001e-01	1.985792350307027e-03	6.548912648250456e-03	-7.296365256281078e-18	-9.526957001071426e-17	2.957834693272139e+05	1.618324525619142e+04	8.534704998557482e-03	3.813362076008863e+04	8.517934827911633e+03	8.713948023425226e+03	4.170379238257659e-18	-inf	
22	8.000000000000000e-01	6.000000000000001e-01	1.985792350307027e-03	6.548912648250456e-03	1.027729013003407e-16	-9.094947017729286e-19	2.957834693272139e+05	1.618324525619142e+04	8.534704998557482e-03	3.813362076008863e+04	8.517934827911633e+03	8.713948023425226e+03	4.485873386110234e-18	-inf	
23	1.000000000000000e+00	6.000000000000001e-01	1.985792350307027e-03	6.548912648250456e-03	6.589289114345039e-16	-9.094947017729280e-19	2.957834693272139e+05	1.618324525619142e+04	8.534704998557484e-03	3.813362076008862e+04	8.517934827911631e+03	8.713948023425226e+03	2.876009831412009e-17	-inf	
24	0.000000000000000e+00	8.000000000000000e-01	1.985792350307027e-03	6.548912648250456e-03	-1.091393642127524e-16	0.000000000000000e+00	2.957834693272139e+05	1.618324525619142e+04	8.534704998557484e-03	3.813362076008862e+04	8.517934827911631e+03	8.713948023425226e+03	4.763572822920699e-18	-inf	
25	2.000000000000000e-01	8.000000000000000e-01	1.985792350307027e-03	6.548912648250456e-03	-9.526957001071431e-17	4.347384674474457e-16	2.957834693272139e+05	1.618324525619142e+04	8.534704998557482e-03	3.813362076008863e+04	8.517934827911633e+03	8.713948023425226e+03	1.942517476129439e-17	-inf	
26	3.999999999999999e-01	8.000000000000000e-01	1.985792350307027e-03	6.548912648250456e-03	-9.094947017729284e-19	0.000000000000000e+00	2.957834693272139e+05	1.618324525619142e+04	8.534704998557482e-03	3.813362076008863e+04	8.517934827911633e+03	8.713948023425226e+03	3.969644019100546e-20	-inf	
27	6.000000000000000e-01	8.000000000000000e-01	1.985792350307027e-03	6.548912648250456e-03	0.000000000000000e+00	-5.286437954055109e-16	2.957834693272139e+05	1.618324525619142e+04	8.534704998557482e-03	3.813362076008863e+04	8.517934827911633e+03	8.713948023425226e+03	2.307355586102177e-17	-inf	
28	8.000000000000000e-01	8.000000000000000e-01	1.985792350307027e-03	6.548912648250456e-03	0.000000000000000e+00	9.026734915096225e-17	2.957834693272139e+05	1.618324525619142e+04	8.534704998557482e-03	3.813362076008863e+04	8.517934827911633e+03	8.713948023425226e+03	3.939871688957253e-18	-inf	
29	1.000000000000000e+00	8.000000000000000e-01	1.985792350307027e-03	6.548912648250456e-03	-5.629772203974404e-16	-7.730704965069988e-17	2.957834693272139e+05	1.618324525619142e+04	8.534704998557482e-03	3.813362076008863e+04	8.517934827911633e+03	8.713948023425226e+03	2.480268399869832e-17	-inf	
30	0.000000000000000e+00	1.000000000000000e+00	1.985792350307027e-03	6.548912648250456e-03	1.818989403545857e-18	-1.828084350563577e-16	2.957834693272139e+05	1.618324525619142e+04	8.534704998557482e-03	3.813362076008863e+04	8.517934827911633e+03	8.713948023425226e+03	7.979379458070457e-18	-inf	
31	2.000000000000000e-01	1.000000000000000e+00	1.985792350307027e-03	6.548912648250456e-03	0.000000000000000e+00	0.000000000000000e+00	2.957834693272139e+05	1.618324525619142e+04	8.534704998557482e-03	3.813362076008863e+04	8.517934827911633e+03	8.713948023425226e+03	0.000000000000000e+00	-inf	
32	3.999999999999999e-01	1.000000000000000e+00	1.985792350307027e-03	6.548912648250456e-03	0.000000000000000e+00	0.000000000000000e+00	2.957834693272139e+05	1.618324525619142e+04	8.534704998557482e-03	3.813362076008863e+04	8.517934827911633e+03	8.713948023425226e+03	0.000000000000000e+00	-inf	
33	6.000000000000000e-01	1.000000000000000e+00	1.985792350307027e-03	6.548912648250456e-03	1.041371433529999e-16	-3.410605131648534e-16	2.957834693272139e+05	1.618324525619142e+04	8.534704998557482e-03	3.813362076008863e+04	8.517934827911633e+03	8.713948023425226e+03	1.556461175331701e-17	-inf	
34	8.000000000000000e-01	1.000000000000000e+00	1.985792350307027e-03	6.548912648250456e-03	0.000000000000000e+00	2.160049916710655e-16	2.957834693272139e+05	1.618324525619142e+04	8.534704998557484e-03	3.813362076008862e+04	8.517934827911631e+03	8.713948023425226e+03	9.427904545363578e-18	-inf	
35	1.000000000000000e+00	1.000000000000000e+00	1.985792350307027e-03	6.548912648250456e-03	-2.064552973024538e-16	-1.423359208274637e-16	2.957834693272139e+05	1.618324525619142e+04	8.534704998557482e-03	3.813362076008863e+04	8.517934827911633e+03	8.713948023425226e+03	1.094508316817075e-17	-inf	
EXT_ITER= 5669
AOA= 0.000000000000000e+00
SIDESLIP_ANGLE= 0.000000000000000e+00
INITIAL_BCTHRUST= 4.000000000000000e+03
DCD_DCL_VALUE= 0.000000000000000e+00
DCMX_DCL_VALUE= 0.000000000000000e+00
DCMY_DCL_VALUE= 0.000000000000000e+00
DCMZ_DCL_VALUE= 0.000000000000000e+00
