"PointID"	"x"	"y"	"Density[0]"	"Density[1]"	"Momentum_x"	"Momentum_y"	"Energy"	"Electronic_Energy"	"Total_Density"	"Pressure"	"Temperature"	"Tve"	"Mach"	"C<sub>p</sub>"
0	0.000000000000000e+00	0.000000000000000e+00	1.938746798228587e-03	6.595958200328917e-03	0.000000000000000e+00	0.000000000000000e+00	2.957834693272139e+05	1.541660703861648e+04	8.534704998557503e-03	3.771610916033843e+04	8.398480235866467e+03	8.558476758896291e+03	0.000000000000000e+00	-inf	
1	2.000000000000000e-01	0.000000000000000e+00	1.938746798228587e-03	6.595958200328917e-03	0.000000000000000e+00	1.247826730832476e-15	2.957834693272139e+05	1.541660703861648e+04	8.534704998557503e-03	3.771610916033843e+04	8.398480235866467e+03	8.558476758896291e+03	5.474166508543713e-17	-inf	
2	4.000000000000000e-01	0.000000000000000e+00	1.938746798228587e-03	6.595958200328917e-03	0.000000000000000e+00	-9.563336789142135e-16	2.957834693272139e+05	1.541660703861648e+04	8.534704998557503e-03	3.771610916033843e+04	8.398480235866467e+03	8.558476758896291e+03	4.195398020213926e-17	-inf	
3	6.000000000000001e-01	0.000000000000000e+00	1.938746798228587e-03	6.595958200328917e-03	0.000000000000000e+00	-7.707967597525370e-16	2.957834693272139e+05	1.541660703861648e+04	8.534704998557503e-03	3.771610916033843e+04	8.398480235866467e+03	8.558476758896291e+03	3.381454895036888e-17	-inf	
4	8.000000000000000e-01	0.000000000000000e+00	1.938746798228587e-03	6.595958200328917e-03	1.921307557495310e-16	0.000000000000000e+00	2.957834693272139e+05	1.541660703861648e+04	8.534704998557503e-03	3.771610916033843e+04	8.398480235866467e+03	8.558476758896291e+03	8.428700254590686e-18	-inf	
5	1.000000000000000e+00	0.000000000000000e+00	1.938746798228587e-03	6.595958200328917e-03	3.219611244276151e-16	-6.366462912410481e-18	2.957834693272139e+05	1.541660703861649e+04	8.534704998557505e-03	3.771610916033838e+04	8.398480235866458e+03	8.558476758896293e+03	1.412706828573780e-17	-inf	
6	0.000000000000000e+00	2.000000000000000e-01	1.938746798228587e-03	6.595958200328917e-03	0.000000000000000e+00	0.000000000000000e+00	2.957834693272139e+05	1.541660703861648e+04	8.534704998557503e-03	3.771610916033843e+04	8.398480235866467e+03	8.558476758896291e+03	0.000000000000000e+00	-inf	
7	2.000000000000000e-01	2.000000000000000e-01	1.938746798228587e-03	6.595958200328917e-03	-5.445599526865394e-16	-1.818989403545857e-18	2.957834693272139e+05	1.541660703861648e+04	8.534704998557503e-03	3.771610916033843e+04	8.398480235866467e+03	8.558476758896291e+03	2.388976299020110e-17	-inf	
8	4.000000000000000e-01	2.000000000000000e-01	1.938746798228587e-03	6.595958200328917e-03	-6.230038707144648e-16	1.939497451530769e-16	2.957834693272139e+05	1.541660703861648e+04	8.534704998557503e-03	3.771610916033843e+04	8.398480235866467e+03	8.558476758896291e+03	2.862471776804650e-17	-inf	
9	5.999999999999999e-01	2.000000000000000e-01	1.938746798228587e-03	6.595958200328917e-03	0.000000000000000e+00	5.891251930734204e-16	2.957834693272139e+05	1.541660703861648e+04	8.534704998557503e-03	3.771610916033843e+04	8.398480235866467e+03	8.558476758896291e+03	2.584468918301148e-17	-inf	
10	7.999999999999999e-01	2.000000000000000e-01	1.938746798228587e-03	6.595958200328917e-03	1.839453034335753e-16	-3.985860530519749e-16	2.957834693272139e+05	1.541660703861648e+04	8.534704998557503e-03	3.771610916033843e+04	8.398480235866467e+03	8.558476758896291e+03	1.925804264550873e-17	-inf	
11	1.000000000000000e+00	2.000000000000000e-01	1.938746798228587e-03	6.595958200328917e-03	3.228706191293899e-16	-1.602984411874784e-16	2.957834693272139e+05	1.541660703861649e+04	8.534704998557505e-03	3.771610916033838e+04	8.398480235866458e+03	8.558476758896293e+03	1.581382271925991e-17	-inf	
12	0.000000000000000e+00	3.999999999999999e-01	1.938746798228587e-03	6.595958200328917e-03	-1.265107130166178e-15	0.000000000000000e+00	2.957834693272139e+05	1.541660703861648e+04	8.534704998557503e-03	3.771610916033843e+04	8.398480235866467e+03	8.558476758896291e+03	5.549974936869100e-17	-inf	
13	2.000000000000000e-01	3.999999999999999e-01	1.938746798228587e-03	6.595958200328917e-03	4.936279977835693e-16	0.000000000000000e+00	2.957834693272139e+05	1.541660703861648e+04	8.534704998557503e-03	3.771610916033843e+04	8.398480235866467e+03	8.558476758896291e+03	2.165526500096337e-17	-inf	
14	3.999999999999999e-01	4.000000000000001e-01	1.938746798228587e-03	6.595958200328917e-03	1.502937478642870e-16	0.000000000000000e+00	2.957834693272139e+05	1.541660703861649e+04	8.534704998557505e-03	3.771610916033838e+04	8.398480235866458e+03	8.558476758896293e+03	6.593327267907739e-18	-inf	
15	6.000000000000001e-01	4.000000000000000e-01	1.938746798228587e-03	6.595958200328917e-03	-5.368292477214770e-16	-9.094947017729280e-19	2.957834693272139e+05	1.541660703861649e+04	8.534704998557505e-03	3.771610916033838e+04	8.398480235866458e+03	8.558476758896293e+03	2.355052054536335e-17	-inf	
16	8.000000000000000e-01	4.000000000000000e-01	1.938746798228587e-03	6.595958200328917e-03	-2.005435817409309e-16	0.000000000000000e+00	2.957834693272139e+05	1.541660703861648e+04	8.534704998557503e-03	3.771610916033843e+04	8.398480235866467e+03	8.558476758896291e+03	8.797767603016564e-18	-inf	
17	1.000000000000000e+00	4.000000000000000e-01	1.938746798228587e-03	6.595958200328917e-03	0.000000000000000e+00	0.000000000000000e+00	2.957834693272139e+05	1.541660703861648e+04	8.534704998557503e-03	3.771610916033843e+04	8.398480235866467e+03	8.558476758896291e+03	0.000000000000000e+00	-inf	
18	0.000000000000000e+00	6.000000000000000e-01	1.938746798228587e-03	6.595958200328917e-03	9.563336789142135e-16	1.921307557495309e-16	2.957834693272139e+05	1.541660703861648e+04	8.534704998557503e-03	3.771610916033843e+04	8.398480235866467e+03	8.558476758896291e+03	4.279228251429491e-17	-inf	
19	2.000000000000000e-01	6.000000000000000e-01	1.938746798228587e-03	6.595958200328917e-03	7.048080731363118e-18	1.818989403545857e-18	2.957834693272139e+05	1.541660703861648e+04	8.534704998557503e-03	3.771610916033843e+04	8.398480235866467e+03	8.558476758896291e+03	3.193278253671578e-19	-inf	
20	4.000000000000001e-01	6.000000000000002e-01	1.938746798228587e-03	6.595958200328917e-03	0.000000000000000e+00	-1.939497451530770e-16	2.957834693272139e+05	1.541660703861648e+04	8.534704998557503e-03	3.771610916033843e+04	8.398480235866467e+03	8.558476758896291e+03	8.508498600196284e-18	-inf	
21	6.000000000000000e-01	6.000000000000001e-01	1.938746798228587e-03	6.595958200328917e-03	-7.048080731362727e-18	-2.055458026006823e-16	2.957834693272139e+05	1.541660703861648e+04	8.534704998557503e-03	3.771610916033843e+04	8.398480235866467e+03	8.558476758896291e+03	9.022512606534612e-18	-inf	
22	8.000000000000000e-01	6.000000000000001e-01	1.938746798228587e-03	6.595958200328917e-03	2.014530764427036e-16	-9.094947017729286e-19	2.957834693272139e+05	1.541660703861648e+04	8.534704998557503e-03	3.771610916033843e+04	8.398480235866467e+03	8.558476758896291e+03	8.837756841213247e-18	-inf	
23	1.000000000000000e+00	6.000000000000001e-01	1.938746798228587e-03	6.595958200328917e-03	1.074567990144727e-15	-9.094947017729280e-19	2.957834693272139e+05	1.541660703861649e+04	8.534704998557505e-03	3.771610916033838e+04	8.398480235866458e+03	8.558476758896293e+03	4.714088955146641e-17	-inf	
24	0.000000000000000e+00	8.000000000000000e-01	1.938746798228587e-03	6.595958200328917e-03	-2.955857780762033e-16	0.000000000000000e+00	2.957834693272139e+05	1.541660703861649e+04	8.534704998557505e-03	3.771610916033838e+04	8.398480235866458e+03	8.558476758896293e+03	1.296723116090883e-17	-inf	
25	2.000000000000000e-01	8.000000000000000e-01	1.938746798228587e-03	6.595958200328917e-03	-2.055458026006824e-16	5.436504579847663e-16	2.957834693272139e+05	1.541660703861648e+04	8.534704998557503e-03	3.771610916033843e+04	8.398480235866467e+03	8.558476758896291e+03	2.549744650388649e-17	-inf	
26	3.999999999999999e-01	8.000000000000000e-01	1.938746798228587e-03	6.595958200328917e-03	-9.094947017729284e-19	0.000000000000000e+00	2.957834693272139e+05	1.541660703861648e+04	8.534704998557503e-03	3.771610916033843e+04	8.398480235866467e+03	8.558476758896291e+03	3.989917280279617e-20	-inf	
27	6.000000000000000e-01	8.000000000000000e-01	1.938746798228587e-03	6.595958200328917e-03	0.000000000000000e+00	-5.993570084683655e-16	2.957834693272139e+05	1.541660703861648e+04	8.534704998557503e-03	3.771610916033843e+04	8.398480235866467e+03	8.558476758896291e+03	2.629355487704292e-17	-inf	
28	8.000000000000000e-01	8.000000000000000e-01	1.938746798228587e-03	6.595958200328917e-03	0.000000000000000e+00	1.941771188285197e-16	2.957834693272139e+05	1.541660703861648e+04	8.534704998557503e-03	3.771610916033843e+04	8.398480235866467e+03	8.558476758896291e+03	8.518473393396959e-18	-inf	
29	1.000000000000000e+00	8.000000000000000e-01	1.938746798228587e-03	6.595958200328917e-03	-7.689777703489913e-16	-1.789430825738250e-16	2.957834693272139e+05	1.541660703861648e+04	8.534704998557503e-03	3.771610916033843e+04	8.398480235866467e+03	8.558476758896291e+03	3.463608588885904e-17	-inf	
30	0.000000000000000e+00	1.000000000000000e+00	1.938746798228587e-03	6.595958200328917e-03	1.818989403545857e-18	-3.860805009026082e-16	2.957834693272139e+05	1.541660703861648e+04	8.534704998557503e-03	3.771610916033843e+04	8.398480235866467e+03	8.558476758896291e+03	1.693738683571225e-17	-inf	
31	2.000000000000000e-01	1.000000000000000e+00	1.938746798228587e-03	6.595958200328917e-03	0.000000000000000e+00	0.000000000000000e+00	2.957834693272139e+05	1.541660703861648e+04	8.534704998557503e-03	3.771610916033843e+04	8.398480235866467e+03	8.558476758896291e+03	0.000000000000000e+00	-inf	
32	3.999999999999999e-01	1.000000000000000e+00	1.938746798228587e-03	6.595958200328917e-03	0.000000000000000e+00	0.000000000000000e+00	2.957834693272139e+05	1.541660703861648e+04	8.534704998557503e-03	3.771610916033843e+04	8.398480235866467e+03	8.558476758896291e+03	0.000000000000000e+00	-inf	
33	6.000000000000000e-01	1.000000000000000e+00	1.938746798228587e-03	6.595958200328917e-03	2.028173184953628e-16	-5.247784429229806e-16	2.957834693272139e+05	1.541660703861648e+04	8.534704998557503e-03	3.771610916033843e+04	8.398480235866467e+03	8.558476758896291e+03	2.468137158786669e-17	-inf	
34	8.000000000000000e-01	1.000000000000000e+00	1.938746798228587e-03	6.595958200328917e-03	0.000000000000000e+00	2.605702320579388e-16	2.957834693272139e+05	1.541660703861649e+04	8.534704998557505e-03	3.771610916033838e+04	8.398480235866458e+03	8.558476758896293e+03	1.143111300800088e-17	-inf	
35	1.000000000000000e+00	1.000000000000000e+00	1.938746798228587e-03	6.595958200328917e-03	-4.038156475871797e-16	-2.319211489520962e-17	2.957834693272139e+05	1.541660703861648e+04	8.534704998557503e-03	3.771610916033843e+04	8.398480235866467e+03	8.558476758896291e+03	1.774442537984382e-17	-inf	
EXT_ITER= 6932
AOA= 0.000000000000000e+00
SIDESLIP_ANGLE= 0.000000000000000e+00
INITIAL_BCTHRUST= 4.000000000000000e+03
DCD_DCL_VALUE= 0.000000000000000e+00
DCMX_DCL_VALUE= 0.000000000000000e+00
DCMY_DCL_VALUE= 0.000000000000000e+00
DCMZ_DCL_VALUE= 0.000000000000000e+00
