"PointID"	"x"	"y"	"Density[0]"	"Density[1]"	"Momentum_x"	"Momentum_y"	"Energy"	"Electronic_Energy"	"Total_Density"	"Pressure"	"Temperature"	"Tve"	"Mach"	"C<sub>p</sub>"
0	0.000000000000000e+00	0.000000000000000e+00	1.882789579371407e-03	6.651915419186103e-03	0.000000000000000e+00	0.000000000000000e+00	2.957834693272139e+05	1.453850514017559e+04	8.534704998557510e-03	3.719571646273928e+04	8.252082764377908e+03	8.378697065895023e+03	0.000000000000000e+00	-inf	
1	2.000000000000000e-01	0.000000000000000e+00	1.882789579371407e-03	6.651915419186103e-03	0.000000000000000e+00	1.416083250660490e-15	2.957834693272139e+05	1.453850514017559e+04	8.534704998557510e-03	3.719571646273928e+04	8.252082764377908e+03	8.378697065895023e+03	6.252563324923905e-17	-inf	
2	4.000000000000000e-01	0.000000000000000e+00	1.882789579371407e-03	6.651915419186103e-03	0.000000000000000e+00	-1.119587977882476e-15	2.957834693272139e+05	1.453850514017559e+04	8.534704998557510e-03	3.719571646273928e+04	8.252082764377908e+03	8.378697065895023e+03	4.943420329467639e-17	-inf	
3	6.000000000000001e-01	0.000000000000000e+00	1.882789579371407e-03	6.651915419186103e-03	0.000000000000000e+00	-1.136413629865277e-15	2.957834693272139e+05	1.453850514017559e+04	8.534704998557510e-03	3.719571646273928e+04	8.252082764377908e+03	8.378697065895023e+03	5.017712186571752e-17	-inf	
4	8.000000000000000e-01	0.000000000000000e+00	1.882789579371407e-03	6.651915419186103e-03	3.481090971035875e-16	0.000000000000000e+00	2.957834693272139e+05	1.453850514017559e+04	8.534704998557510e-03	3.719571646273928e+04	8.252082764377908e+03	8.378697065895023e+03	1.537038286843000e-17	-inf	
5	1.000000000000000e+00	0.000000000000000e+00	1.882789579371408e-03	6.651915419186103e-03	6.712070899084228e-16	-1.164153218269347e-16	2.957834693272139e+05	1.453850514017560e+04	8.534704998557512e-03	3.719571646273926e+04	8.252082764377905e+03	8.378697065895021e+03	3.007888648306784e-17	-inf	
6	0.000000000000000e+00	2.000000000000000e-01	1.882789579371407e-03	6.651915419186103e-03	0.000000000000000e+00	0.000000000000000e+00	2.957834693272139e+05	1.453850514017559e+04	8.534704998557510e-03	3.719571646273928e+04	8.252082764377908e+03	8.378697065895023e+03	0.000000000000000e+00	-inf	
7	2.000000000000000e-01	2.000000000000000e-01	1.882789579371407e-03	6.651915419186103e-03	-7.153175829444293e-16	-1.818989403545857e-18	2.957834693272139e+05	1.453850514017559e+04	8.534704998557510e-03	3.719571646273928e+04	8.252082764377908e+03	8.378697065895023e+03	3.158418082686560e-17	-inf	
8	4.000000000000000e-01	2.000000000000000e-01	1.882789579371407e-03	6.651915419186103e-03	-7.071321306284718e-16	3.499280865071334e-16	2.957834693272139e+05	1.453850514017559e+04	8.534704998557510e-03	3.719571646273928e+04	8.252082764377908e+03	8.378697065895023e+03	3.483645371254447e-17	-inf	
9	5.999999999999999e-01	2.000000000000000e-01	1.882789579371407e-03	6.651915419186103e-03	0.000000000000000e+00	9.354153007734540e-16	2.957834693272139e+05	1.453850514017559e+04	8.534704998557510e-03	3.719571646273928e+04	8.252082764377908e+03	8.378697065895023e+03	4.130225677382167e-17	-inf	
10	7.999999999999999e-01	2.000000000000000e-01	1.882789579371407e-03	6.651915419186103e-03	3.340119292261078e-16	-5.643414624501031e-16	2.957834693272139e+05	1.453850514017559e+04	8.534704998557510e-03	3.719571646273928e+04	8.252082764377908e+03	8.378697065895023e+03	2.895518826279041e-17	-inf	
11	1.000000000000000e+00	2.000000000000000e-01	1.882789579371408e-03	6.651915419186103e-03	6.625668902415794e-16	-3.301465767435734e-16	2.957834693272139e+05	1.453850514017560e+04	8.534704998557512e-03	3.719571646273926e+04	8.252082764377905e+03	8.378697065895021e+03	3.268558647312961e-17	-inf	
12	0.000000000000000e+00	3.999999999999999e-01	1.882789579371407e-03	6.651915419186103e-03	-1.257376425201129e-15	0.000000000000000e+00	2.957834693272139e+05	1.453850514017559e+04	8.534704998557510e-03	3.719571646273928e+04	8.252082764377908e+03	8.378697065895023e+03	5.551810402509590e-17	-inf	
13	2.000000000000000e-01	3.999999999999999e-01	1.882789579371407e-03	6.651915419186103e-03	7.053494976495937e-16	0.000000000000000e+00	2.957834693272139e+05	1.453850514017559e+04	8.534704998557510e-03	3.719571646273928e+04	8.252082764377908e+03	8.378697065895023e+03	3.114394862166701e-17	-inf	
14	3.999999999999999e-01	4.000000000000001e-01	1.882789579371408e-03	6.651915419186103e-03	2.715205249039035e-16	0.000000000000000e+00	2.957834693272139e+05	1.453850514017560e+04	8.534704998557512e-03	3.719571646273926e+04	8.252082764377905e+03	8.378697065895021e+03	1.198869681698723e-17	-inf	
15	6.000000000000001e-01	4.000000000000000e-01	1.882789579371408e-03	6.651915419186103e-03	-8.810729923425196e-16	-9.094947017729280e-19	2.957834693272139e+05	1.453850514017560e+04	8.534704998557512e-03	3.719571646273926e+04	8.252082764377905e+03	8.378697065895021e+03	3.890285130474263e-17	-inf	
16	8.000000000000000e-01	4.000000000000000e-01	1.882789579371407e-03	6.651915419186103e-03	-3.651621227618310e-16	0.000000000000000e+00	2.957834693272139e+05	1.453850514017559e+04	8.534704998557510e-03	3.719571646273928e+04	8.252082764377908e+03	8.378697065895023e+03	1.612334087962028e-17	-inf	
17	1.000000000000000e+00	4.000000000000000e-01	1.882789579371407e-03	6.651915419186103e-03	0.000000000000000e+00	0.000000000000000e+00	2.957834693272139e+05	1.453850514017559e+04	8.534704998557510e-03	3.719571646273928e+04	8.252082764377908e+03	8.378697065895023e+03	0.000000000000000e+00	-inf	
18	0.000000000000000e+00	6.000000000000000e-01	1.882789579371407e-03	6.651915419186103e-03	1.119587977882476e-15	3.481090971035875e-16	2.957834693272139e+05	1.453850514017559e+04	8.534704998557510e-03	3.719571646273928e+04	8.252082764377908e+03	8.378697065895023e+03	5.176861138664548e-17	-inf	
19	2.000000000000000e-01	6.000000000000000e-01	1.882789579371407e-03	6.651915419186103e-03	3.190502741142305e-17	1.818989403545857e-18	2.957834693272139e+05	1.453850514017559e+04	8.534704998557510e-03	3.719571646273928e+04	8.252082764377908e+03	8.378697065895023e+03	1.411019820509789e-18	-inf	
20	4.000000000000001e-01	6.000000000000002e-01	1.882789579371407e-03	6.651915419186103e-03	0.000000000000000e+00	-3.499280865071336e-16	2.957834693272139e+05	1.453850514017559e+04	8.534704998557510e-03	3.719571646273928e+04	8.252082764377908e+03	8.378697065895023e+03	1.545069838962363e-17	-inf	
21	6.000000000000000e-01	6.000000000000001e-01	1.882789579371407e-03	6.651915419186103e-03	-3.190502741142260e-17	-3.690274752443664e-16	2.957834693272139e+05	1.453850514017559e+04	8.534704998557510e-03	3.719571646273928e+04	8.252082764377908e+03	8.378697065895023e+03	1.635479540138061e-17	-inf	
22	8.000000000000000e-01	6.000000000000001e-01	1.882789579371407e-03	6.651915419186103e-03	6.218670023372394e-16	-9.094947017729286e-19	2.957834693272139e+05	1.453850514017559e+04	8.534704998557510e-03	3.719571646273928e+04	8.252082764377908e+03	8.378697065895023e+03	2.745789817387619e-17	-inf	
23	1.000000000000000e+00	6.000000000000001e-01	1.882789579371408e-03	6.651915419186103e-03	1.251464709639541e-15	-9.094947017729280e-19	2.957834693272139e+05	1.453850514017560e+04	8.534704998557512e-03	3.719571646273926e+04	8.252082764377905e+03	8.378697065895021e+03	5.525709317342143e-17	-inf	
24	0.000000000000000e+00	8.000000000000000e-01	1.882789579371408e-03	6.651915419186103e-03	-6.207301339600246e-16	0.000000000000000e+00	2.957834693272139e+05	1.453850514017560e+04	8.534704998557512e-03	3.719571646273926e+04	8.252082764377905e+03	8.378697065895021e+03	2.740767160732467e-17	-inf	
25	2.000000000000000e-01	8.000000000000000e-01	1.882789579371407e-03	6.651915419186103e-03	-3.690274752443665e-16	7.144080882426562e-16	2.957834693272139e+05	1.453850514017559e+04	8.534704998557510e-03	3.719571646273928e+04	8.252082764377908e+03	8.378697065895023e+03	3.550371466613126e-17	-inf	
26	3.999999999999999e-01	8.000000000000000e-01	1.882789579371407e-03	6.651915419186103e-03	-9.094947017729284e-19	0.000000000000000e+00	2.957834693272139e+05	1.453850514017559e+04	8.534704998557510e-03	3.719571646273928e+04	8.252082764377908e+03	8.378697065895023e+03	4.015776059681263e-20	-inf	
27	6.000000000000000e-01	8.000000000000000e-01	1.882789579371407e-03	6.651915419186103e-03	0.000000000000000e+00	-6.930349627509895e-16	2.957834693272139e+05	1.453850514017559e+04	8.534704998557510e-03	3.719571646273928e+04	8.252082764377908e+03	8.378697065895023e+03	3.060021357477203e-17	-inf	
28	8.000000000000000e-01	8.000000000000000e-01	1.882789579371407e-03	6.651915419186103e-03	0.000000000000000e+00	3.442437446210521e-16	2.957834693272139e+05	1.453850514017559e+04	8.534704998557510e-03	3.719571646273928e+04	8.252082764377908e+03	8.378697065895023e+03	1.519971238589352e-17	-inf	
29	1.000000000000000e+00	8.000000000000000e-01	1.882789579371407e-03	6.651915419186103e-03	-1.134594640461731e-15	-3.417426341911794e-16	2.957834693272139e+05	1.453850514017559e+04	8.534704998557510e-03	3.719571646273928e+04	8.252082764377908e+03	8.378697065895023e+03	5.231994201933680e-17	-inf	
30	0.000000000000000e+00	1.000000000000000e+00	1.882789579371407e-03	6.651915419186103e-03	1.818989403545857e-18	-6.980371836107212e-16	2.957834693272139e+05	1.453850514017559e+04	8.534704998557510e-03	3.719571646273928e+04	8.252082764377908e+03	8.378697065895023e+03	3.082118590350621e-17	-inf	
31	2.000000000000000e-01	1.000000000000000e+00	1.882789579371407e-03	6.651915419186103e-03	0.000000000000000e+00	0.000000000000000e+00	2.957834693272139e+05	1.453850514017559e+04	8.534704998557510e-03	3.719571646273928e+04	8.252082764377908e+03	8.378697065895023e+03	0.000000000000000e+00	-inf	
32	3.999999999999999e-01	1.000000000000000e+00	1.882789579371407e-03	6.651915419186103e-03	0.000000000000000e+00	0.000000000000000e+00	2.957834693272139e+05	1.453850514017559e+04	8.534704998557510e-03	3.719571646273928e+04	8.252082764377908e+03	8.378697065895023e+03	0.000000000000000e+00	-inf	
33	6.000000000000000e-01	1.000000000000000e+00	1.882789579371407e-03	6.651915419186103e-03	3.674358595162631e-16	-8.662937034386864e-16	2.957834693272139e+05	1.453850514017559e+04	8.534704998557510e-03	3.719571646273928e+04	8.252082764377908e+03	8.378697065895023e+03	4.154867638842764e-17	-inf	
34	8.000000000000000e-01	1.000000000000000e+00	1.882789579371408e-03	6.651915419186103e-03	0.000000000000000e+00	4.210960469208582e-16	2.957834693272139e+05	1.453850514017560e+04	8.534704998557512e-03	3.719571646273926e+04	8.252082764377905e+03	8.378697065895021e+03	1.859304315632391e-17	-inf	
35	1.000000000000000e+00	1.000000000000000e+00	1.882789579371407e-03	6.651915419186103e-03	-7.330527296289800e-16	8.594724931754156e-17	2.957834693272139e+05	1.453850514017559e+04	8.534704998557510e-03	3.719571646273928e+04	8.252082764377908e+03	8.378697065895023e+03	3.258886397276527e-17	-inf	
EXT_ITER= 8886
AOA= 0.000000000000000e+00
SIDESLIP_ANGLE= 0.000000000000000e+00
INITIAL_BCTHRUST= 4.000000000000000e+03
DCD_DCL_VALUE= 0.000000000000000e+00
DCMX_DCL_VALUE= 0.000000000000000e+00
DCMY_DCL_VALUE= 0.000000000000000e+00
DCMZ_DCL_VALUE= 0.000000000000000e+00
