"PointID"	"x"	"y"	"Density[0]"	"Density[1]"	"Momentum_x"	"Momentum_y"	"Energy"	"Electronic_Energy"	"Total_Density"	"Pressure"	"Temperature"	"Tve"	"Mach"	"C<sub>p</sub>"
0	0.000000000000000e+00	0.000000000000000e+00	2.418707372137562e-03	6.115997626419923e-03	0.000000000000000e+00	0.000000000000000e+00	2.957834693272139e+05	2.654551093533259e+04	8.534704998557484e-03	3.987955829130964e+04	9.171147342156615e+03	1.071910339919222e+04	0.000000000000000e+00	-inf	
1	2.000000000000000e-01	0.000000000000000e+00	2.418707372137562e-03	6.115997626419923e-03	0.000000000000000e+00	2.823981049004981e-16	2.957834693272139e+05	2.654551093533259e+04	8.534704998557484e-03	3.987955829130964e+04	9.171147342156615e+03	1.071910339919222e+04	1.209916664069723e-17	-inf	
2	4.000000000000000e-01	0.000000000000000e+00	2.418707372137562e-03	6.115997626419923e-03	0.000000000000000e+00	-2.100932761095486e-16	2.957834693272139e+05	2.654551093533259e+04	8.534704998557484e-03	3.987955829130964e+04	9.171147342156615e+03	1.071910339919222e+04	9.001312380035592e-18	-inf	
3	6.000000000000001e-01	0.000000000000000e+00	2.418707372137562e-03	6.115997626419923e-03	0.000000000000000e+00	-9.003997547551973e-17	2.957834693272139e+05	2.654551093533259e+04	8.534704998557484e-03	3.987955829130964e+04	9.171147342156615e+03	1.071910339919222e+04	3.857705305729492e-18	-inf	
4	8.000000000000000e-01	0.000000000000000e+00	2.418707372137562e-03	6.115997626419923e-03	4.347384674474599e-16	0.000000000000000e+00	2.957834693272139e+05	2.654551093533259e+04	8.534704998557484e-03	3.987955829130964e+04	9.171147342156615e+03	1.071910339919222e+04	1.862609228422931e-17	-inf	
5	1.000000000000000e+00	0.000000000000000e+00	2.418707372137562e-03	6.115997626419923e-03	8.371898729819792e-16	6.093614501878607e-17	2.957834693272139e+05	2.654551093533259e+04	8.534704998557486e-03	3.987955829130961e+04	9.171147342156606e+03	1.071910339919222e+04	3.596375494032675e-17	-inf	
6	0.000000000000000e+00	2.000000000000000e-01	2.418707372137562e-03	6.115997626419923e-03	0.000000000000000e+00	0.000000000000000e+00	2.957834693272139e+05	2.654551093533259e+04	8.534704998557484e-03	3.987955829130964e+04	9.171147342156615e+03	1.071910339919222e+04	0.000000000000000e+00	-inf	
7	2.000000000000000e-01	2.000000000000000e-01	2.418707372137562e-03	6.115997626419923e-03	-1.182343112304821e-16	-1.818989403545857e-18	2.957834693272139e+05	2.654551093533259e+04	8.534704998557484e-03	3.987955829130964e+04	9.171147342156615e+03	1.071910339919222e+04	5.066273086321805e-18	-inf	
8	4.000000000000000e-01	2.000000000000000e-01	2.418707372137562e-03	6.115997626419923e-03	-1.402895577484761e-16	4.365574568510056e-16	2.957834693272139e+05	2.654551093533259e+04	8.534704998557484e-03	3.987955829130964e+04	9.171147342156615e+03	1.071910339919222e+04	1.964607060522123e-17	-inf	
9	5.999999999999999e-01	2.000000000000000e-01	2.418707372137562e-03	6.115997626419923e-03	0.000000000000000e+00	4.763478500535710e-16	2.957834693272139e+05	2.654551093533259e+04	8.534704998557484e-03	3.987955829130964e+04	9.171147342156615e+03	1.071910339919222e+04	2.040881973611944e-17	-inf	
10	7.999999999999999e-01	2.000000000000000e-01	2.418707372137562e-03	6.115997626419923e-03	4.265530151315030e-16	-7.435119186993722e-17	2.957834693272139e+05	2.654551093533259e+04	8.534704998557484e-03	3.987955829130964e+04	9.171147342156615e+03	1.071910339919222e+04	1.855094452989876e-17	-inf	
11	1.000000000000000e+00	2.000000000000000e-01	2.418707372137562e-03	6.115997626419923e-03	8.426468411926176e-16	-4.199591785436494e-16	2.957834693272139e+05	2.654551093533259e+04	8.534704998557486e-03	3.987955829130961e+04	9.171147342156606e+03	1.071910339919222e+04	4.033790223848033e-17	-inf	
12	0.000000000000000e+00	3.999999999999999e-01	2.418707372137562e-03	6.115997626419923e-03	-3.215063770767350e-16	0.000000000000000e+00	2.957834693272139e+05	2.654551093533259e+04	8.534704998557484e-03	3.987955829130964e+04	9.171147342156615e+03	1.071910339919222e+04	1.377473561187271e-17	-inf	
13	2.000000000000000e-01	3.999999999999999e-01	2.418707372137562e-03	6.115997626419923e-03	5.198200315516601e-16	0.000000000000000e+00	2.957834693272139e+05	2.654551093533259e+04	8.534704998557484e-03	3.987955829130964e+04	9.171147342156615e+03	1.071910339919222e+04	2.227135761811175e-17	-inf	
14	3.999999999999999e-01	4.000000000000001e-01	2.418707372137562e-03	6.115997626419923e-03	3.952192574087686e-16	0.000000000000000e+00	2.957834693272139e+05	2.654551093533259e+04	8.534704998557486e-03	3.987955829130961e+04	9.171147342156606e+03	1.071910339919222e+04	1.693291694250627e-17	-inf	
15	6.000000000000001e-01	4.000000000000000e-01	2.418707372137562e-03	6.115997626419923e-03	-4.574758349917828e-16	-9.094947017729280e-19	2.957834693272139e+05	2.654551093533259e+04	8.534704998557486e-03	3.987955829130961e+04	9.171147342156606e+03	1.071910339919222e+04	1.960029902500275e-17	-inf	
16	8.000000000000000e-01	4.000000000000000e-01	2.418707372137562e-03	6.115997626419923e-03	-4.331468517193573e-16	0.000000000000000e+00	2.957834693272139e+05	2.654551093533259e+04	8.534704998557484e-03	3.987955829130964e+04	9.171147342156615e+03	1.071910339919222e+04	1.855790052377450e-17	-inf	
17	1.000000000000000e+00	4.000000000000000e-01	2.418707372137562e-03	6.115997626419923e-03	0.000000000000000e+00	0.000000000000000e+00	2.957834693272139e+05	2.654551093533259e+04	8.534704998557484e-03	3.987955829130964e+04	9.171147342156615e+03	1.071910339919222e+04	0.000000000000000e+00	-inf	
18	0.000000000000000e+00	6.000000000000000e-01	2.418707372137562e-03	6.115997626419923e-03	2.100932761095486e-16	4.347384674474598e-16	2.957834693272139e+05	2.654551093533259e+04	8.534704998557484e-03	3.987955829130964e+04	9.171147342156615e+03	1.071910339919222e+04	2.068707176822298e-17	-inf	
19	2.000000000000000e-01	6.000000000000000e-01	2.418707372137562e-03	6.115997626419923e-03	-7.643085988206857e-18	1.818989403545857e-18	2.957834693272139e+05	2.654551093533259e+04	8.534704998557484e-03	3.987955829130964e+04	9.171147342156615e+03	1.071910339919222e+04	3.366091668445076e-19	-inf	
20	4.000000000000001e-01	6.000000000000002e-01	2.418707372137562e-03	6.115997626419923e-03	0.000000000000000e+00	-4.365574568510060e-16	2.957834693272139e+05	2.654551093533259e+04	8.534704998557484e-03	3.987955829130964e+04	9.171147342156615e+03	1.071910339919222e+04	1.870402572474910e-17	-inf	
21	6.000000000000000e-01	6.000000000000001e-01	2.418707372137562e-03	6.115997626419923e-03	7.643085988206717e-18	-4.331468517193570e-16	2.957834693272139e+05	2.654551093533259e+04	8.534704998557484e-03	3.987955829130964e+04	9.171147342156615e+03	1.071910339919222e+04	1.856078942179889e-17	-inf	
22	8.000000000000000e-01	6.000000000000001e-01	2.418707372137562e-03	6.115997626419923e-03	4.340563464211302e-16	-9.094947017729286e-19	2.957834693272139e+05	2.654551093533259e+04	8.534704998557484e-03	3.987955829130964e+04	9.171147342156615e+03	1.071910339919222e+04	1.859690806821195e-17	-inf	
23	1.000000000000000e+00	6.000000000000001e-01	2.418707372137562e-03	6.115997626419923e-03	9.158611646853384e-16	-9.094947017729280e-19	2.957834693272139e+05	2.654551093533259e+04	8.534704998557486e-03	3.987955829130961e+04	9.171147342156606e+03	1.071910339919222e+04	3.923950664963308e-17	-inf	
24	0.000000000000000e+00	8.000000000000000e-01	2.418707372137562e-03	6.115997626419923e-03	-8.276401786133644e-16	0.000000000000000e+00	2.957834693272139e+05	2.654551093533259e+04	8.534704998557486e-03	3.987955829130961e+04	9.171147342156606e+03	1.071910339919222e+04	3.545971543650348e-17	-inf	
25	2.000000000000000e-01	8.000000000000000e-01	2.418707372137562e-03	6.115997626419923e-03	-4.331468517193570e-16	1.173248165287091e-16	2.957834693272139e+05	2.654551093533259e+04	8.534704998557484e-03	3.987955829130964e+04	9.171147342156615e+03	1.071910339919222e+04	1.922663398114197e-17	-inf	
26	3.999999999999999e-01	8.000000000000000e-01	2.418707372137562e-03	6.115997626419923e-03	-9.094947017729284e-19	0.000000000000000e+00	2.957834693272139e+05	2.654551093533259e+04	8.534704998557484e-03	3.987955829130964e+04	9.171147342156615e+03	1.071910339919222e+04	3.896672025989394e-20	-inf	
27	6.000000000000000e-01	8.000000000000000e-01	2.418707372137562e-03	6.115997626419923e-03	0.000000000000000e+00	-1.045918907038878e-16	2.957834693272139e+05	2.654551093533259e+04	8.534704998557484e-03	3.987955829130964e+04	9.171147342156615e+03	1.071910339919222e+04	4.481172829887848e-18	-inf	
28	8.000000000000000e-01	8.000000000000000e-01	2.418707372137562e-03	6.115997626419923e-03	0.000000000000000e+00	4.331468517193569e-16	2.957834693272139e+05	2.654551093533259e+04	8.534704998557484e-03	3.987955829130964e+04	9.171147342156615e+03	1.071910339919222e+04	1.855790052377447e-17	-inf	
29	1.000000000000000e+00	8.000000000000000e-01	2.418707372137562e-03	6.115997626419923e-03	-8.822098607197387e-17	-4.279172571841622e-16	2.957834693272139e+05	2.654551093533259e+04	8.534704998557484e-03	3.987955829130964e+04	9.171147342156615e+03	1.071910339919222e+04	1.871941327919969e-17	-inf	
30	0.000000000000000e+00	1.000000000000000e+00	2.418707372137562e-03	6.115997626419923e-03	1.818989403545857e-18	-8.712959242984656e-16	2.957834693272139e+05	2.654551093533259e+04	8.534704998557484e-03	3.987955829130964e+04	9.171147342156615e+03	1.071910339919222e+04	3.733019935903644e-17	-inf	
31	2.000000000000000e-01	1.000000000000000e+00	2.418707372137562e-03	6.115997626419923e-03	0.000000000000000e+00	0.000000000000000e+00	2.957834693272139e+05	2.654551093533259e+04	8.534704998557484e-03	3.987955829130964e+04	9.171147342156615e+03	1.071910339919222e+04	0.000000000000000e+00	-inf	
32	3.999999999999999e-01	1.000000000000000e+00	2.418707372137562e-03	6.115997626419923e-03	0.000000000000000e+00	0.000000000000000e+00	2.957834693272139e+05	2.654551093533259e+04	8.534704998557484e-03	3.987955829130964e+04	9.171147342156615e+03	1.071910339919222e+04	0.000000000000000e+00	-inf	
33	6.000000000000000e-01	1.000000000000000e+00	2.418707372137562e-03	6.115997626419923e-03	4.354205884737893e-16	-8.731149137020095e-17	2.957834693272139e+05	2.654551093533259e+04	8.534704998557484e-03	3.987955829130964e+04	9.171147342156615e+03	1.071910339919222e+04	1.902667831250229e-17	-inf	
34	8.000000000000000e-01	1.000000000000000e+00	2.418707372137562e-03	6.115997626419923e-03	0.000000000000000e+00	8.599272405263063e-16	2.957834693272139e+05	2.654551093533259e+04	8.534704998557486e-03	3.987955829130961e+04	9.171147342156606e+03	1.071910339919222e+04	3.684303400572983e-17	-inf	
35	1.000000000000000e+00	1.000000000000000e+00	2.418707372137562e-03	6.115997626419923e-03	-8.690221875440326e-16	-5.366018740460265e-17	2.957834693272139e+05	2.654551093533259e+04	8.534704998557484e-03	3.987955829130964e+04	9.171147342156615e+03	1.071910339919222e+04	3.730361387420196e-17	-inf	
EXT_ITER= 1207
AOA= 0.000000000000000e+00
SIDESLIP_ANGLE= 0.000000000000000e+00
INITIAL_BCTHRUST= 4.000000000000000e+03
DCD_DCL_VALUE= 0.000000000000000e+00
DCMX_DCL_VALUE= 0.000000000000000e+00
DCMY_DCL_VALUE= 0.000000000000000e+00
DCMZ_DCL_VALUE= 0.000000000000000e+00
