"PointID"	"x"	"y"	"Density[0]"	"Density[1]"	"Momentum_x"	"Momentum_y"	"Energy"	"Electronic_Energy"	"Total_Density"	"Pressure"	"Temperature"	"Tve"	"Mach"	"C<sub>p</sub>"
0	0.000000000000000e+00	0.000000000000000e+00	2.361877635620049e-03	6.172827362937434e-03	0.000000000000000e+00	0.000000000000000e+00	2.957834693272139e+05	2.483170851844762e+04	8.534704998557484e-03	3.986994521377414e+04	9.133507945785761e+03	1.039701205048646e+04	0.000000000000000e+00	-inf	
1	2.000000000000000e-01	0.000000000000000e+00	2.361877635620049e-03	6.172827362937434e-03	0.000000000000000e+00	3.451532393228317e-16	2.957834693272139e+05	2.483170851844762e+04	8.534704998557484e-03	3.986994521377414e+04	9.133507945785761e+03	1.039701205048646e+04	1.478213645150955e-17	-inf	
2	4.000000000000000e-01	0.000000000000000e+00	2.361877635620049e-03	6.172827362937434e-03	0.000000000000000e+00	-2.496562956366719e-16	2.957834693272139e+05	2.483170851844762e+04	8.534704998557484e-03	3.986994521377414e+04	9.133507945785761e+03	1.039701205048646e+04	1.069221727520253e-17	-inf	
3	6.000000000000001e-01	0.000000000000000e+00	2.361877635620049e-03	6.172827362937434e-03	0.000000000000000e+00	-9.003997547551973e-17	2.957834693272139e+05	2.483170851844762e+04	8.534704998557484e-03	3.986994521377414e+04	9.133507945785761e+03	1.039701205048646e+04	3.856209509089380e-18	-inf	
4	8.000000000000000e-01	0.000000000000000e+00	2.361877635620049e-03	6.172827362937434e-03	5.004494596505542e-16	0.000000000000000e+00	2.957834693272139e+05	2.483170851844762e+04	8.534704998557484e-03	3.986994521377414e+04	9.133507945785761e+03	1.039701205048646e+04	2.143312406440846e-17	-inf	
5	1.000000000000000e+00	0.000000000000000e+00	2.361877635620050e-03	6.172827362937434e-03	9.722498361952592e-16	8.549250196665506e-17	2.957834693272139e+05	2.483170851844762e+04	8.534704998557484e-03	3.986994521377414e+04	9.133507945785761e+03	1.039701205048646e+04	4.179994295139257e-17	-inf	
6	0.000000000000000e+00	2.000000000000000e-01	2.361877635620049e-03	6.172827362937434e-03	0.000000000000000e+00	0.000000000000000e+00	2.957834693272139e+05	2.483170851844762e+04	8.534704998557484e-03	3.986994521377414e+04	9.133507945785761e+03	1.039701205048646e+04	0.000000000000000e+00	-inf	
7	2.000000000000000e-01	2.000000000000000e-01	2.361877635620049e-03	6.172827362937434e-03	-1.386979420203735e-16	-1.818989403545857e-18	2.957834693272139e+05	2.483170851844762e+04	8.534704998557484e-03	3.986994521377414e+04	9.133507945785761e+03	1.039701205048646e+04	5.940631527284663e-18	-inf	
8	4.000000000000000e-01	2.000000000000000e-01	2.361877635620049e-03	6.172827362937434e-03	-1.716671249596429e-16	5.022684490540999e-16	2.957834693272139e+05	2.483170851844762e+04	8.534704998557484e-03	3.986994521377414e+04	9.133507945785761e+03	1.039701205048646e+04	2.273274980392911e-17	-inf	
9	5.999999999999999e-01	2.000000000000000e-01	2.361877635620049e-03	6.172827362937434e-03	0.000000000000000e+00	5.447873263619831e-16	2.957834693272139e+05	2.483170851844762e+04	8.534704998557484e-03	3.986994521377414e+04	9.133507945785761e+03	1.039701205048646e+04	2.333201511055090e-17	-inf	
10	7.999999999999999e-01	2.000000000000000e-01	2.361877635620049e-03	6.172827362937434e-03	4.920366336591534e-16	-8.299139153678025e-17	2.957834693272139e+05	2.483170851844762e+04	8.534704998557484e-03	3.986994521377414e+04	9.133507945785761e+03	1.039701205048646e+04	2.137047277538037e-17	-inf	
11	1.000000000000000e+00	2.000000000000000e-01	2.361877635620050e-03	6.172827362937434e-03	9.808900358621014e-16	-4.890807758783913e-16	2.957834693272139e+05	2.483170851844762e+04	8.534704998557484e-03	3.986994521377414e+04	9.133507945785761e+03	1.039701205048646e+04	4.694173897711773e-17	-inf	
12	0.000000000000000e+00	3.999999999999999e-01	2.361877635620049e-03	6.172827362937434e-03	-3.856257535517280e-16	0.000000000000000e+00	2.957834693272139e+05	2.483170851844762e+04	8.534704998557484e-03	3.986994521377414e+04	9.133507945785761e+03	1.039701205048646e+04	1.651548315003967e-17	-inf	
13	2.000000000000000e-01	3.999999999999999e-01	2.361877635620049e-03	6.172827362937434e-03	5.950998122477697e-16	0.000000000000000e+00	2.957834693272139e+05	2.483170851844762e+04	8.534704998557484e-03	3.986994521377414e+04	9.133507945785761e+03	1.039701205048646e+04	2.548678564968154e-17	-inf	
14	3.999999999999999e-01	4.000000000000001e-01	2.361877635620050e-03	6.172827362937434e-03	4.609493437362620e-16	0.000000000000000e+00	2.957834693272139e+05	2.483170851844762e+04	8.534704998557484e-03	3.986994521377414e+04	9.133507945785761e+03	1.039701205048646e+04	1.974142299725035e-17	-inf	
15	6.000000000000001e-01	4.000000000000000e-01	2.361877635620050e-03	6.172827362937434e-03	-5.231868271948767e-16	-9.094947017729280e-19	2.957834693272139e+05	2.483170851844762e+04	8.534704998557484e-03	3.986994521377414e+04	9.133507945785761e+03	1.039701205048646e+04	2.240694820070208e-17	-inf	
16	8.000000000000000e-01	4.000000000000000e-01	2.361877635620049e-03	6.172827362937434e-03	-5.015863280277694e-16	0.000000000000000e+00	2.957834693272139e+05	2.483170851844762e+04	8.534704998557484e-03	3.986994521377414e+04	9.133507945785761e+03	1.039701205048646e+04	2.148181357841207e-17	-inf	
17	1.000000000000000e+00	4.000000000000000e-01	2.361877635620049e-03	6.172827362937434e-03	0.000000000000000e+00	0.000000000000000e+00	2.957834693272139e+05	2.483170851844762e+04	8.534704998557484e-03	3.986994521377414e+04	9.133507945785761e+03	1.039701205048646e+04	0.000000000000000e+00	-inf	
18	0.000000000000000e+00	6.000000000000000e-01	2.361877635620049e-03	6.172827362937434e-03	2.496562956366719e-16	5.004494596505541e-16	2.957834693272139e+05	2.483170851844762e+04	8.534704998557484e-03	3.986994521377414e+04	9.133507945785761e+03	1.039701205048646e+04	2.395208378034078e-17	-inf	
19	2.000000000000000e-01	6.000000000000000e-01	2.361877635620049e-03	6.172827362937434e-03	-9.423887142953455e-18	1.818989403545857e-18	2.957834693272139e+05	2.483170851844762e+04	8.534704998557484e-03	3.986994521377414e+04	9.133507945785761e+03	1.039701205048646e+04	4.110535267173390e-19	-inf	
20	4.000000000000001e-01	6.000000000000002e-01	2.361877635620049e-03	6.172827362937434e-03	0.000000000000000e+00	-5.022684490541003e-16	2.957834693272139e+05	2.483170851844762e+04	8.534704998557484e-03	3.986994521377414e+04	9.133507945785761e+03	1.039701205048646e+04	2.151102728681431e-17	-inf	
21	6.000000000000000e-01	6.000000000000001e-01	2.361877635620049e-03	6.172827362937434e-03	9.423887142953293e-18	-5.015863280277690e-16	2.957834693272139e+05	2.483170851844762e+04	8.534704998557484e-03	3.986994521377414e+04	9.133507945785761e+03	1.039701205048646e+04	2.148560473217857e-17	-inf	
22	8.000000000000000e-01	6.000000000000001e-01	2.361877635620049e-03	6.172827362937434e-03	5.024958227295422e-16	-9.094947017729286e-19	2.957834693272139e+05	2.483170851844762e+04	8.534704998557484e-03	3.986994521377414e+04	9.133507945785761e+03	1.039701205048646e+04	2.152080043991300e-17	-inf	
23	1.000000000000000e+00	6.000000000000001e-01	2.361877635620050e-03	6.172827362937434e-03	1.047283149091526e-15	-9.094947017729280e-19	2.957834693272139e+05	2.483170851844762e+04	8.534704998557484e-03	3.986994521377414e+04	9.133507945785761e+03	1.039701205048646e+04	4.485279721358489e-17	-inf	
24	0.000000000000000e+00	8.000000000000000e-01	2.361877635620050e-03	6.172827362937434e-03	-9.590621630195523e-16	0.000000000000000e+00	2.957834693272139e+05	2.483170851844762e+04	8.534704998557484e-03	3.986994521377414e+04	9.133507945785761e+03	1.039701205048646e+04	4.107447401348239e-17	-inf	
25	2.000000000000000e-01	8.000000000000000e-01	2.361877635620049e-03	6.172827362937434e-03	-5.015863280277690e-16	1.377884473186005e-16	2.957834693272139e+05	2.483170851844762e+04	8.534704998557484e-03	3.986994521377414e+04	9.133507945785761e+03	1.039701205048646e+04	2.227761457903210e-17	-inf	
26	3.999999999999999e-01	8.000000000000000e-01	2.361877635620049e-03	6.172827362937434e-03	-9.094947017729284e-19	0.000000000000000e+00	2.957834693272139e+05	2.483170851844762e+04	8.534704998557484e-03	3.986994521377414e+04	9.133507945785761e+03	1.039701205048646e+04	3.895161120292311e-20	-inf	
27	6.000000000000000e-01	8.000000000000000e-01	2.361877635620049e-03	6.172827362937434e-03	0.000000000000000e+00	-1.243734004674495e-16	2.957834693272139e+05	2.483170851844762e+04	8.534704998557484e-03	3.986994521377414e+04	9.133507945785761e+03	1.039701205048646e+04	5.326632831999801e-18	-inf	
28	8.000000000000000e-01	8.000000000000000e-01	2.361877635620049e-03	6.172827362937434e-03	0.000000000000000e+00	5.002220859751101e-16	2.957834693272139e+05	2.483170851844762e+04	8.534704998557484e-03	3.986994521377414e+04	9.133507945785761e+03	1.039701205048646e+04	2.142338616160769e-17	-inf	
29	1.000000000000000e+00	8.000000000000000e-01	2.361877635620049e-03	6.172827362937434e-03	-8.822098607197387e-17	-4.934008757118127e-16	2.957834693272139e+05	2.483170851844762e+04	8.534704998557484e-03	3.986994521377414e+04	9.133507945785761e+03	1.039701205048646e+04	2.146637570655467e-17	-inf	
30	0.000000000000000e+00	1.000000000000000e+00	2.361877635620049e-03	6.172827362937434e-03	1.818989403545857e-18	-1.002717908704654e-15	2.957834693272139e+05	2.483170851844762e+04	8.534704998557484e-03	3.986994521377414e+04	9.133507945785761e+03	1.039701205048646e+04	4.294422201168382e-17	-inf	
31	2.000000000000000e-01	1.000000000000000e+00	2.361877635620049e-03	6.172827362937434e-03	0.000000000000000e+00	0.000000000000000e+00	2.957834693272139e+05	2.483170851844762e+04	8.534704998557484e-03	3.986994521377414e+04	9.133507945785761e+03	1.039701205048646e+04	0.000000000000000e+00	-inf	
32	3.999999999999999e-01	1.000000000000000e+00	2.361877635620049e-03	6.172827362937434e-03	0.000000000000000e+00	0.000000000000000e+00	2.957834693272139e+05	2.483170851844762e+04	8.534704998557484e-03	3.986994521377414e+04	9.133507945785761e+03	1.039701205048646e+04	0.000000000000000e+00	-inf	
33	6.000000000000000e-01	1.000000000000000e+00	2.361877635620049e-03	6.172827362937434e-03	5.038600647822013e-16	-8.731149137020095e-17	2.957834693272139e+05	2.483170851844762e+04	8.534704998557484e-03	3.986994521377414e+04	9.133507945785761e+03	1.039701205048646e+04	2.190078370593123e-17	-inf	
34	8.000000000000000e-01	1.000000000000000e+00	2.361877635620050e-03	6.172827362937434e-03	0.000000000000000e+00	1.011358108371498e-15	2.957834693272139e+05	2.483170851844762e+04	8.534704998557484e-03	3.986994521377414e+04	9.133507945785761e+03	1.039701205048646e+04	4.331419165765060e-17	-inf	
35	1.000000000000000e+00	1.000000000000000e+00	2.361877635620049e-03	6.172827362937434e-03	-1.005901140160857e-15	-7.730704965069872e-17	2.957834693272139e+05	2.483170851844762e+04	8.534704998557484e-03	3.986994521377414e+04	9.133507945785761e+03	1.039701205048646e+04	4.320752134685094e-17	-inf	
EXT_ITER= 1435
AOA= 0.000000000000000e+00
SIDESLIP_ANGLE= 0.000000000000000e+00
INITIAL_BCTHRUST= 4.000000000000000e+03
DCD_DCL_VALUE= 0.000000000000000e+00
DCMX_DCL_VALUE= 0.000000000000000e+00
DCMY_DCL_VALUE= 0.000000000000000e+00
DCMZ_DCL_VALUE= 0.000000000000000e+00
