"PointID"	"x"	"y"	"Density[0]"	"Density[1]"	"Momentum_x"	"Momentum_y"	"Energy"	"Electronic_Energy"	"Total_Density"	"Pressure"	"Temperature"	"Tve"	"Mach"	"C<sub>p</sub>"
0	0.000000000000000e+00	0.000000000000000e+00	1.932735110171334e-03	6.601969888386168e-03	0.000000000000000e+00	0.000000000000000e+00	2.957834693272139e+05	1.532074032614060e+04	8.534704998557501e-03	3.766130239034769e+04	8.382945375181496e+03	8.538875371386837e+03	0.000000000000000e+00	-inf	
1	2.000000000000000e-01	0.000000000000000e+00	1.932735110171334e-03	6.601969888386168e-03	0.000000000000000e+00	1.267380866920596e-15	2.957834693272139e+05	1.532074032614060e+04	8.534704998557501e-03	3.766130239034769e+04	8.382945375181496e+03	8.538875371386837e+03	5.563702469003215e-17	-inf	
2	4.000000000000000e-01	0.000000000000000e+00	1.932735110171334e-03	6.601969888386168e-03	0.000000000000000e+00	-9.717950888443553e-16	2.957834693272139e+05	1.532074032614060e+04	8.534704998557501e-03	3.766130239034769e+04	8.382945375181496e+03	8.538875371386837e+03	4.266104117782364e-17	-inf	
3	6.000000000000001e-01	0.000000000000000e+00	1.932735110171334e-03	6.601969888386168e-03	0.000000000000000e+00	-8.071765478234511e-16	2.957834693272139e+05	1.532074032614060e+04	8.534704998557501e-03	3.766130239034769e+04	8.382945375181496e+03	8.538875371386837e+03	3.543441651410214e-17	-inf	
4	8.000000000000000e-01	0.000000000000000e+00	1.932735110171334e-03	6.601969888386168e-03	2.073647920042276e-16	0.000000000000000e+00	2.957834693272139e+05	1.532074032614060e+04	8.534704998557501e-03	3.766130239034769e+04	8.382945375181496e+03	8.538875371386837e+03	9.103151510101990e-18	-inf	
5	1.000000000000000e+00	0.000000000000000e+00	1.932735110171335e-03	6.601969888386168e-03	3.578861651476461e-16	-2.046363078989086e-17	2.957834693272139e+05	1.532074032614060e+04	8.534704998557503e-03	3.766130239034772e+04	8.382945375181502e+03	8.538875371386837e+03	1.573658370465728e-17	-inf	
6	0.000000000000000e+00	2.000000000000000e-01	1.932735110171334e-03	6.601969888386168e-03	0.000000000000000e+00	0.000000000000000e+00	2.957834693272139e+05	1.532074032614060e+04	8.534704998557501e-03	3.766130239034769e+04	8.382945375181496e+03	8.538875371386837e+03	0.000000000000000e+00	-inf	
7	2.000000000000000e-01	2.000000000000000e-01	1.932735110171334e-03	6.601969888386168e-03	-5.604761099675678e-16	-1.818989403545857e-18	2.957834693272139e+05	1.532074032614060e+04	8.534704998557501e-03	3.766130239034769e+04	8.382945375181496e+03	8.538875371386837e+03	2.460459062157521e-17	-inf	
8	4.000000000000000e-01	2.000000000000000e-01	1.932735110171334e-03	6.601969888386168e-03	-6.327809387585251e-16	2.091837814077735e-16	2.957834693272139e+05	1.532074032614060e+04	8.534704998557501e-03	3.766130239034769e+04	8.382945375181496e+03	8.538875371386837e+03	2.925709163353241e-17	-inf	
9	5.999999999999999e-01	2.000000000000000e-01	1.932735110171334e-03	6.601969888386168e-03	0.000000000000000e+00	6.225491233635740e-16	2.957834693272139e+05	1.532074032614060e+04	8.534704998557501e-03	3.766130239034769e+04	8.382945375181496e+03	8.538875371386837e+03	2.732941758186341e-17	-inf	
10	7.999999999999999e-01	2.000000000000000e-01	1.932735110171334e-03	6.601969888386168e-03	1.989519660128287e-16	-4.160938260611023e-16	2.957834693272139e+05	1.532074032614060e+04	8.534704998557501e-03	3.766130239034769e+04	8.382945375181496e+03	8.538875371386837e+03	2.024681830214328e-17	-inf	
11	1.000000000000000e+00	2.000000000000000e-01	1.932735110171335e-03	6.601969888386168e-03	3.597051545511938e-16	-1.782609615474939e-16	2.957834693272139e+05	1.532074032614060e+04	8.534704998557503e-03	3.766130239034772e+04	8.382945375181502e+03	8.538875371386837e+03	1.762348548349952e-17	-inf	
12	0.000000000000000e+00	3.999999999999999e-01	1.932735110171334e-03	6.601969888386168e-03	-1.264197635464407e-15	0.000000000000000e+00	2.957834693272139e+05	1.532074032614060e+04	8.534704998557501e-03	3.766130239034769e+04	8.382945375181496e+03	8.538875371386837e+03	5.549728332913215e-17	-inf	
13	2.000000000000000e-01	3.999999999999999e-01	1.932735110171334e-03	6.601969888386168e-03	5.156236200481610e-16	0.000000000000000e+00	2.957834693272139e+05	1.532074032614060e+04	8.534704998557501e-03	3.766130239034769e+04	8.382945375181496e+03	8.538875371386837e+03	2.263547196281024e-17	-inf	
14	3.999999999999999e-01	4.000000000000001e-01	1.932735110171335e-03	6.601969888386168e-03	1.593290706286139e-16	0.000000000000000e+00	2.957834693272139e+05	1.532074032614060e+04	8.534704998557503e-03	3.766130239034772e+04	8.382945375181502e+03	8.538875371386837e+03	6.994421067711641e-18	-inf	
15	6.000000000000001e-01	4.000000000000000e-01	1.932735110171335e-03	6.601969888386168e-03	-5.684341886080846e-16	-9.094947017729280e-19	2.957834693272139e+05	1.532074032614060e+04	8.534704998557503e-03	3.766130239034772e+04	8.382945375181502e+03	8.538875371386837e+03	2.495384638741374e-17	-inf	
16	8.000000000000000e-01	4.000000000000000e-01	1.932735110171334e-03	6.601969888386168e-03	-2.178239810746167e-16	0.000000000000000e+00	2.957834693272139e+05	1.532074032614060e+04	8.534704998557501e-03	3.766130239034769e+04	8.382945375181496e+03	8.538875371386837e+03	9.562301695918554e-18	-inf	
17	1.000000000000000e+00	4.000000000000000e-01	1.932735110171334e-03	6.601969888386168e-03	0.000000000000000e+00	0.000000000000000e+00	2.957834693272139e+05	1.532074032614060e+04	8.534704998557501e-03	3.766130239034769e+04	8.382945375181496e+03	8.538875371386837e+03	0.000000000000000e+00	-inf	
18	0.000000000000000e+00	6.000000000000000e-01	1.932735110171334e-03	6.601969888386168e-03	9.717950888443553e-16	2.073647920042276e-16	2.957834693272139e+05	1.532074032614060e+04	8.534704998557501e-03	3.766130239034769e+04	8.382945375181496e+03	8.538875371386837e+03	4.362146033538809e-17	-inf	
19	2.000000000000000e-01	6.000000000000000e-01	1.932735110171334e-03	6.601969888386168e-03	6.246711198229018e-18	1.818989403545857e-18	2.957834693272139e+05	1.532074032614060e+04	8.534704998557501e-03	3.766130239034769e+04	8.382945375181496e+03	8.538875371386837e+03	2.856153321081309e-19	-inf	
20	4.000000000000001e-01	6.000000000000002e-01	1.932735110171334e-03	6.601969888386168e-03	0.000000000000000e+00	-2.091837814077736e-16	2.957834693272139e+05	1.532074032614060e+04	8.534704998557501e-03	3.766130239034769e+04	8.382945375181496e+03	8.538875371386837e+03	9.183003716330961e-18	-inf	
21	6.000000000000000e-01	6.000000000000001e-01	1.932735110171334e-03	6.601969888386168e-03	-6.246711198228615e-18	-2.207798388553789e-16	2.957834693272139e+05	1.532074032614060e+04	8.534704998557501e-03	3.766130239034769e+04	8.382945375181496e+03	8.538875371386837e+03	9.695940205290729e-18	-inf	
22	8.000000000000000e-01	6.000000000000001e-01	1.932735110171334e-03	6.601969888386168e-03	2.187334757763894e-16	-9.094947017729286e-19	2.957834693272139e+05	1.532074032614060e+04	8.534704998557501e-03	3.766130239034769e+04	8.382945375181496e+03	8.538875371386837e+03	9.602310805125636e-18	-inf	
23	1.000000000000000e+00	6.000000000000001e-01	1.932735110171335e-03	6.601969888386168e-03	1.137777871917942e-15	-9.094947017729280e-19	2.957834693272139e+05	1.532074032614060e+04	8.534704998557503e-03	3.766130239034772e+04	8.382945375181502e+03	8.538875371386837e+03	4.994757095389041e-17	-inf	
24	0.000000000000000e+00	8.000000000000000e-01	1.932735110171335e-03	6.601969888386168e-03	-3.265085979364832e-16	0.000000000000000e+00	2.957834693272139e+05	1.532074032614060e+04	8.534704998557503e-03	3.766130239034772e+04	8.382945375181502e+03	8.538875371386837e+03	1.433347101809926e-17	-inf	
25	2.000000000000000e-01	8.000000000000000e-01	1.932735110171334e-03	6.601969888386168e-03	-2.207798388553790e-16	5.595666152657946e-16	2.957834693272139e+05	1.532074032614060e+04	8.534704998557501e-03	3.766130239034769e+04	8.382945375181496e+03	8.538875371386837e+03	2.640743140856741e-17	-inf	
26	3.999999999999999e-01	8.000000000000000e-01	1.932735110171334e-03	6.601969888386168e-03	-9.094947017729284e-19	0.000000000000000e+00	2.957834693272139e+05	1.532074032614060e+04	8.534704998557501e-03	3.766130239034769e+04	8.382945375181496e+03	8.538875371386837e+03	3.992610311448242e-20	-inf	
27	6.000000000000000e-01	8.000000000000000e-01	1.932735110171334e-03	6.601969888386168e-03	0.000000000000000e+00	-6.093614501878690e-16	2.957834693272139e+05	1.532074032614060e+04	8.534704998557501e-03	3.766130239034769e+04	8.382945375181496e+03	8.538875371386837e+03	2.675048908670353e-17	-inf	
28	8.000000000000000e-01	8.000000000000000e-01	1.932735110171334e-03	6.601969888386168e-03	0.000000000000000e+00	2.091837814077731e-16	2.957834693272139e+05	1.532074032614060e+04	8.534704998557501e-03	3.766130239034769e+04	8.382945375181496e+03	8.538875371386837e+03	9.183003716330935e-18	-inf	
29	1.000000000000000e+00	8.000000000000000e-01	1.932735110171334e-03	6.601969888386168e-03	-8.053575584199054e-16	-1.941771188285215e-16	2.957834693272139e+05	1.532074032614060e+04	8.534704998557501e-03	3.766130239034769e+04	8.382945375181496e+03	8.538875371386837e+03	3.636767239469703e-17	-inf	
30	0.000000000000000e+00	1.000000000000000e+00	1.932735110171334e-03	6.601969888386168e-03	1.818989403545857e-18	-4.165485734120014e-16	2.957834693272139e+05	1.532074032614060e+04	8.534704998557501e-03	3.766130239034769e+04	8.382945375181496e+03	8.538875371386837e+03	1.828632957539705e-17	-inf	
31	2.000000000000000e-01	1.000000000000000e+00	1.932735110171334e-03	6.601969888386168e-03	0.000000000000000e+00	0.000000000000000e+00	2.957834693272139e+05	1.532074032614060e+04	8.534704998557501e-03	3.766130239034769e+04	8.382945375181496e+03	8.538875371386837e+03	0.000000000000000e+00	-inf	
32	3.999999999999999e-01	1.000000000000000e+00	1.932735110171334e-03	6.601969888386168e-03	0.000000000000000e+00	0.000000000000000e+00	2.957834693272139e+05	1.532074032614060e+04	8.534704998557501e-03	3.766130239034769e+04	8.382945375181496e+03	8.538875371386837e+03	0.000000000000000e+00	-inf	
33	6.000000000000000e-01	1.000000000000000e+00	1.932735110171334e-03	6.601969888386168e-03	2.200977178290486e-16	-5.566107574850304e-16	2.957834693272139e+05	1.532074032614060e+04	8.534704998557501e-03	3.766130239034769e+04	8.382945375181496e+03	8.538875371386837e+03	2.627574429984720e-17	-inf	
34	8.000000000000000e-01	1.000000000000000e+00	1.932735110171335e-03	6.601969888386168e-03	0.000000000000000e+00	2.796696207951703e-16	2.957834693272139e+05	1.532074032614060e+04	8.534704998557503e-03	3.766130239034772e+04	8.382945375181502e+03	8.538875371386837e+03	1.227727670770311e-17	-inf	
35	1.000000000000000e+00	1.000000000000000e+00	1.932735110171334e-03	6.601969888386168e-03	-4.383764462545513e-16	-7.730704965069859e-18	2.957834693272139e+05	1.532074032614060e+04	8.534704998557501e-03	3.766130239034769e+04	8.382945375181496e+03	8.538875371386837e+03	1.924737385544512e-17	-inf	
EXT_ITER= 7116
AOA= 0.000000000000000e+00
SIDESLIP_ANGLE= 0.000000000000000e+00
INITIAL_BCTHRUST= 4.000000000000000e+03
DCD_DCL_VALUE= 0.000000000000000e+00
DCMX_DCL_VALUE= 0.000000000000000e+00
DCMY_DCL_VALUE= 0.000000000000000e+00
DCMZ_DCL_VALUE= 0.000000000000000e+00
