"PointID"	"x"	"y"	"Density[0]"	"Density[1]"	"Momentum_x"	"Momentum_y"	"Energy"	"Electronic_Energy"	"Total_Density"	"Pressure"	"Temperature"	"Tve"	"Mach"	"C<sub>p</sub>"
0	0.000000000000000e+00	0.000000000000000e+00	2.561426357337783e-03	5.973278641219709e-03	0.000000000000000e+00	0.000000000000000e+00	2.957834693272139e+05	3.078663807042041e+04	8.534704998557491e-03	3.993724049683553e+04	9.274762151779132e+03	1.150349738269777e+04	0.000000000000000e+00	-inf	
1	2.000000000000000e-01	0.000000000000000e+00	2.561426357337783e-03	5.973278641219709e-03	0.000000000000000e+00	1.709850039333117e-16	2.957834693272139e+05	3.078663807042041e+04	8.534704998557491e-03	3.993724049683553e+04	9.274762151779132e+03	1.150349738269777e+04	7.329858094215519e-18	-inf	
2	4.000000000000000e-01	0.000000000000000e+00	2.561426357337783e-03	5.973278641219709e-03	0.000000000000000e+00	-1.368789526168261e-16	2.957834693272139e+05	3.078663807042041e+04	8.534704998557491e-03	3.993724049683553e+04	9.274762151779132e+03	1.150349738269777e+04	5.867785336060802e-18	-inf	
3	6.000000000000001e-01	0.000000000000000e+00	2.561426357337783e-03	5.973278641219709e-03	0.000000000000000e+00	-9.003997547551973e-17	2.957834693272139e+05	3.078663807042041e+04	8.534704998557491e-03	3.993724049683553e+04	9.274762151779132e+03	1.150349738269777e+04	3.859872081528350e-18	-inf	
4	8.000000000000000e-01	0.000000000000000e+00	2.561426357337783e-03	5.973278641219709e-03	2.266915544169023e-16	0.000000000000000e+00	2.957834693272139e+05	3.078663807042041e+04	8.534704998557491e-03	3.993724049683553e+04	9.274762151779132e+03	1.150349738269777e+04	9.717910265868111e-18	-inf	
5	1.000000000000000e+00	0.000000000000000e+00	2.561426357337783e-03	5.973278641219710e-03	4.415596777107562e-16	2.501110429875550e-17	2.957834693272139e+05	3.078663807042041e+04	8.534704998557492e-03	3.993724049683553e+04	9.274762151779130e+03	1.150349738269777e+04	1.895931006539383e-17	-inf	
6	0.000000000000000e+00	2.000000000000000e-01	2.561426357337783e-03	5.973278641219709e-03	0.000000000000000e+00	0.000000000000000e+00	2.957834693272139e+05	3.078663807042041e+04	8.534704998557491e-03	3.993724049683553e+04	9.274762151779132e+03	1.150349738269777e+04	0.000000000000000e+00	-inf	
7	2.000000000000000e-01	2.000000000000000e-01	2.561426357337783e-03	5.973278641219709e-03	-8.299139153678026e-17	-1.818989403545857e-18	2.957834693272139e+05	3.078663807042041e+04	8.534704998557491e-03	3.993724049683553e+04	9.274762151779132e+03	1.150349738269777e+04	3.558564820380714e-18	-inf	
8	4.000000000000000e-01	2.000000000000000e-01	2.561426357337783e-03	5.973278641219709e-03	-8.458300726488292e-17	2.285105438204481e-16	2.957834693272139e+05	3.078663807042041e+04	8.534704998557491e-03	3.993724049683553e+04	9.274762151779132e+03	1.150349738269777e+04	1.044542270995987e-17	-inf	
9	5.999999999999999e-01	2.000000000000000e-01	2.561426357337783e-03	5.973278641219709e-03	0.000000000000000e+00	2.687556843739003e-16	2.957834693272139e+05	3.078663807042041e+04	8.534704998557491e-03	3.993724049683553e+04	9.274762151779132e+03	1.150349738269777e+04	1.152113333425888e-17	-inf	
10	7.999999999999999e-01	2.000000000000000e-01	2.561426357337783e-03	5.973278641219709e-03	2.219167072325945e-16	-5.798028723802412e-17	2.957834693272139e+05	3.078663807042041e+04	8.534704998557491e-03	3.993724049683553e+04	9.274762151779132e+03	1.150349738269777e+04	9.832557362823243e-18	-inf	
11	1.000000000000000e+00	2.000000000000000e-01	2.561426357337783e-03	5.973278641219710e-03	4.415596777107562e-16	-2.194155968027187e-16	2.957834693272139e+05	3.078663807042041e+04	8.534704998557492e-03	3.993724049683553e+04	9.274762151779130e+03	1.150349738269777e+04	2.113714068645242e-17	-inf	
12	0.000000000000000e+00	3.999999999999999e-01	2.561426357337783e-03	5.973278641219709e-03	-2.128217602148674e-16	0.000000000000000e+00	2.957834693272139e+05	3.078663807042041e+04	8.534704998557491e-03	3.993724049683553e+04	9.274762151779132e+03	1.150349738269777e+04	9.123334010885305e-18	-inf	
13	2.000000000000000e-01	3.999999999999999e-01	2.561426357337783e-03	5.973278641219709e-03	2.969866771513654e-16	0.000000000000000e+00	2.957834693272139e+05	3.078663807042041e+04	8.534704998557491e-03	3.993724049683553e+04	9.274762151779132e+03	1.150349738269777e+04	1.273135157654609e-17	-inf	
14	3.999999999999999e-01	4.000000000000001e-01	2.561426357337783e-03	5.973278641219710e-03	2.001254914125481e-16	0.000000000000000e+00	2.957834693272139e+05	3.078663807042041e+04	8.534704998557492e-03	3.993724049683553e+04	9.274762151779130e+03	1.150349738269777e+04	8.579064943386773e-18	-inf	
15	6.000000000000001e-01	4.000000000000000e-01	2.561426357337783e-03	5.973278641219710e-03	-2.589786163298412e-16	-9.094947017729280e-19	2.957834693272139e+05	3.078663807042041e+04	8.534704998557492e-03	3.993724049683553e+04	9.274762151779130e+03	1.150349738269777e+04	1.110207427116178e-17	-inf	
16	8.000000000000000e-01	4.000000000000000e-01	2.561426357337783e-03	5.973278641219709e-03	-2.255546860396863e-16	0.000000000000000e+00	2.957834693272139e+05	3.078663807042041e+04	8.534704998557491e-03	3.993724049683553e+04	9.274762151779132e+03	1.150349738269777e+04	9.669174507262961e-18	-inf	
17	1.000000000000000e+00	4.000000000000000e-01	2.561426357337783e-03	5.973278641219709e-03	0.000000000000000e+00	0.000000000000000e+00	2.957834693272139e+05	3.078663807042041e+04	8.534704998557491e-03	3.993724049683553e+04	9.274762151779132e+03	1.150349738269777e+04	0.000000000000000e+00	-inf	
18	0.000000000000000e+00	6.000000000000000e-01	2.561426357337783e-03	5.973278641219709e-03	1.368789526168261e-16	2.266915544169023e-16	2.957834693272139e+05	3.078663807042041e+04	8.534704998557491e-03	3.993724049683553e+04	9.274762151779132e+03	1.150349738269777e+04	1.135203438532297e-17	-inf	
19	2.000000000000000e-01	6.000000000000000e-01	2.561426357337783e-03	5.973278641219709e-03	-3.109917411196945e-18	1.818989403545857e-18	2.957834693272139e+05	3.078663807042041e+04	8.534704998557491e-03	3.993724049683553e+04	9.274762151779132e+03	1.150349738269777e+04	1.544472057704758e-19	-inf	
20	4.000000000000001e-01	6.000000000000002e-01	2.561426357337783e-03	5.973278641219709e-03	0.000000000000000e+00	-2.285105438204482e-16	2.957834693272139e+05	3.078663807042041e+04	8.534704998557491e-03	3.993724049683553e+04	9.274762151779132e+03	1.150349738269777e+04	9.795887479636361e-18	-inf	
21	6.000000000000000e-01	6.000000000000001e-01	2.561426357337783e-03	5.973278641219709e-03	3.109917411196883e-18	-2.255546860396862e-16	2.957834693272139e+05	3.078663807042041e+04	8.534704998557491e-03	3.993724049683553e+04	9.274762151779132e+03	1.150349738269777e+04	9.670093543777489e-18	-inf	
22	8.000000000000000e-01	6.000000000000001e-01	2.561426357337783e-03	5.973278641219709e-03	2.264641807414592e-16	-9.094947017729286e-19	2.957834693272139e+05	3.078663807042041e+04	8.534704998557491e-03	3.993724049683553e+04	9.274762151779132e+03	1.150349738269777e+04	9.708241404206672e-18	-inf	
23	1.000000000000000e+00	6.000000000000001e-01	2.561426357337783e-03	5.973278641219710e-03	5.188667273614553e-16	-9.094947017729280e-19	2.957834693272139e+05	3.078663807042041e+04	8.534704998557492e-03	3.993724049683553e+04	9.274762151779130e+03	1.150349738269777e+04	2.224303439792514e-17	-inf	
24	0.000000000000000e+00	8.000000000000000e-01	2.561426357337783e-03	5.973278641219710e-03	-4.306457412894813e-16	0.000000000000000e+00	2.957834693272139e+05	3.078663807042041e+04	8.534704998557492e-03	3.993724049683553e+04	9.274762151779130e+03	1.150349738269777e+04	1.846110535963309e-17	-inf	
25	2.000000000000000e-01	8.000000000000000e-01	2.561426357337783e-03	5.973278641219709e-03	-2.255546860396862e-16	8.208189683500730e-17	2.957834693272139e+05	3.078663807042041e+04	8.534704998557491e-03	3.993724049683553e+04	9.274762151779132e+03	1.150349738269777e+04	1.028952567204486e-17	-inf	
26	3.999999999999999e-01	8.000000000000000e-01	2.561426357337783e-03	5.973278641219709e-03	-9.094947017729284e-19	0.000000000000000e+00	2.957834693272139e+05	3.078663807042041e+04	8.534704998557491e-03	3.993724049683553e+04	9.274762151779132e+03	1.150349738269777e+04	3.898860688412484e-20	-inf	
27	6.000000000000000e-01	8.000000000000000e-01	2.561426357337783e-03	5.973278641219709e-03	0.000000000000000e+00	-6.798472895752657e-17	2.957834693272139e+05	3.078663807042041e+04	8.534704998557491e-03	3.993724049683553e+04	9.274762151779132e+03	1.150349738269777e+04	2.914398364588339e-18	-inf	
28	8.000000000000000e-01	8.000000000000000e-01	2.561426357337783e-03	5.973278641219709e-03	0.000000000000000e+00	2.280557964695618e-16	2.957834693272139e+05	3.078663807042041e+04	8.534704998557491e-03	3.993724049683553e+04	9.274762151779132e+03	1.150349738269777e+04	9.776393176194300e-18	-inf	
29	1.000000000000000e+00	8.000000000000000e-01	2.561426357337783e-03	5.973278641219709e-03	-8.822098607197387e-17	-2.232809492852537e-16	2.957834693272139e+05	3.078663807042041e+04	8.534704998557491e-03	3.993724049683553e+04	9.274762151779132e+03	1.150349738269777e+04	1.029175528860713e-17	-inf	
30	0.000000000000000e+00	1.000000000000000e+00	2.561426357337783e-03	5.973278641219709e-03	1.818989403545857e-18	-4.552020982373505e-16	2.957834693272139e+05	3.078663807042041e+04	8.534704998557491e-03	3.993724049683553e+04	9.274762151779132e+03	1.150349738269777e+04	1.951395354351144e-17	-inf	
31	2.000000000000000e-01	1.000000000000000e+00	2.561426357337783e-03	5.973278641219709e-03	0.000000000000000e+00	0.000000000000000e+00	2.957834693272139e+05	3.078663807042041e+04	8.534704998557491e-03	3.993724049683553e+04	9.274762151779132e+03	1.150349738269777e+04	0.000000000000000e+00	-inf	
32	3.999999999999999e-01	1.000000000000000e+00	2.561426357337783e-03	5.973278641219709e-03	0.000000000000000e+00	0.000000000000000e+00	2.957834693272139e+05	3.078663807042041e+04	8.534704998557491e-03	3.993724049683553e+04	9.274762151779132e+03	1.150349738269777e+04	0.000000000000000e+00	-inf	
33	6.000000000000000e-01	1.000000000000000e+00	2.561426357337783e-03	5.973278641219709e-03	2.278284227941185e-16	-8.731149137020095e-17	2.957834693272139e+05	3.078663807042041e+04	8.534704998557491e-03	3.993724049683553e+04	9.274762151779132e+03	1.150349738269777e+04	1.045928878294619e-17	-inf	
34	8.000000000000000e-01	1.000000000000000e+00	2.561426357337783e-03	5.973278641219710e-03	0.000000000000000e+00	4.251887730788442e-16	2.957834693272139e+05	3.078663807042041e+04	8.534704998557492e-03	3.993724049683553e+04	9.274762151779130e+03	1.150349738269777e+04	1.822717371832837e-17	-inf	
35	1.000000000000000e+00	1.000000000000000e+00	2.561426357337783e-03	5.973278641219709e-03	-4.538378561846911e-16	-1.591615728102623e-17	2.957834693272139e+05	3.078663807042041e+04	8.534704998557491e-03	3.993724049683553e+04	9.274762151779132e+03	1.150349738269777e+04	1.946727534794237e-17	-inf	
EXT_ITER= 807
AOA= 0.000000000000000e+00
SIDESLIP_ANGLE= 0.000000000000000e+00
INITIAL_BCTHRUST= 4.000000000000000e+03
DCD_DCL_VALUE= 0.000000000000000e+00
DCMX_DCL_VALUE= 0.000000000000000e+00
DCMY_DCL_VALUE= 0.000000000000000e+00
DCMZ_DCL_VALUE= 0.000000000000000e+00
