"PointID"	"x"	"y"	"Density[0]"	"Density[1]"	"Momentum_x"	"Momentum_y"	"Energy"	"Electronic_Energy"	"Total_Density"	"Pressure"	"Temperature"	"Tve"	"Mach"	"C<sub>p</sub>"
0	0.000000000000000e+00	0.000000000000000e+00	1.984370434955868e-03	6.550334563601615e-03	0.000000000000000e+00	0.000000000000000e+00	2.957834693272139e+05	1.615958551113198e+04	8.534704998557482e-03	3.812133523347440e+04	8.514387959228108e+03	8.709210172317358e+03	0.000000000000000e+00	-inf	
1	2.000000000000000e-01	0.000000000000000e+00	1.984370434955868e-03	6.550334563601615e-03	0.000000000000000e+00	1.130501914303752e-15	2.957834693272139e+05	1.615958551113198e+04	8.534704998557482e-03	3.812133523347440e+04	8.514387959228108e+03	8.709210172317358e+03	4.935001244608918e-17	-inf	
2	4.000000000000000e-01	0.000000000000000e+00	1.984370434955868e-03	6.550334563601615e-03	0.000000000000000e+00	-8.435563358943651e-16	2.957834693272139e+05	1.615958551113198e+04	8.534704998557482e-03	3.812133523347440e+04	8.514387959228108e+03	8.709210172317358e+03	3.682392320494466e-17	-inf	
3	6.000000000000001e-01	0.000000000000000e+00	1.984370434955868e-03	6.550334563601615e-03	0.000000000000000e+00	-5.679794412571911e-16	2.957834693272139e+05	1.615958551113198e+04	8.534704998557482e-03	3.812133523347440e+04	8.514387959228108e+03	8.709210172317358e+03	2.479411325227874e-17	-inf	
4	8.000000000000000e-01	0.000000000000000e+00	1.984370434955868e-03	6.550334563601615e-03	9.254108590539492e-17	0.000000000000000e+00	2.957834693272139e+05	1.615958551113198e+04	8.534704998557482e-03	3.812133523347440e+04	8.514387959228108e+03	8.709210172317358e+03	4.039713408197534e-18	-inf	
5	1.000000000000000e+00	0.000000000000000e+00	1.984370434955869e-03	6.550334563601615e-03	1.241460267920019e-16	1.100488589145241e-16	2.957834693272139e+05	1.615958551113198e+04	8.534704998557484e-03	3.812133523347439e+04	8.514387959228105e+03	8.709210172317358e+03	7.242087195275223e-18	-inf	
6	0.000000000000000e+00	2.000000000000000e-01	1.984370434955868e-03	6.550334563601615e-03	0.000000000000000e+00	0.000000000000000e+00	2.957834693272139e+05	1.615958551113198e+04	8.534704998557482e-03	3.812133523347440e+04	8.514387959228108e+03	8.709210172317358e+03	0.000000000000000e+00	-inf	
7	2.000000000000000e-01	2.000000000000000e-01	1.984370434955868e-03	6.550334563601615e-03	-4.399680619826397e-16	-1.818989403545857e-18	2.957834693272139e+05	1.615958551113198e+04	8.534704998557482e-03	3.812133523347440e+04	8.514387959228108e+03	8.709210172317358e+03	1.920617260738709e-17	-inf	
8	4.000000000000000e-01	2.000000000000000e-01	1.984370434955868e-03	6.550334563601615e-03	-5.643414624501031e-16	9.436007530894074e-17	2.957834693272139e+05	1.615958551113198e+04	8.534704998557482e-03	3.812133523347440e+04	8.514387959228108e+03	8.709210172317358e+03	2.497729631352288e-17	-inf	
9	5.999999999999999e-01	2.000000000000000e-01	1.984370434955868e-03	6.550334563601615e-03	0.000000000000000e+00	3.799414116656505e-16	2.957834693272139e+05	1.615958551113198e+04	8.534704998557482e-03	3.812133523347440e+04	8.514387959228108e+03	8.709210172317358e+03	1.658565382088032e-17	-inf	
10	7.999999999999999e-01	2.000000000000000e-01	1.984370434955868e-03	6.550334563601615e-03	8.162714948412067e-17	-2.949036570498698e-16	2.957834693272139e+05	1.615958551113198e+04	8.534704998557482e-03	3.812133523347440e+04	8.514387959228108e+03	8.709210172317358e+03	1.335753014210107e-17	-inf	
11	1.000000000000000e+00	2.000000000000000e-01	1.984370434955869e-03	6.550334563601615e-03	1.382431946694843e-16	-6.139089236967179e-17	2.957834693272139e+05	1.615958551113198e+04	8.534704998557484e-03	3.812133523347439e+04	8.514387959228105e+03	8.709210172317358e+03	6.603043957023095e-18	-inf	
12	0.000000000000000e+00	3.999999999999999e-01	1.984370434955868e-03	6.550334563601615e-03	-1.254647941095774e-15	0.000000000000000e+00	2.957834693272139e+05	1.615958551113198e+04	8.534704998557482e-03	3.812133523347440e+04	8.514387959228108e+03	8.709210172317358e+03	5.476938227625173e-17	-inf	
13	2.000000000000000e-01	3.999999999999999e-01	1.984370434955868e-03	6.550334563601615e-03	3.817427909107913e-16	0.000000000000000e+00	2.957834693272139e+05	1.615958551113198e+04	8.534704998557482e-03	3.812133523347440e+04	8.514387959228108e+03	8.709210172317358e+03	1.666428976748336e-17	-inf	
14	3.999999999999999e-01	4.000000000000001e-01	1.984370434955869e-03	6.550334563601615e-03	7.592519743964270e-17	0.000000000000000e+00	2.957834693272139e+05	1.615958551113198e+04	8.534704998557484e-03	3.812133523347439e+04	8.514387959228105e+03	8.709210172317358e+03	3.314376907469257e-18	-inf	
15	6.000000000000001e-01	4.000000000000000e-01	1.984370434955869e-03	6.550334563601615e-03	-3.349214239278897e-16	-9.094947017729280e-19	2.957834693272139e+05	1.615958551113198e+04	8.534704998557484e-03	3.812133523347439e+04	8.514387959228105e+03	8.709210172317358e+03	1.462044174519399e-17	-inf	
16	8.000000000000000e-01	4.000000000000000e-01	1.984370434955868e-03	6.550334563601615e-03	-1.023181539494544e-16	0.000000000000000e+00	2.957834693272139e+05	1.615958551113198e+04	8.534704998557482e-03	3.812133523347440e+04	8.514387959228108e+03	8.709210172317358e+03	4.466513596287222e-18	-inf	
17	1.000000000000000e+00	4.000000000000000e-01	1.984370434955868e-03	6.550334563601615e-03	0.000000000000000e+00	0.000000000000000e+00	2.957834693272139e+05	1.615958551113198e+04	8.534704998557482e-03	3.812133523347440e+04	8.514387959228108e+03	8.709210172317358e+03	0.000000000000000e+00	-inf	
18	0.000000000000000e+00	6.000000000000000e-01	1.984370434955868e-03	6.550334563601615e-03	8.435563358943651e-16	9.254108590539486e-17	2.957834693272139e+05	1.615958551113198e+04	8.534704998557482e-03	3.812133523347440e+04	8.514387959228108e+03	8.709210172317358e+03	3.704484585774427e-17	-inf	
19	2.000000000000000e-01	6.000000000000000e-01	1.984370434955868e-03	6.550334563601615e-03	6.785989946505514e-18	1.818989403545857e-18	2.957834693272139e+05	1.615958551113198e+04	8.534704998557482e-03	3.812133523347440e+04	8.514387959228108e+03	8.709210172317358e+03	3.066877447227569e-19	-inf	
20	4.000000000000001e-01	6.000000000000002e-01	1.984370434955868e-03	6.550334563601615e-03	0.000000000000000e+00	-9.436007530894089e-17	2.957834693272139e+05	1.615958551113198e+04	8.534704998557482e-03	3.812133523347440e+04	8.514387959228108e+03	8.709210172317358e+03	4.119118094353756e-18	-inf	
21	6.000000000000000e-01	6.000000000000001e-01	1.984370434955868e-03	6.550334563601615e-03	-6.785989946505157e-18	-9.777068044058978e-17	2.957834693272139e+05	1.615958551113198e+04	8.534704998557482e-03	3.812133523347440e+04	8.514387959228108e+03	8.709210172317358e+03	4.278269781572589e-18	-inf	
22	8.000000000000000e-01	6.000000000000001e-01	1.984370434955868e-03	6.550334563601615e-03	1.032276486512271e-16	-9.094947017729286e-19	2.957834693272139e+05	1.615958551113198e+04	8.534704998557482e-03	3.812133523347440e+04	8.514387959228108e+03	8.709210172317358e+03	4.506390836161016e-18	-inf	
23	1.000000000000000e+00	6.000000000000001e-01	1.984370434955869e-03	6.550334563601615e-03	6.707523425575524e-16	-9.094947017729280e-19	2.957834693272139e+05	1.615958551113198e+04	8.534704998557484e-03	3.812133523347439e+04	8.514387959228105e+03	8.709210172317358e+03	2.928050493693631e-17	-inf	
24	0.000000000000000e+00	8.000000000000000e-01	1.984370434955869e-03	6.550334563601615e-03	-1.136868377216171e-16	0.000000000000000e+00	2.957834693272139e+05	1.615958551113198e+04	8.534704998557484e-03	3.812133523347439e+04	8.514387959228105e+03	8.709210172317358e+03	4.962792884763628e-18	-inf	
25	2.000000000000000e-01	8.000000000000000e-01	1.984370434955868e-03	6.550334563601615e-03	-9.777068044058983e-17	4.390585672808668e-16	2.957834693272139e+05	1.615958551113198e+04	8.534704998557482e-03	3.812133523347440e+04	8.514387959228108e+03	8.709210172317358e+03	1.963576151763781e-17	-inf	
26	3.999999999999999e-01	8.000000000000000e-01	1.984370434955868e-03	6.550334563601615e-03	-9.094947017729284e-19	0.000000000000000e+00	2.957834693272139e+05	1.615958551113198e+04	8.534704998557482e-03	3.812133523347440e+04	8.514387959228108e+03	8.709210172317358e+03	3.970234307810867e-20	-inf	
27	6.000000000000000e-01	8.000000000000000e-01	1.984370434955868e-03	6.550334563601615e-03	0.000000000000000e+00	-5.302354111336138e-16	2.957834693272139e+05	1.615958551113198e+04	8.534704998557482e-03	3.812133523347440e+04	8.514387959228108e+03	8.709210172317358e+03	2.314646601453720e-17	-inf	
28	8.000000000000000e-01	8.000000000000000e-01	1.984370434955868e-03	6.550334563601615e-03	0.000000000000000e+00	9.231371222995137e-17	2.957834693272139e+05	1.615958551113198e+04	8.534704998557482e-03	3.812133523347440e+04	8.514387959228108e+03	8.709210172317358e+03	4.029787822427992e-18	-inf	
29	1.000000000000000e+00	8.000000000000000e-01	1.984370434955868e-03	6.550334563601615e-03	-5.661604518536454e-16	-7.935341272968899e-17	2.957834693272139e+05	1.615958551113198e+04	8.534704998557482e-03	3.812133523347440e+04	8.514387959228108e+03	8.709210172317358e+03	2.495628817402491e-17	-inf	
30	0.000000000000000e+00	1.000000000000000e+00	1.984370434955868e-03	6.550334563601615e-03	1.818989403545857e-18	-1.869011612143360e-16	2.957834693272139e+05	1.615958551113198e+04	8.534704998557482e-03	3.812133523347440e+04	8.514387959228108e+03	8.709210172317358e+03	8.159217890901493e-18	-inf	
31	2.000000000000000e-01	1.000000000000000e+00	1.984370434955868e-03	6.550334563601615e-03	0.000000000000000e+00	0.000000000000000e+00	2.957834693272139e+05	1.615958551113198e+04	8.534704998557482e-03	3.812133523347440e+04	8.514387959228108e+03	8.709210172317358e+03	0.000000000000000e+00	-inf	
32	3.999999999999999e-01	1.000000000000000e+00	1.984370434955868e-03	6.550334563601615e-03	0.000000000000000e+00	0.000000000000000e+00	2.957834693272139e+05	1.615958551113198e+04	8.534704998557482e-03	3.812133523347440e+04	8.514387959228108e+03	8.709210172317358e+03	0.000000000000000e+00	-inf	
33	6.000000000000000e-01	1.000000000000000e+00	1.984370434955868e-03	6.550334563601615e-03	1.045918907038863e-16	-3.474269760772641e-16	2.957834693272139e+05	1.615958551113198e+04	8.534704998557482e-03	3.812133523347440e+04	8.514387959228108e+03	8.709210172317358e+03	1.583864755677227e-17	-inf	
34	8.000000000000000e-01	1.000000000000000e+00	1.984370434955869e-03	6.550334563601615e-03	0.000000000000000e+00	2.155502443201791e-16	2.957834693272139e+05	1.615958551113198e+04	8.534704998557484e-03	3.812133523347439e+04	8.514387959228105e+03	8.709210172317358e+03	9.409455309511540e-18	-inf	
35	1.000000000000000e+00	1.000000000000000e+00	1.984370434955868e-03	6.550334563601615e-03	-2.073647920042267e-16	-1.359694579150531e-16	2.957834693272139e+05	1.615958551113198e+04	8.534704998557482e-03	3.812133523347440e+04	8.514387959228108e+03	8.709210172317358e+03	1.082456916760825e-17	-inf	
EXT_ITER= 5703
AOA= 0.000000000000000e+00
SIDESLIP_ANGLE= 0.000000000000000e+00
INITIAL_BCTHRUST= 4.000000000000000e+03
DCD_DCL_VALUE= 0.000000000000000e+00
DCMX_DCL_VALUE= 0.000000000000000e+00
DCMY_DCL_VALUE= 0.000000000000000e+00
DCMZ_DCL_VALUE= 0.000000000000000e+00
