"PointID"	"x"	"y"	"Density[0]"	"Density[1]"	"Momentum_x"	"Momentum_y"	"Energy"	"Electronic_Energy"	"Total_Density"	"Pressure"	"Temperature"	"Tve"	"Mach"	"C<sub>p</sub>"
0	0.000000000000000e+00	0.000000000000000e+00	1.889747570333767e-03	6.644957428223745e-03	0.000000000000000e+00	0.000000000000000e+00	2.957834693272139e+05	1.464601583140164e+04	8.534704998557512e-03	3.726164002302707e+04	8.270497543452571e+03	8.400773135913772e+03	0.000000000000000e+00	-inf	
1	2.000000000000000e-01	0.000000000000000e+00	1.889747570333767e-03	6.644957428223745e-03	0.000000000000000e+00	1.385615178151093e-15	2.957834693272139e+05	1.464601583140164e+04	8.534704998557512e-03	3.726164002302707e+04	8.270497543452571e+03	8.400773135913772e+03	6.112989830465707e-17	-inf	
2	4.000000000000000e-01	0.000000000000000e+00	1.889747570333767e-03	6.644957428223745e-03	0.000000000000000e+00	-1.102307578548788e-15	2.957834693272139e+05	1.464601583140164e+04	8.534704998557512e-03	3.726164002302707e+04	8.270497543452571e+03	8.400773135913772e+03	4.863107105037240e-17	-inf	
3	6.000000000000001e-01	0.000000000000000e+00	1.889747570333767e-03	6.644957428223745e-03	0.000000000000000e+00	-1.084572431864213e-15	2.957834693272139e+05	1.464601583140164e+04	8.534704998557512e-03	3.726164002302707e+04	8.270497543452571e+03	8.400773135913772e+03	4.784864045178957e-17	-inf	
4	8.000000000000000e-01	0.000000000000000e+00	1.889747570333767e-03	6.644957428223745e-03	3.367404133314263e-16	0.000000000000000e+00	2.957834693272139e+05	1.464601583140164e+04	8.534704998557512e-03	3.726164002302707e+04	8.270497543452571e+03	8.400773135913772e+03	1.485615021155147e-17	-inf	
5	1.000000000000000e+00	0.000000000000000e+00	1.889747570333767e-03	6.644957428223745e-03	6.493792170658724e-16	-1.164153218269347e-16	2.957834693272139e+05	1.464601583140165e+04	8.534704998557513e-03	3.726164002302708e+04	8.270497543452573e+03	8.400773135913772e+03	2.910572241108555e-17	-inf	
6	0.000000000000000e+00	2.000000000000000e-01	1.889747570333767e-03	6.644957428223745e-03	0.000000000000000e+00	0.000000000000000e+00	2.957834693272139e+05	1.464601583140164e+04	8.534704998557512e-03	3.726164002302707e+04	8.270497543452571e+03	8.400773135913772e+03	0.000000000000000e+00	-inf	
7	2.000000000000000e-01	2.000000000000000e-01	1.889747570333767e-03	6.644957428223745e-03	-6.939444574527627e-16	-1.818989403545857e-18	2.957834693272139e+05	1.464601583140164e+04	8.534704998557512e-03	3.726164002302707e+04	8.270497543452571e+03	8.400773135913772e+03	3.061521013575479e-17	-inf	
8	4.000000000000000e-01	2.000000000000000e-01	1.889747570333767e-03	6.644957428223745e-03	-6.918980943737732e-16	3.385594027349721e-16	2.957834693272139e+05	1.464601583140164e+04	8.534704998557512e-03	3.726164002302707e+04	8.270497543452571e+03	8.400773135913772e+03	3.398324500797034e-17	-inf	
9	5.999999999999999e-01	2.000000000000000e-01	1.889747570333767e-03	6.644957428223745e-03	0.000000000000000e+00	8.969891496235480e-16	2.957834693272139e+05	1.464601583140164e+04	8.534704998557512e-03	3.726164002302707e+04	8.270497543452571e+03	8.400773135913772e+03	3.957293219754926e-17	-inf	
10	7.999999999999999e-01	2.000000000000000e-01	1.889747570333767e-03	6.644957428223745e-03	3.217337507521733e-16	-5.404672265285606e-16	2.957834693272139e+05	1.464601583140164e+04	8.534704998557512e-03	3.726164002302707e+04	8.270497543452571e+03	8.400773135913772e+03	2.774909026316772e-17	-inf	
11	1.000000000000000e+00	2.000000000000000e-01	1.889747570333767e-03	6.644957428223745e-03	6.375557859428238e-16	-3.196873876731850e-16	2.957834693272139e+05	1.464601583140165e+04	8.534704998557513e-03	3.726164002302708e+04	8.270497543452573e+03	8.400773135913772e+03	3.146532814587624e-17	-inf	
12	0.000000000000000e+00	3.999999999999999e-01	1.889747570333767e-03	6.644957428223745e-03	-1.257831172552013e-15	0.000000000000000e+00	2.957834693272139e+05	1.464601583140164e+04	8.534704998557512e-03	3.726164002302707e+04	8.270497543452571e+03	8.400773135913772e+03	5.549238553025406e-17	-inf	
13	2.000000000000000e-01	3.999999999999999e-01	1.889747570333767e-03	6.644957428223745e-03	6.880395501234629e-16	0.000000000000000e+00	2.957834693272139e+05	1.464601583140164e+04	8.534704998557512e-03	3.726164002302707e+04	8.270497543452571e+03	8.400773135913772e+03	3.035459512268920e-17	-inf	
14	3.999999999999999e-01	4.000000000000001e-01	1.889747570333767e-03	6.644957428223745e-03	2.651245137990487e-16	0.000000000000000e+00	2.957834693272139e+05	1.464601583140165e+04	8.534704998557513e-03	3.726164002302708e+04	8.270497543452573e+03	8.400773135913772e+03	1.169663469494718e-17	-inf	
15	6.000000000000001e-01	4.000000000000000e-01	1.889747570333767e-03	6.644957428223745e-03	-8.460574463242628e-16	-9.094947017729280e-19	2.957834693272139e+05	1.464601583140165e+04	8.534704998557513e-03	3.726164002302708e+04	8.270497543452573e+03	8.400773135913772e+03	3.732597358359059e-17	-inf	
16	8.000000000000000e-01	4.000000000000000e-01	1.889747570333767e-03	6.644957428223745e-03	-3.508375812089074e-16	0.000000000000000e+00	2.957834693272139e+05	1.464601583140164e+04	8.534704998557512e-03	3.726164002302707e+04	8.270497543452571e+03	8.400773135913772e+03	1.547808222580956e-17	-inf	
17	1.000000000000000e+00	4.000000000000000e-01	1.889747570333767e-03	6.644957428223745e-03	0.000000000000000e+00	0.000000000000000e+00	2.957834693272139e+05	1.464601583140164e+04	8.534704998557512e-03	3.726164002302707e+04	8.270497543452571e+03	8.400773135913772e+03	0.000000000000000e+00	-inf	
18	0.000000000000000e+00	6.000000000000000e-01	1.889747570333767e-03	6.644957428223745e-03	1.102307578548788e-15	3.367404133314262e-16	2.957834693272139e+05	1.464601583140164e+04	8.534704998557512e-03	3.726164002302707e+04	8.270497543452571e+03	8.400773135913772e+03	5.084964376094044e-17	-inf	
19	2.000000000000000e-01	6.000000000000000e-01	1.889747570333767e-03	6.644957428223745e-03	2.729845751766913e-17	1.818989403545857e-18	2.957834693272139e+05	1.464601583140164e+04	8.534704998557512e-03	3.726164002302707e+04	8.270497543452571e+03	8.400773135913772e+03	1.207010787957309e-18	-inf	
20	4.000000000000001e-01	6.000000000000002e-01	1.889747570333767e-03	6.644957428223745e-03	0.000000000000000e+00	-3.385594027349723e-16	2.957834693272139e+05	1.464601583140164e+04	8.534704998557512e-03	3.726164002302707e+04	8.270497543452571e+03	8.400773135913772e+03	1.493639950371380e-17	-inf	
21	6.000000000000000e-01	6.000000000000001e-01	1.889747570333767e-03	6.644957428223745e-03	-2.729845751766869e-17	-3.565219230949886e-16	2.957834693272139e+05	1.464601583140164e+04	8.534704998557512e-03	3.726164002302707e+04	8.270497543452571e+03	8.400773135913772e+03	1.577490132297985e-17	-inf	
22	8.000000000000000e-01	6.000000000000001e-01	1.889747570333767e-03	6.644957428223745e-03	5.718447937397286e-16	-9.094947017729286e-19	2.957834693272139e+05	1.464601583140164e+04	8.534704998557512e-03	3.726164002302707e+04	8.270497543452571e+03	8.400773135913772e+03	2.522840313177982e-17	-inf	
23	1.000000000000000e+00	6.000000000000001e-01	1.889747570333767e-03	6.644957428223745e-03	1.252828951692203e-15	-9.094947017729280e-19	2.957834693272139e+05	1.464601583140165e+04	8.534704998557513e-03	3.726164002302708e+04	8.270497543452573e+03	8.400773135913772e+03	5.527171454110296e-17	-inf	
24	0.000000000000000e+00	8.000000000000000e-01	1.889747570333767e-03	6.644957428223745e-03	-5.989022611174750e-16	0.000000000000000e+00	2.957834693272139e+05	1.464601583140165e+04	8.534704998557513e-03	3.726164002302708e+04	8.270497543452573e+03	8.400773135913772e+03	2.642207944444748e-17	-inf	
25	2.000000000000000e-01	8.000000000000000e-01	1.889747570333767e-03	6.644957428223745e-03	-3.565219230949886e-16	6.930349627509895e-16	2.957834693272139e+05	1.464601583140164e+04	8.534704998557512e-03	3.726164002302707e+04	8.270497543452571e+03	8.400773135913772e+03	3.438352073084783e-17	-inf	
26	3.999999999999999e-01	8.000000000000000e-01	1.889747570333767e-03	6.644957428223745e-03	-9.094947017729284e-19	0.000000000000000e+00	2.957834693272139e+05	1.464601583140164e+04	8.534704998557512e-03	3.726164002302707e+04	8.270497543452571e+03	8.400773135913772e+03	4.012464608116539e-20	-inf	
27	6.000000000000000e-01	8.000000000000000e-01	1.889747570333767e-03	6.644957428223745e-03	0.000000000000000e+00	-6.798472895752803e-16	2.957834693272139e+05	1.464601583140164e+04	8.534704998557512e-03	3.726164002302707e+04	8.270497543452571e+03	8.400773135913772e+03	2.999317294567185e-17	-inf	
28	8.000000000000000e-01	8.000000000000000e-01	1.889747570333767e-03	6.644957428223745e-03	0.000000000000000e+00	3.319655661471176e-16	2.957834693272139e+05	1.464601583140164e+04	8.534704998557512e-03	3.726164002302707e+04	8.270497543452571e+03	8.400773135913772e+03	1.464549581962531e-17	-inf	
29	1.000000000000000e+00	8.000000000000000e-01	1.889747570333767e-03	6.644957428223745e-03	-1.082753442460667e-15	-3.274180926382558e-16	2.957834693272139e+05	1.464601583140164e+04	8.534704998557512e-03	3.726164002302707e+04	8.270497543452571e+03	8.400773135913772e+03	4.990464445417821e-17	-inf	
30	0.000000000000000e+00	1.000000000000000e+00	1.889747570333767e-03	6.644957428223745e-03	1.818989403545857e-18	-6.752998160663987e-16	2.957834693272139e+05	1.464601583140164e+04	8.534704998557512e-03	3.726164002302707e+04	8.270497543452571e+03	8.400773135913772e+03	2.979265779492400e-17	-inf	
31	2.000000000000000e-01	1.000000000000000e+00	1.889747570333767e-03	6.644957428223745e-03	0.000000000000000e+00	0.000000000000000e+00	2.957834693272139e+05	1.464601583140164e+04	8.534704998557512e-03	3.726164002302707e+04	8.270497543452571e+03	8.400773135913772e+03	0.000000000000000e+00	-inf	
32	3.999999999999999e-01	1.000000000000000e+00	1.889747570333767e-03	6.644957428223745e-03	0.000000000000000e+00	0.000000000000000e+00	2.957834693272139e+05	1.464601583140164e+04	8.534704998557512e-03	3.726164002302707e+04	8.270497543452571e+03	8.400773135913772e+03	0.000000000000000e+00	-inf	
33	6.000000000000000e-01	1.000000000000000e+00	1.889747570333767e-03	6.644957428223745e-03	3.531113179633395e-16	-8.235474524553624e-16	2.957834693272139e+05	1.464601583140164e+04	8.534704998557512e-03	3.726164002302707e+04	8.270497543452571e+03	8.400773135913772e+03	3.953180467712806e-17	-inf	
34	8.000000000000000e-01	1.000000000000000e+00	1.889747570333767e-03	6.644957428223745e-03	0.000000000000000e+00	4.242792783770639e-16	2.957834693272139e+05	1.464601583140165e+04	8.534704998557513e-03	3.726164002302708e+04	8.270497543452573e+03	8.400773135913772e+03	1.871814739686333e-17	-inf	
35	1.000000000000000e+00	1.000000000000000e+00	1.889747570333767e-03	6.644957428223745e-03	-7.044036465231329e-16	8.594724931754156e-17	2.957834693272139e+05	1.464601583140164e+04	8.534704998557512e-03	3.726164002302707e+04	8.270497543452571e+03	8.400773135913772e+03	3.130700922630647e-17	-inf	
EXT_ITER= 8611
AOA= 0.000000000000000e+00
SIDESLIP_ANGLE= 0.000000000000000e+00
INITIAL_BCTHRUST= 4.000000000000000e+03
DCD_DCL_VALUE= 0.000000000000000e+00
DCMX_DCL_VALUE= 0.000000000000000e+00
DCMY_DCL_VALUE= 0.000000000000000e+00
DCMZ_DCL_VALUE= 0.000000000000000e+00
