"PointID"	"x"	"y"	"Density[0]"	"Density[1]"	"Momentum_x"	"Momentum_y"	"Energy"	"Electronic_Energy"	"Total_Density"	"Pressure"	"Temperature"	"Tve"	"Mach"	"C<sub>p</sub>"
0	0.000000000000000e+00	0.000000000000000e+00	1.914967904389585e-03	6.619737094167925e-03	0.000000000000000e+00	0.000000000000000e+00	2.957834693272139e+05	1.503969403215202e+04	8.534704998557510e-03	3.749769628876679e+04	8.336743111474685e+03	8.481659697416966e+03	0.000000000000000e+00	-inf	
1	2.000000000000000e-01	0.000000000000000e+00	1.914967904389585e-03	6.619737094167925e-03	0.000000000000000e+00	1.310127117903929e-15	2.957834693272139e+05	1.503969403215202e+04	8.534704998557510e-03	3.749769628876679e+04	8.336743111474685e+03	8.481659697416966e+03	5.762996983637132e-17	-inf	
2	4.000000000000000e-01	0.000000000000000e+00	1.914967904389585e-03	6.619737094167925e-03	0.000000000000000e+00	-1.025910023599852e-15	2.957834693272139e+05	1.503969403215202e+04	8.534704998557510e-03	3.749769628876679e+04	8.336743111474685e+03	8.481659697416966e+03	4.512780699439418e-17	-inf	
3	6.000000000000001e-01	0.000000000000000e+00	1.914967904389585e-03	6.619737094167925e-03	0.000000000000000e+00	-9.122231858782206e-16	2.957834693272139e+05	1.503969403215202e+04	8.534704998557510e-03	3.749769628876679e+04	8.336743111474685e+03	8.481659697416966e+03	4.012694185760332e-17	-inf	
4	8.000000000000000e-01	0.000000000000000e+00	1.914967904389585e-03	6.619737094167925e-03	2.785327524179593e-16	0.000000000000000e+00	2.957834693272139e+05	1.503969403215202e+04	8.534704998557510e-03	3.749769628876679e+04	8.336743111474685e+03	8.481659697416966e+03	1.225211958513596e-17	-inf	
5	1.000000000000000e+00	0.000000000000000e+00	1.914967904389586e-03	6.619737094167925e-03	4.974936018697913e-16	-7.685230229981226e-17	2.957834693272139e+05	1.503969403215202e+04	8.534704998557512e-03	3.749769628876677e+04	8.336743111474680e+03	8.481659697416966e+03	2.214336100141459e-17	-inf	
6	0.000000000000000e+00	2.000000000000000e-01	1.914967904389585e-03	6.619737094167925e-03	0.000000000000000e+00	0.000000000000000e+00	2.957834693272139e+05	1.503969403215202e+04	8.534704998557510e-03	3.749769628876679e+04	8.336743111474685e+03	8.481659697416966e+03	0.000000000000000e+00	-inf	
7	2.000000000000000e-01	2.000000000000000e-01	1.914967904389585e-03	6.619737094167925e-03	-6.134541763458479e-16	-1.818989403545857e-18	2.957834693272139e+05	1.503969403215202e+04	8.534704998557510e-03	3.749769628876679e+04	8.336743111474685e+03	8.481659697416966e+03	2.698478690475671e-17	-inf	
8	4.000000000000000e-01	2.000000000000000e-01	1.914967904389585e-03	6.619737094167925e-03	-6.541540642501917e-16	2.803517418215051e-16	2.957834693272139e+05	1.503969403215202e+04	8.534704998557510e-03	3.749769628876679e+04	8.336743111474685e+03	8.481659697416966e+03	3.130624336458188e-17	-inf	
9	5.999999999999999e-01	2.000000000000000e-01	1.914967904389585e-03	6.619737094167925e-03	0.000000000000000e+00	7.464677764801319e-16	2.957834693272139e+05	1.503969403215202e+04	8.534704998557510e-03	3.749769628876679e+04	8.336743111474685e+03	8.481659697416966e+03	3.283568048816444e-17	-inf	
10	7.999999999999999e-01	2.000000000000000e-01	1.914967904389585e-03	6.619737094167925e-03	2.642082108650359e-16	-4.645244189305110e-16	2.957834693272139e+05	1.503969403215202e+04	8.534704998557510e-03	3.749769628876679e+04	8.336743111474685e+03	8.481659697416966e+03	2.350745584664013e-17	-inf	
11	1.000000000000000e+00	2.000000000000000e-01	1.914967904389586e-03	6.619737094167925e-03	4.984030965715657e-16	-2.480646799085665e-16	2.957834693272139e+05	1.503969403215202e+04	8.534704998557512e-03	3.749769628876677e+04	8.336743111474680e+03	8.481659697416966e+03	2.448922176731283e-17	-inf	
12	0.000000000000000e+00	3.999999999999999e-01	1.914967904389585e-03	6.619737094167925e-03	-1.261923898709980e-15	0.000000000000000e+00	2.957834693272139e+05	1.503969403215202e+04	8.534704998557510e-03	3.749769628876679e+04	8.336743111474685e+03	8.481659697416966e+03	5.550960301837299e-17	-inf	
13	2.000000000000000e-01	3.999999999999999e-01	1.914967904389585e-03	6.619737094167925e-03	6.009548172777592e-16	0.000000000000000e+00	2.957834693272139e+05	1.503969403215202e+04	8.534704998557510e-03	3.749769628876679e+04	8.336743111474685e+03	8.481659697416966e+03	2.643484553479711e-17	-inf	
14	3.999999999999999e-01	4.000000000000001e-01	1.914967904389586e-03	6.619737094167925e-03	2.148743163751489e-16	0.000000000000000e+00	2.957834693272139e+05	1.503969403215202e+04	8.534704998557512e-03	3.749769628876677e+04	8.336743111474680e+03	8.481659697416966e+03	9.451907530257526e-18	-inf	
15	6.000000000000001e-01	4.000000000000000e-01	1.914967904389586e-03	6.619737094167925e-03	-6.912159733474269e-16	-9.094947017729280e-19	2.957834693272139e+05	1.503969403215202e+04	8.534704998557512e-03	3.749769628876677e+04	8.336743111474680e+03	8.481659697416966e+03	3.040528635201586e-17	-inf	
16	8.000000000000000e-01	4.000000000000000e-01	1.914967904389585e-03	6.619737094167925e-03	-2.871729520848023e-16	0.000000000000000e+00	2.957834693272139e+05	1.503969403215202e+04	8.534704998557510e-03	3.749769628876679e+04	8.336743111474685e+03	8.481659697416966e+03	1.263218533553203e-17	-inf	
17	1.000000000000000e+00	4.000000000000000e-01	1.914967904389585e-03	6.619737094167925e-03	0.000000000000000e+00	0.000000000000000e+00	2.957834693272139e+05	1.503969403215202e+04	8.534704998557510e-03	3.749769628876679e+04	8.336743111474685e+03	8.481659697416966e+03	0.000000000000000e+00	-inf	
18	0.000000000000000e+00	6.000000000000000e-01	1.914967904389585e-03	6.619737094167925e-03	1.025910023599852e-15	2.785327524179592e-16	2.957834693272139e+05	1.503969403215202e+04	8.534704998557510e-03	3.749769628876679e+04	8.336743111474685e+03	8.481659697416966e+03	4.676145205670761e-17	-inf	
19	2.000000000000000e-01	6.000000000000000e-01	1.914967904389585e-03	6.619737094167925e-03	1.206319096108219e-17	1.818989403545857e-18	2.957834693272139e+05	1.503969403215202e+04	8.534704998557510e-03	3.749769628876679e+04	8.336743111474685e+03	8.481659697416966e+03	5.366352215051848e-19	-inf	
20	4.000000000000001e-01	6.000000000000002e-01	1.914967904389585e-03	6.619737094167925e-03	0.000000000000000e+00	-2.803517418215052e-16	2.957834693272139e+05	1.503969403215202e+04	8.534704998557510e-03	3.749769628876679e+04	8.336743111474685e+03	8.481659697416966e+03	1.233213342732461e-17	-inf	
21	6.000000000000000e-01	6.000000000000001e-01	1.914967904389585e-03	6.619737094167925e-03	-1.206319096108176e-17	-2.921751729445536e-16	2.957834693272139e+05	1.503969403215202e+04	8.534704998557510e-03	3.749769628876679e+04	8.336743111474685e+03	8.481659697416966e+03	1.286317307313356e-17	-inf	
22	8.000000000000000e-01	6.000000000000001e-01	1.914967904389585e-03	6.619737094167925e-03	3.474269760772589e-16	-9.094947017729286e-19	2.957834693272139e+05	1.503969403215202e+04	8.534704998557510e-03	3.749769628876679e+04	8.336743111474685e+03	8.481659697416966e+03	1.528269622302109e-17	-inf	
23	1.000000000000000e+00	6.000000000000001e-01	1.914967904389586e-03	6.619737094167925e-03	1.264652382815259e-15	-9.094947017729280e-19	2.957834693272139e+05	1.503969403215202e+04	8.534704998557512e-03	3.749769628876677e+04	8.336743111474680e+03	8.481659697416966e+03	5.562963816745640e-17	-inf	
24	0.000000000000000e+00	8.000000000000000e-01	1.914967904389586e-03	6.619737094167925e-03	-4.629328032024227e-16	0.000000000000000e+00	2.957834693272139e+05	1.503969403215202e+04	8.534704998557512e-03	3.749769628876677e+04	8.336743111474680e+03	8.481659697416966e+03	2.036352283700975e-17	-inf	
25	2.000000000000000e-01	8.000000000000000e-01	1.914967904389585e-03	6.619737094167925e-03	-2.921751729445536e-16	6.125446816440747e-16	2.957834693272139e+05	1.503969403215202e+04	8.534704998557510e-03	3.749769628876679e+04	8.336743111474685e+03	8.481659697416966e+03	2.985287962673239e-17	-inf	
26	3.999999999999999e-01	8.000000000000000e-01	1.914967904389585e-03	6.619737094167925e-03	-9.094947017729284e-19	0.000000000000000e+00	2.957834693272139e+05	1.503969403215202e+04	8.534704998557510e-03	3.749769628876679e+04	8.336743111474685e+03	8.481659697416966e+03	4.000692109432153e-20	-inf	
27	6.000000000000000e-01	8.000000000000000e-01	1.914967904389585e-03	6.619737094167925e-03	0.000000000000000e+00	-6.359641702147307e-16	2.957834693272139e+05	1.503969403215202e+04	8.534704998557510e-03	3.749769628876679e+04	8.336743111474685e+03	8.481659697416966e+03	2.797483957520480e-17	-inf	
28	8.000000000000000e-01	8.000000000000000e-01	1.914967904389585e-03	6.619737094167925e-03	0.000000000000000e+00	2.744400262599802e-16	2.957834693272139e+05	1.503969403215202e+04	8.534704998557510e-03	3.749769628876679e+04	8.336743111474685e+03	8.481659697416966e+03	1.207208844021148e-17	-inf	
29	1.000000000000000e+00	8.000000000000000e-01	1.914967904389585e-03	6.619737094167925e-03	-9.104041964746745e-16	-2.653450792422532e-16	2.957834693272139e+05	1.503969403215202e+04	8.534704998557510e-03	3.749769628876679e+04	8.336743111474685e+03	8.481659697416966e+03	4.171321704640167e-17	-inf	
30	0.000000000000000e+00	1.000000000000000e+00	1.914967904389585e-03	6.619737094167925e-03	1.818989403545857e-18	-5.588844942394646e-16	2.957834693272139e+05	1.503969403215202e+04	8.534704998557510e-03	3.749769628876679e+04	8.336743111474685e+03	8.481659697416966e+03	2.458438322178572e-17	-inf	
31	2.000000000000000e-01	1.000000000000000e+00	1.914967904389585e-03	6.619737094167925e-03	0.000000000000000e+00	0.000000000000000e+00	2.957834693272139e+05	1.503969403215202e+04	8.534704998557510e-03	3.749769628876679e+04	8.336743111474685e+03	8.481659697416966e+03	0.000000000000000e+00	-inf	
32	3.999999999999999e-01	1.000000000000000e+00	1.914967904389585e-03	6.619737094167925e-03	0.000000000000000e+00	0.000000000000000e+00	2.957834693272139e+05	1.503969403215202e+04	8.534704998557510e-03	3.749769628876679e+04	8.336743111474685e+03	8.481659697416966e+03	0.000000000000000e+00	-inf	
33	6.000000000000000e-01	1.000000000000000e+00	1.914967904389585e-03	6.619737094167925e-03	2.894466888392343e-16	-6.625668902415677e-16	2.957834693272139e+05	1.503969403215202e+04	8.534704998557510e-03	3.749769628876679e+04	8.336743111474685e+03	8.481659697416966e+03	3.180475527664081e-17	-inf	
34	8.000000000000000e-01	1.000000000000000e+00	1.914967904389586e-03	6.619737094167925e-03	0.000000000000000e+00	3.674358595162573e-16	2.957834693272139e+05	1.503969403215202e+04	8.534704998557512e-03	3.749769628876677e+04	8.336743111474680e+03	8.481659697416966e+03	1.616279612210565e-17	-inf	
35	1.000000000000000e+00	1.000000000000000e+00	1.914967904389585e-03	6.619737094167925e-03	-5.770743882749225e-16	4.638422979041929e-17	2.957834693272139e+05	1.503969403215202e+04	8.534704998557510e-03	3.749769628876679e+04	8.336743111474685e+03	8.481659697416966e+03	2.546625941825865e-17	-inf	
EXT_ITER= 7694
AOA= 0.000000000000000e+00
SIDESLIP_ANGLE= 0.000000000000000e+00
INITIAL_BCTHRUST= 4.000000000000000e+03
DCD_DCL_VALUE= 0.000000000000000e+00
DCMX_DCL_VALUE= 0.000000000000000e+00
DCMY_DCL_VALUE= 0.000000000000000e+00
DCMZ_DCL_VALUE= 0.000000000000000e+00
