"PointID"	"x"	"y"	"Density[0]"	"Density[1]"	"Momentum_x"	"Momentum_y"	"Energy"	"Electronic_Energy"	"Total_Density"	"Pressure"	"Temperature"	"Tve"	"Mach"	"C<sub>p</sub>"
0	0.000000000000000e+00	0.000000000000000e+00	1.870943420543772e-03	6.663761578013739e-03	0.000000000000000e+00	0.000000000000000e+00	2.957834693272139e+05	1.435623124521175e+04	8.534704998557512e-03	3.708288699983934e+04	8.220638481675111e+03	8.341392987238392e+03	0.000000000000000e+00	-inf	
1	2.000000000000000e-01	0.000000000000000e+00	1.870943420543772e-03	6.663761578013739e-03	0.000000000000000e+00	1.467014953959780e-15	2.957834693272139e+05	1.435623124521175e+04	8.534704998557512e-03	3.708288699983934e+04	8.220638481675111e+03	8.341392987238392e+03	6.486626425753604e-17	-inf	
2	4.000000000000000e-01	0.000000000000000e+00	1.870943420543772e-03	6.663761578013739e-03	0.000000000000000e+00	-1.159150997409603e-15	2.957834693272139e+05	1.435623124521175e+04	8.534704998557512e-03	3.708288699983934e+04	8.220638481675111e+03	8.341392987238392e+03	5.125359813777277e-17	-inf	
3	6.000000000000001e-01	0.000000000000000e+00	1.870943420543772e-03	6.663761578013739e-03	0.000000000000000e+00	-1.222815626533717e-15	2.957834693272139e+05	1.435623124521175e+04	8.534704998557512e-03	3.708288699983934e+04	8.220638481675111e+03	8.341392987238392e+03	5.406862510493208e-17	-inf	
4	8.000000000000000e-01	0.000000000000000e+00	1.870943420543772e-03	6.663761578013739e-03	3.922195901395743e-16	0.000000000000000e+00	2.957834693272139e+05	1.435623124521175e+04	8.534704998557512e-03	3.708288699983934e+04	8.220638481675111e+03	8.341392987238392e+03	1.734257685124702e-17	-inf	
5	1.000000000000000e+00	0.000000000000000e+00	1.870943420543773e-03	6.663761578013739e-03	7.489688869100075e-16	-1.164153218269347e-16	2.957834693272139e+05	1.435623124521175e+04	8.534704998557512e-03	3.708288699983933e+04	8.220638481675109e+03	8.341392987238394e+03	3.351444088443049e-17	-inf	
6	0.000000000000000e+00	2.000000000000000e-01	1.870943420543772e-03	6.663761578013739e-03	0.000000000000000e+00	0.000000000000000e+00	2.957834693272139e+05	1.435623124521175e+04	8.534704998557512e-03	3.708288699983934e+04	8.220638481675111e+03	8.341392987238392e+03	0.000000000000000e+00	-inf	
7	2.000000000000000e-01	2.000000000000000e-01	1.870943420543772e-03	6.663761578013739e-03	-7.576090865768761e-16	-1.818989403545857e-18	2.957834693272139e+05	1.435623124521175e+04	8.534704998557512e-03	3.708288699983934e+04	8.220638481675111e+03	8.341392987238392e+03	3.349891746288531e-17	-inf	
8	4.000000000000000e-01	2.000000000000000e-01	1.870943420543772e-03	6.663761578013739e-03	-7.325979822781172e-16	3.940385795431201e-16	2.957834693272139e+05	1.435623124521175e+04	8.534704998557512e-03	3.708288699983934e+04	8.220638481675111e+03	8.341392987238392e+03	3.678127575595355e-17	-inf	
9	5.999999999999999e-01	2.000000000000000e-01	1.870943420543772e-03	6.663761578013739e-03	0.000000000000000e+00	1.024773155222644e-15	2.957834693272139e+05	1.435623124521175e+04	8.534704998557512e-03	3.708288699983934e+04	8.220638481675111e+03	8.341392987238392e+03	4.531188050351900e-17	-inf	
10	7.999999999999999e-01	2.000000000000000e-01	1.870943420543772e-03	6.663761578013739e-03	3.799414116656405e-16	-6.095888238633123e-16	2.957834693272139e+05	1.435623124521175e+04	8.534704998557512e-03	3.708288699983934e+04	8.220638481675111e+03	8.341392987238392e+03	3.176068367786977e-17	-inf	
11	1.000000000000000e+00	2.000000000000000e-01	1.870943420543773e-03	6.663761578013739e-03	7.457856554538025e-16	-3.699369699461389e-16	2.957834693272139e+05	1.435623124521175e+04	8.534704998557512e-03	3.708288699983933e+04	8.220638481675109e+03	8.341392987238394e+03	3.681005840550359e-17	-inf	
12	0.000000000000000e+00	3.999999999999999e-01	1.870943420543772e-03	6.663761578013739e-03	-1.254647941095815e-15	0.000000000000000e+00	2.957834693272139e+05	1.435623124521175e+04	8.534704998557512e-03	3.708288699983934e+04	8.220638481675111e+03	8.341392987238392e+03	5.547613858851356e-17	-inf	
13	2.000000000000000e-01	3.999999999999999e-01	1.870943420543772e-03	6.663761578013739e-03	7.603160308509176e-16	0.000000000000000e+00	2.957834693272139e+05	1.435623124521175e+04	8.534704998557512e-03	3.708288699983934e+04	8.220638481675111e+03	8.341392987238392e+03	3.361851250615722e-17	-inf	
14	3.999999999999999e-01	4.000000000000001e-01	1.870943420543773e-03	6.663761578013739e-03	3.073876693679957e-16	0.000000000000000e+00	2.957834693272139e+05	1.435623124521175e+04	8.534704998557512e-03	3.708288699983933e+04	8.220638481675109e+03	8.341392987238394e+03	1.359160636836915e-17	-inf	
15	6.000000000000001e-01	4.000000000000000e-01	1.870943420543773e-03	6.663761578013739e-03	-9.677023626863900e-16	-9.094947017729280e-19	2.957834693272139e+05	1.435623124521175e+04	8.534704998557512e-03	3.708288699983933e+04	8.220638481675109e+03	8.341392987238394e+03	4.278842879868321e-17	-inf	
16	8.000000000000000e-01	4.000000000000000e-01	1.870943420543772e-03	6.663761578013739e-03	-4.106368578504775e-16	0.000000000000000e+00	2.957834693272139e+05	1.435623124521175e+04	8.534704998557512e-03	3.708288699983934e+04	8.220638481675111e+03	8.341392987238392e+03	1.815692393817521e-17	-inf	
17	1.000000000000000e+00	4.000000000000000e-01	1.870943420543772e-03	6.663761578013739e-03	0.000000000000000e+00	0.000000000000000e+00	2.957834693272139e+05	1.435623124521175e+04	8.534704998557512e-03	3.708288699983934e+04	8.220638481675111e+03	8.341392987238392e+03	0.000000000000000e+00	-inf	
18	0.000000000000000e+00	6.000000000000000e-01	1.870943420543772e-03	6.663761578013739e-03	1.159150997409603e-15	3.922195901395742e-16	2.957834693272139e+05	1.435623124521175e+04	8.534704998557512e-03	3.708288699983934e+04	8.220638481675111e+03	8.341392987238392e+03	5.410819063607387e-17	-inf	
19	2.000000000000000e-01	6.000000000000000e-01	1.870943420543772e-03	6.663761578013739e-03	3.883781883828734e-17	1.818989403545857e-18	2.957834693272139e+05	1.435623124521175e+04	8.534704998557512e-03	3.708288699983934e+04	8.220638481675111e+03	8.341392987238392e+03	1.719154794926801e-18	-inf	
20	4.000000000000001e-01	6.000000000000002e-01	1.870943420543772e-03	6.663761578013739e-03	0.000000000000000e+00	-3.940385795431205e-16	2.957834693272139e+05	1.435623124521175e+04	8.534704998557512e-03	3.708288699983934e+04	8.220638481675111e+03	8.341392987238392e+03	1.742300619316586e-17	-inf	
21	6.000000000000000e-01	6.000000000000001e-01	1.870943420543772e-03	6.663761578013739e-03	-3.883781883828685e-17	-4.151843313593427e-16	2.957834693272139e+05	1.435623124521175e+04	8.534704998557512e-03	3.708288699983934e+04	8.220638481675111e+03	8.341392987238392e+03	1.843814223121886e-17	-inf	
22	8.000000000000000e-01	6.000000000000001e-01	1.870943420543772e-03	6.663761578013739e-03	7.501057552872205e-16	-9.094947017729286e-19	2.957834693272139e+05	1.435623124521175e+04	8.534704998557512e-03	3.708288699983934e+04	8.220638481675111e+03	8.341392987238392e+03	3.316707425368292e-17	-inf	
23	1.000000000000000e+00	6.000000000000001e-01	1.870943420543773e-03	6.663761578013739e-03	1.259195414604606e-15	-9.094947017729280e-19	2.957834693272139e+05	1.435623124521175e+04	8.534704998557512e-03	3.708288699983933e+04	8.220638481675109e+03	8.341392987238394e+03	5.567722646648026e-17	-inf	
24	0.000000000000000e+00	8.000000000000000e-01	1.870943420543773e-03	6.663761578013739e-03	-7.062226359266805e-16	0.000000000000000e+00	2.957834693272139e+05	1.435623124521175e+04	8.534704998557512e-03	3.708288699983933e+04	8.220638481675109e+03	8.341392987238394e+03	3.122669199998465e-17	-inf	
25	2.000000000000000e-01	8.000000000000000e-01	1.870943420543772e-03	6.663761578013739e-03	-4.151843313593427e-16	7.566995918751030e-16	2.957834693272139e+05	1.435623124521175e+04	8.534704998557512e-03	3.708288699983934e+04	8.220638481675111e+03	8.341392987238392e+03	3.816404585488698e-17	-inf	
26	3.999999999999999e-01	8.000000000000000e-01	1.870943420543772e-03	6.663761578013739e-03	-9.094947017729284e-19	0.000000000000000e+00	2.957834693272139e+05	1.435623124521175e+04	8.534704998557512e-03	3.708288699983934e+04	8.220638481675111e+03	8.341392987238392e+03	4.021467095941349e-20	-inf	
27	6.000000000000000e-01	8.000000000000000e-01	1.870943420543772e-03	6.663761578013739e-03	0.000000000000000e+00	-7.137259672163264e-16	2.957834693272139e+05	1.435623124521175e+04	8.534704998557512e-03	3.708288699983934e+04	8.220638481675111e+03	8.341392987238392e+03	3.155846303540066e-17	-inf	
28	8.000000000000000e-01	8.000000000000000e-01	1.870943420543772e-03	6.663761578013739e-03	0.000000000000000e+00	3.901732270605847e-16	2.957834693272139e+05	1.435623124521175e+04	8.534704998557512e-03	3.708288699983934e+04	8.220638481675111e+03	8.341392987238392e+03	1.725209384158832e-17	-inf	
29	1.000000000000000e+00	8.000000000000000e-01	1.870943420543772e-03	6.663761578013739e-03	-1.220996637130171e-15	-3.872173692798258e-16	2.957834693272139e+05	1.435623124521175e+04	8.534704998557512e-03	3.708288699983934e+04	8.220638481675111e+03	8.341392987238392e+03	5.663803923377231e-17	-inf	
30	0.000000000000000e+00	1.000000000000000e+00	1.870943420543772e-03	6.663761578013739e-03	1.818989403545857e-18	-7.862581696826947e-16	2.957834693272139e+05	1.435623124521175e+04	8.534704998557512e-03	3.708288699983934e+04	8.220638481675111e+03	8.341392987238392e+03	3.476567607996441e-17	-inf	
31	2.000000000000000e-01	1.000000000000000e+00	1.870943420543772e-03	6.663761578013739e-03	0.000000000000000e+00	0.000000000000000e+00	2.957834693272139e+05	1.435623124521175e+04	8.534704998557512e-03	3.708288699983934e+04	8.220638481675111e+03	8.341392987238392e+03	0.000000000000000e+00	-inf	
32	3.999999999999999e-01	1.000000000000000e+00	1.870943420543772e-03	6.663761578013739e-03	0.000000000000000e+00	0.000000000000000e+00	2.957834693272139e+05	1.435623124521175e+04	8.534704998557512e-03	3.708288699983934e+04	8.220638481675111e+03	8.341392987238392e+03	0.000000000000000e+00	-inf	
33	6.000000000000000e-01	1.000000000000000e+00	1.870943420543772e-03	6.663761578013739e-03	4.129105946049095e-16	-9.508767107035752e-16	2.957834693272139e+05	1.435623124521175e+04	8.534704998557512e-03	3.708288699983934e+04	8.220638481675111e+03	8.341392987238392e+03	4.583742658468055e-17	-inf	
34	8.000000000000000e-01	1.000000000000000e+00	1.870943420543773e-03	6.663761578013739e-03	0.000000000000000e+00	4.602043190970931e-16	2.957834693272139e+05	1.435623124521175e+04	8.534704998557512e-03	3.708288699983933e+04	8.220638481675109e+03	8.341392987238394e+03	2.034862350546284e-17	-inf	
35	1.000000000000000e+00	1.000000000000000e+00	1.870943420543772e-03	6.663761578013739e-03	-8.240021998062729e-16	8.594724931754156e-17	2.957834693272139e+05	1.435623124521175e+04	8.534704998557512e-03	3.708288699983934e+04	8.220638481675111e+03	8.341392987238392e+03	3.663214948636436e-17	-inf	
EXT_ITER= 9378
AOA= 0.000000000000000e+00
SIDESLIP_ANGLE= 0.000000000000000e+00
INITIAL_BCTHRUST= 4.000000000000000e+03
DCD_DCL_VALUE= 0.000000000000000e+00
DCMX_DCL_VALUE= 0.000000000000000e+00
DCMY_DCL_VALUE= 0.000000000000000e+00
DCMZ_DCL_VALUE= 0.000000000000000e+00
