"PointID"	"x"	"y"	"Density[0]"	"Density[1]"	"Momentum_x"	"Momentum_y"	"Energy"	"Electronic_Energy"	"Total_Density"	"Pressure"	"Temperature"	"Tve"	"Mach"	"C<sub>p</sub>"
0	0.000000000000000e+00	0.000000000000000e+00	2.056538478432707e-03	6.478166520124773e-03	0.000000000000000e+00	0.000000000000000e+00	2.957834693272139e+05	1.740984637027414e+04	8.534704998557480e-03	3.871205404042114e+04	8.687888371970865e+03	8.959800367844231e+03	0.000000000000000e+00	-inf	
1	2.000000000000000e-01	0.000000000000000e+00	2.056538478432707e-03	6.478166520124773e-03	0.000000000000000e+00	9.022187441587170e-16	2.957834693272139e+05	1.740984637027414e+04	8.534704998557480e-03	3.871205404042114e+04	8.687888371970865e+03	8.959800367844231e+03	3.910777586426294e-17	-inf	
2	4.000000000000000e-01	0.000000000000000e+00	2.056538478432707e-03	6.478166520124773e-03	0.000000000000000e+00	-7.212292985059166e-16	2.957834693272139e+05	1.740984637027414e+04	8.534704998557480e-03	3.871205404042114e+04	8.687888371970865e+03	8.959800367844231e+03	3.126256679471855e-17	-inf	
3	6.000000000000001e-01	0.000000000000000e+00	2.056538478432707e-03	6.478166520124773e-03	0.000000000000000e+00	-3.001332515850707e-16	2.957834693272139e+05	1.740984637027414e+04	8.534704998557480e-03	3.871205404042114e+04	8.687888371970865e+03	8.959800367844231e+03	1.300964318065257e-17	-inf	
4	8.000000000000000e-01	0.000000000000000e+00	2.056538478432707e-03	6.478166520124773e-03	1.198259269585829e-16	0.000000000000000e+00	2.957834693272139e+05	1.740984637027414e+04	8.534704998557480e-03	3.871205404042114e+04	8.687888371970865e+03	8.959800367844231e+03	5.194001481972562e-18	-inf	
5	1.000000000000000e+00	0.000000000000000e+00	2.056538478432708e-03	6.478166520124773e-03	1.887201506178802e-16	3.219611244276215e-16	2.957834693272139e+05	1.740984637027414e+04	8.534704998557480e-03	3.871205404042114e+04	8.687888371970865e+03	8.959800367844229e+03	1.617657974786092e-17	-inf	
6	0.000000000000000e+00	2.000000000000000e-01	2.056538478432707e-03	6.478166520124773e-03	0.000000000000000e+00	0.000000000000000e+00	2.957834693272139e+05	1.740984637027414e+04	8.534704998557480e-03	3.871205404042114e+04	8.687888371970865e+03	8.959800367844231e+03	0.000000000000000e+00	-inf	
7	2.000000000000000e-01	2.000000000000000e-01	2.056538478432707e-03	6.478166520124773e-03	-3.637978807091633e-16	-1.818989403545857e-18	2.957834693272139e+05	1.740984637027414e+04	8.534704998557480e-03	3.871205404042114e+04	8.687888371970865e+03	8.959800367844231e+03	1.576946157597030e-17	-inf	
8	4.000000000000000e-01	2.000000000000000e-01	2.056538478432707e-03	6.478166520124773e-03	-4.501998773775855e-16	1.216449163621286e-16	2.957834693272139e+05	1.740984637027414e+04	8.534704998557480e-03	3.871205404042114e+04	8.687888371970865e+03	8.959800367844231e+03	2.021428354567225e-17	-inf	
9	5.999999999999999e-01	2.000000000000000e-01	2.056538478432707e-03	6.478166520124773e-03	0.000000000000000e+00	2.751221472863144e-16	2.957834693272139e+05	1.740984637027414e+04	8.534704998557480e-03	3.871205404042114e+04	8.687888371970865e+03	8.959800367844231e+03	1.192550624893151e-17	-inf	
10	7.999999999999999e-01	2.000000000000000e-01	2.056538478432707e-03	6.478166520124773e-03	1.098214852390814e-16	-2.337401383556455e-16	2.957834693272139e+05	1.740984637027414e+04	8.534704998557480e-03	3.871205404042114e+04	8.687888371970865e+03	8.959800367844231e+03	1.119434267033059e-17	-inf	
11	1.000000000000000e+00	2.000000000000000e-01	2.056538478432708e-03	6.478166520124773e-03	2.023625711444757e-16	-9.640643838792958e-17	2.957834693272139e+05	1.740984637027414e+04	8.534704998557480e-03	3.871205404042114e+04	8.687888371970865e+03	8.959800367844229e+03	9.716209775827109e-18	-inf	
12	0.000000000000000e+00	3.999999999999999e-01	2.056538478432707e-03	6.478166520124773e-03	-9.804352885111993e-16	0.000000000000000e+00	2.957834693272139e+05	1.740984637027414e+04	8.534704998557480e-03	3.871205404042114e+04	8.687888371970865e+03	8.959800367844231e+03	4.249816772346370e-17	-inf	
13	2.000000000000000e-01	3.999999999999999e-01	2.056538478432707e-03	6.478166520124773e-03	3.214313018470527e-16	0.000000000000000e+00	2.957834693272139e+05	1.740984637027414e+04	8.534704998557480e-03	3.871205404042114e+04	8.687888371970865e+03	8.959800367844231e+03	1.393283324003010e-17	-inf	
14	3.999999999999999e-01	4.000000000000001e-01	2.056538478432708e-03	6.478166520124773e-03	8.450793203520374e-17	0.000000000000000e+00	2.957834693272139e+05	1.740984637027414e+04	8.534704998557480e-03	3.871205404042114e+04	8.687888371970865e+03	8.959800367844229e+03	3.663099759545360e-18	-inf	
15	6.000000000000001e-01	4.000000000000000e-01	2.056538478432708e-03	6.478166520124773e-03	-2.291926648467804e-16	-9.094947017729280e-19	2.957834693272139e+05	1.740984637027414e+04	8.534704998557480e-03	3.871205404042114e+04	8.687888371970865e+03	8.959800367844229e+03	9.934714830930022e-18	-inf	
16	8.000000000000000e-01	4.000000000000000e-01	2.056538478432707e-03	6.478166520124773e-03	-1.259650161955504e-16	0.000000000000000e+00	2.957834693272139e+05	1.740984637027414e+04	8.534704998557480e-03	3.871205404042114e+04	8.687888371970865e+03	8.959800367844231e+03	5.460107819758647e-18	-inf	
17	1.000000000000000e+00	4.000000000000000e-01	2.056538478432707e-03	6.478166520124773e-03	0.000000000000000e+00	0.000000000000000e+00	2.957834693272139e+05	1.740984637027414e+04	8.534704998557480e-03	3.871205404042114e+04	8.687888371970865e+03	8.959800367844231e+03	0.000000000000000e+00	-inf	
18	0.000000000000000e+00	6.000000000000000e-01	2.056538478432707e-03	6.478166520124773e-03	7.212292985059166e-16	1.198259269585828e-16	2.957834693272139e+05	1.740984637027414e+04	8.534704998557480e-03	3.871205404042114e+04	8.687888371970865e+03	8.959800367844231e+03	3.169109865544222e-17	-inf	
19	2.000000000000000e-01	6.000000000000000e-01	2.056538478432707e-03	6.478166520124773e-03	-3.562044382849952e-17	1.818989403545857e-18	2.957834693272139e+05	1.740984637027414e+04	8.534704998557480e-03	3.871205404042114e+04	8.687888371970865e+03	8.959800367844231e+03	1.546023608219834e-18	-inf	
20	4.000000000000001e-01	6.000000000000002e-01	2.056538478432707e-03	6.478166520124773e-03	0.000000000000000e+00	-1.216449163621288e-16	2.957834693272139e+05	1.740984637027414e+04	8.534704998557480e-03	3.871205404042114e+04	8.687888371970865e+03	8.959800367844231e+03	5.272847804279550e-18	-inf	
21	6.000000000000000e-01	6.000000000000001e-01	2.056538478432707e-03	6.478166520124773e-03	3.562044382849978e-17	-1.268745108973234e-16	2.957834693272139e+05	1.740984637027414e+04	8.534704998557480e-03	3.871205404042114e+04	8.687888371970865e+03	8.959800367844231e+03	5.712163623763261e-18	-inf	
22	8.000000000000000e-01	6.000000000000001e-01	2.056538478432707e-03	6.478166520124773e-03	1.268745108973231e-16	-9.094947017729286e-19	2.957834693272139e+05	1.740984637027414e+04	8.534704998557480e-03	3.871205404042114e+04	8.687888371970865e+03	8.959800367844231e+03	5.499672280749795e-18	-inf	
23	1.000000000000000e+00	6.000000000000001e-01	2.056538478432708e-03	6.478166520124773e-03	4.592948243953337e-16	-9.094947017729280e-19	2.957834693272139e+05	1.740984637027414e+04	8.534704998557480e-03	3.871205404042114e+04	8.687888371970865e+03	8.959800367844229e+03	1.990873541530828e-17	-inf	
24	0.000000000000000e+00	8.000000000000000e-01	2.056538478432708e-03	6.478166520124773e-03	-1.591615728102634e-16	0.000000000000000e+00	2.957834693272139e+05	1.740984637027414e+04	8.534704998557480e-03	3.871205404042114e+04	8.687888371970865e+03	8.959800367844229e+03	6.899053201861155e-18	-inf	
25	2.000000000000000e-01	8.000000000000000e-01	2.056538478432707e-03	6.478166520124773e-03	-1.268745108973234e-16	3.628883860073904e-16	2.957834693272139e+05	1.740984637027414e+04	8.534704998557480e-03	3.871205404042114e+04	8.687888371970865e+03	8.959800367844231e+03	1.666351548566036e-17	-inf	
26	3.999999999999999e-01	8.000000000000000e-01	2.056538478432707e-03	6.478166520124773e-03	-9.094947017729284e-19	0.000000000000000e+00	2.957834693272139e+05	1.740984637027414e+04	8.534704998557480e-03	3.871205404042114e+04	8.687888371970865e+03	8.959800367844231e+03	3.942316115349209e-20	-inf	
27	6.000000000000000e-01	8.000000000000000e-01	2.056538478432707e-03	6.478166520124773e-03	0.000000000000000e+00	-3.963123162975427e-16	2.957834693272139e+05	1.740984637027414e+04	8.534704998557480e-03	3.871205404042114e+04	8.687888371970865e+03	8.959800367844231e+03	1.717864247263371e-17	-inf	
28	8.000000000000000e-01	8.000000000000000e-01	2.056538478432707e-03	6.478166520124773e-03	0.000000000000000e+00	1.195985532831393e-16	2.957834693272139e+05	1.740984637027414e+04	8.534704998557480e-03	3.871205404042114e+04	8.687888371970865e+03	8.959800367844231e+03	5.184145691684175e-18	-inf	
29	1.000000000000000e+00	8.000000000000000e-01	2.056538478432707e-03	6.478166520124773e-03	-2.983142621815248e-16	-1.102762325899684e-16	2.957834693272139e+05	1.740984637027414e+04	8.534704998557480e-03	3.871205404042114e+04	8.687888371970865e+03	8.959800367844231e+03	1.378602425089513e-17	-inf	
30	0.000000000000000e+00	1.000000000000000e+00	2.056538478432707e-03	6.478166520124773e-03	1.818989403545857e-18	-2.414708433207118e-16	2.957834693272139e+05	1.740984637027414e+04	8.534704998557480e-03	3.871205404042114e+04	8.687888371970865e+03	8.959800367844231e+03	1.046714625500465e-17	-inf	
31	2.000000000000000e-01	1.000000000000000e+00	2.056538478432707e-03	6.478166520124773e-03	0.000000000000000e+00	0.000000000000000e+00	2.957834693272139e+05	1.740984637027414e+04	8.534704998557480e-03	3.871205404042114e+04	8.687888371970865e+03	8.959800367844231e+03	0.000000000000000e+00	-inf	
32	3.999999999999999e-01	1.000000000000000e+00	2.056538478432707e-03	6.478166520124773e-03	0.000000000000000e+00	0.000000000000000e+00	2.957834693272139e+05	1.740984637027414e+04	8.534704998557480e-03	3.871205404042114e+04	8.687888371970865e+03	8.959800367844231e+03	0.000000000000000e+00	-inf	
33	6.000000000000000e-01	1.000000000000000e+00	2.056538478432707e-03	6.478166520124773e-03	1.282387529499822e-16	-2.250999386888023e-16	2.957834693272139e+05	1.740984637027414e+04	8.534704998557480e-03	3.871205404042114e+04	8.687888371970865e+03	8.959800367844231e+03	1.122953019678571e-17	-inf	
34	8.000000000000000e-01	1.000000000000000e+00	2.056538478432708e-03	6.478166520124773e-03	0.000000000000000e+00	5.388756108004604e-16	2.957834693272139e+05	1.740984637027414e+04	8.534704998557480e-03	3.871205404042114e+04	8.687888371970865e+03	8.959800367844229e+03	2.335822298344407e-17	-inf	
35	1.000000000000000e+00	1.000000000000000e+00	2.056538478432707e-03	6.478166520124773e-03	-2.546585164964186e-16	-3.192326403223026e-16	2.957834693272139e+05	1.740984637027414e+04	8.534704998557480e-03	3.871205404042114e+04	8.687888371970865e+03	8.959800367844231e+03	1.770099935791807e-17	-inf	
EXT_ITER= 4242
AOA= 0.000000000000000e+00
SIDESLIP_ANGLE= 0.000000000000000e+00
INITIAL_BCTHRUST= 4.000000000000000e+03
DCD_DCL_VALUE= 0.000000000000000e+00
DCMX_DCL_VALUE= 0.000000000000000e+00
DCMY_DCL_VALUE= 0.000000000000000e+00
DCMZ_DCL_VALUE= 0.000000000000000e+00
