"PointID"	"x"	"y"	"Density[0]"	"Density[1]"	"Momentum_x"	"Momentum_y"	"Energy"	"Electronic_Energy"	"Total_Density"	"Pressure"	"Temperature"	"Tve"	"Mach"	"C<sub>p</sub>"
0	0.000000000000000e+00	0.000000000000000e+00	1.883038191001801e-03	6.651666807555709e-03	0.000000000000000e+00	0.000000000000000e+00	2.957834693272139e+05	1.454234019902264e+04	8.534704998557510e-03	3.719807674619734e+04	8.252741507777917e+03	8.379483615420510e+03	0.000000000000000e+00	-inf	
1	2.000000000000000e-01	0.000000000000000e+00	1.883038191001801e-03	6.651666807555709e-03	0.000000000000000e+00	1.415173755958717e-15	2.957834693272139e+05	1.454234019902264e+04	8.534704998557510e-03	3.719807674619734e+04	8.252741507777917e+03	8.379483615420510e+03	6.248362795185018e-17	-inf	
2	4.000000000000000e-01	0.000000000000000e+00	1.883038191001801e-03	6.651666807555709e-03	0.000000000000000e+00	-1.119587977882476e-15	2.957834693272139e+05	1.454234019902264e+04	8.534704998557510e-03	3.719807674619734e+04	8.252741507777917e+03	8.379483615420510e+03	4.943274165085184e-17	-inf	
3	6.000000000000001e-01	0.000000000000000e+00	1.883038191001801e-03	6.651666807555709e-03	0.000000000000000e+00	-1.133685145759958e-15	2.957834693272139e+05	1.454234019902264e+04	8.534704998557510e-03	3.719807674619734e+04	8.252741507777917e+03	8.379483615420510e+03	5.005516853597637e-17	-inf	
4	8.000000000000000e-01	0.000000000000000e+00	1.883038191001801e-03	6.651666807555709e-03	3.490185918053605e-16	0.000000000000000e+00	2.957834693272139e+05	1.454234019902264e+04	8.534704998557510e-03	3.719807674619734e+04	8.252741507777917e+03	8.379483615420510e+03	1.541008497848443e-17	-inf	
5	1.000000000000000e+00	0.000000000000000e+00	1.883038191001801e-03	6.651666807555709e-03	6.743903213646280e-16	-1.164153218269347e-16	2.957834693272139e+05	1.454234019902264e+04	8.534704998557512e-03	3.719807674619735e+04	8.252741507777919e+03	8.379483615420510e+03	3.021648722358698e-17	-inf	
6	0.000000000000000e+00	2.000000000000000e-01	1.883038191001801e-03	6.651666807555709e-03	0.000000000000000e+00	0.000000000000000e+00	2.957834693272139e+05	1.454234019902264e+04	8.534704998557510e-03	3.719807674619734e+04	8.252741507777917e+03	8.379483615420510e+03	0.000000000000000e+00	-inf	
7	2.000000000000000e-01	2.000000000000000e-01	1.883038191001801e-03	6.651666807555709e-03	-7.148628355935428e-16	-1.818989403545857e-18	2.957834693272139e+05	1.454234019902264e+04	8.534704998557510e-03	3.719807674619734e+04	8.252741507777917e+03	8.379483615420510e+03	3.156316874120608e-17	-inf	
8	4.000000000000000e-01	2.000000000000000e-01	1.883038191001801e-03	6.651666807555709e-03	-7.066773832775853e-16	3.508375812089063e-16	2.957834693272139e+05	1.454234019902264e+04	8.534704998557510e-03	3.719807674619734e+04	8.252741507777917e+03	8.379483615420510e+03	3.483526745619211e-17	-inf	
9	5.999999999999999e-01	2.000000000000000e-01	1.883038191001801e-03	6.651666807555709e-03	0.000000000000000e+00	9.349605534225677e-16	2.957834693272139e+05	1.454234019902264e+04	8.534704998557510e-03	3.719807674619734e+04	8.252741507777917e+03	8.379483615420510e+03	4.128095728438302e-17	-inf	
10	7.999999999999999e-01	2.000000000000000e-01	1.883038191001801e-03	6.651666807555709e-03	3.351487976033240e-16	-5.638867150992166e-16	2.957834693272139e+05	1.454234019902264e+04	8.534704998557510e-03	3.719807674619734e+04	8.252741507777917e+03	8.379483615420510e+03	2.896266920070173e-17	-inf	
11	1.000000000000000e+00	2.000000000000000e-01	1.883038191001801e-03	6.651666807555709e-03	6.643858796451251e-16	-3.317381924716761e-16	2.957834693272139e+05	1.454234019902264e+04	8.534704998557512e-03	3.719807674619735e+04	8.252741507777919e+03	8.379483615420510e+03	3.278785587767902e-17	-inf	
12	0.000000000000000e+00	3.999999999999999e-01	1.883038191001801e-03	6.651666807555709e-03	-1.256921677850242e-15	0.000000000000000e+00	2.957834693272139e+05	1.454234019902264e+04	8.534704998557510e-03	3.719807674619734e+04	8.252741507777917e+03	8.379483615420510e+03	5.549638420916342e-17	-inf	
13	2.000000000000000e-01	3.999999999999999e-01	1.883038191001801e-03	6.651666807555709e-03	7.055093995180174e-16	0.000000000000000e+00	2.957834693272139e+05	1.454234019902264e+04	8.534704998557510e-03	3.719807674619734e+04	8.252741507777917e+03	8.379483615420510e+03	3.115008786052065e-17	-inf	
14	3.999999999999999e-01	4.000000000000001e-01	1.883038191001801e-03	6.651666807555709e-03	2.732720425004298e-16	0.000000000000000e+00	2.957834693272139e+05	1.454234019902264e+04	8.534704998557512e-03	3.719807674619735e+04	8.252741507777919e+03	8.379483615420510e+03	1.206567643114006e-17	-inf	
15	6.000000000000001e-01	4.000000000000000e-01	1.883038191001801e-03	6.651666807555709e-03	-8.815277396934060e-16	-9.094947017729280e-19	2.957834693272139e+05	1.454234019902264e+04	8.534704998557512e-03	3.719807674619735e+04	8.252741507777919e+03	8.379483615420510e+03	3.892177932217108e-17	-inf	
16	8.000000000000000e-01	4.000000000000000e-01	1.883038191001801e-03	6.651666807555709e-03	-3.656168701127175e-16	0.000000000000000e+00	2.957834693272139e+05	1.454234019902264e+04	8.534704998557510e-03	3.719807674619734e+04	8.252741507777917e+03	8.379483615420510e+03	1.614294244000198e-17	-inf	
17	1.000000000000000e+00	4.000000000000000e-01	1.883038191001801e-03	6.651666807555709e-03	0.000000000000000e+00	0.000000000000000e+00	2.957834693272139e+05	1.454234019902264e+04	8.534704998557510e-03	3.719807674619734e+04	8.252741507777917e+03	8.379483615420510e+03	0.000000000000000e+00	-inf	
18	0.000000000000000e+00	6.000000000000000e-01	1.883038191001801e-03	6.651666807555709e-03	1.119587977882476e-15	3.490185918053604e-16	2.957834693272139e+05	1.454234019902264e+04	8.534704998557510e-03	3.719807674619734e+04	8.252741507777917e+03	8.379483615420510e+03	5.177901762455496e-17	-inf	
19	2.000000000000000e-01	6.000000000000000e-01	1.883038191001801e-03	6.651666807555709e-03	3.131533644649751e-17	1.818989403545857e-18	2.957834693272139e+05	1.454234019902264e+04	8.534704998557510e-03	3.719807674619734e+04	8.252741507777917e+03	8.379483615420510e+03	1.384984704514294e-18	-inf	
20	4.000000000000001e-01	6.000000000000002e-01	1.883038191001801e-03	6.651666807555709e-03	0.000000000000000e+00	-3.508375812089065e-16	2.957834693272139e+05	1.454234019902264e+04	8.534704998557510e-03	3.719807674619734e+04	8.252741507777917e+03	8.379483615420510e+03	1.549039812495211e-17	-inf	
21	6.000000000000000e-01	6.000000000000001e-01	1.883038191001801e-03	6.651666807555709e-03	-3.131533644649706e-17	-3.699369699461394e-16	2.957834693272139e+05	1.454234019902264e+04	8.534704998557510e-03	3.719807674619734e+04	8.252741507777917e+03	8.379483615420510e+03	1.639210285769145e-17	-inf	
22	8.000000000000000e-01	6.000000000000001e-01	1.883038191001801e-03	6.651666807555709e-03	6.223217496881259e-16	-9.094947017729286e-19	2.957834693272139e+05	1.454234019902264e+04	8.534704998557510e-03	3.719807674619734e+04	8.252741507777917e+03	8.379483615420510e+03	2.747716457873166e-17	-inf	
23	1.000000000000000e+00	6.000000000000001e-01	1.883038191001801e-03	6.651666807555709e-03	1.252374204341314e-15	-9.094947017729280e-19	2.957834693272139e+05	1.454234019902264e+04	8.534704998557512e-03	3.719807674619735e+04	8.252741507777919e+03	8.379483615420510e+03	5.529561592417079e-17	-inf	
24	0.000000000000000e+00	8.000000000000000e-01	1.883038191001801e-03	6.651666807555709e-03	-6.234586180653433e-16	0.000000000000000e+00	2.957834693272139e+05	1.454234019902264e+04	8.534704998557512e-03	3.719807674619735e+04	8.252741507777919e+03	8.379483615420510e+03	2.752733095179443e-17	-inf	
25	2.000000000000000e-01	8.000000000000000e-01	1.883038191001801e-03	6.651666807555709e-03	-3.699369699461394e-16	7.139533408917697e-16	2.957834693272139e+05	1.454234019902264e+04	8.534704998557510e-03	3.719807674619734e+04	8.252741507777917e+03	8.379483615420510e+03	3.550328376099701e-17	-inf	
26	3.999999999999999e-01	8.000000000000000e-01	1.883038191001801e-03	6.651666807555709e-03	-9.094947017729284e-19	0.000000000000000e+00	2.957834693272139e+05	1.454234019902264e+04	8.534704998557510e-03	3.719807674619734e+04	8.252741507777917e+03	8.379483615420510e+03	4.015657323383574e-20	-inf	
27	6.000000000000000e-01	8.000000000000000e-01	1.883038191001801e-03	6.651666807555709e-03	0.000000000000000e+00	-6.921254680492165e-16	2.957834693272139e+05	1.454234019902264e+04	8.534704998557510e-03	3.719807674619734e+04	8.252741507777917e+03	8.379483615420510e+03	3.055915223094980e-17	-inf	
28	8.000000000000000e-01	8.000000000000000e-01	1.883038191001801e-03	6.651666807555709e-03	0.000000000000000e+00	3.453806129982684e-16	2.957834693272139e+05	1.454234019902264e+04	8.534704998557510e-03	3.719807674619734e+04	8.252741507777917e+03	8.379483615420510e+03	1.524945868554907e-17	-inf	
29	1.000000000000000e+00	8.000000000000000e-01	1.883038191001801e-03	6.651666807555709e-03	-1.131866156356412e-15	-3.421973815420658e-16	2.957834693272139e+05	1.454234019902264e+04	8.534704998557510e-03	3.719807674619734e+04	8.252741507777917e+03	8.379483615420510e+03	5.220886278320262e-17	-inf	
30	0.000000000000000e+00	1.000000000000000e+00	1.883038191001801e-03	6.651666807555709e-03	1.818989403545857e-18	-6.998561730142671e-16	2.957834693272139e+05	1.454234019902264e+04	8.534704998557510e-03	3.719807674619734e+04	8.252741507777917e+03	8.379483615420510e+03	3.090058747382100e-17	-inf	
31	2.000000000000000e-01	1.000000000000000e+00	1.883038191001801e-03	6.651666807555709e-03	0.000000000000000e+00	0.000000000000000e+00	2.957834693272139e+05	1.454234019902264e+04	8.534704998557510e-03	3.719807674619734e+04	8.252741507777917e+03	8.379483615420510e+03	0.000000000000000e+00	-inf	
32	3.999999999999999e-01	1.000000000000000e+00	1.883038191001801e-03	6.651666807555709e-03	0.000000000000000e+00	0.000000000000000e+00	2.957834693272139e+05	1.454234019902264e+04	8.534704998557510e-03	3.719807674619734e+04	8.252741507777917e+03	8.379483615420510e+03	0.000000000000000e+00	-inf	
33	6.000000000000000e-01	1.000000000000000e+00	1.883038191001801e-03	6.651666807555709e-03	3.678906068671495e-16	-8.653842087369136e-16	2.957834693272139e+05	1.454234019902264e+04	8.534704998557510e-03	3.719807674619734e+04	8.252741507777917e+03	8.379483615420510e+03	4.151833335464060e-17	-inf	
34	8.000000000000000e-01	1.000000000000000e+00	1.883038191001801e-03	6.651666807555709e-03	0.000000000000000e+00	4.242792783770635e-16	2.957834693272139e+05	1.454234019902264e+04	8.534704998557512e-03	3.719807674619735e+04	8.252741507777919e+03	8.379483615420510e+03	1.873304141358403e-17	-inf	
35	1.000000000000000e+00	1.000000000000000e+00	1.883038191001801e-03	6.651666807555709e-03	-7.339622243307529e-16	8.594724931754156e-17	2.957834693272139e+05	1.454234019902264e+04	8.534704998557510e-03	3.719807674619734e+04	8.252741507777917e+03	8.379483615420510e+03	3.262778411750069e-17	-inf	
EXT_ITER= 8876
AOA= 0.000000000000000e+00
SIDESLIP_ANGLE= 0.000000000000000e+00
INITIAL_BCTHRUST= 4.000000000000000e+03
DCD_DCL_VALUE= 0.000000000000000e+00
DCMX_DCL_VALUE= 0.000000000000000e+00
DCMY_DCL_VALUE= 0.000000000000000e+00
DCMZ_DCL_VALUE= 0.000000000000000e+00
