"PointID"	"x"	"y"	"Density[0]"	"Density[1]"	"Momentum_x"	"Momentum_y"	"Energy"	"Electronic_Energy"	"Total_Density"	"Pressure"	"Temperature"	"Tve"	"Mach"	"C<sub>p</sub>"
0	0.000000000000000e+00	0.000000000000000e+00	2.237182794891017e-03	6.297522203666458e-03	0.000000000000000e+00	0.000000000000000e+00	2.957834693272139e+05	2.132534184298904e+04	8.534704998557475e-03	3.969187109470376e+04	9.016271639049079e+03	9.727607398545129e+03	0.000000000000000e+00	-inf	
1	2.000000000000000e-01	0.000000000000000e+00	2.237182794891017e-03	6.297522203666458e-03	0.000000000000000e+00	5.156834959052521e-16	2.957834693272139e+05	2.132534184298904e+04	8.534704998557475e-03	3.969187109470376e+04	9.016271639049079e+03	9.727607398545129e+03	2.211050535234200e-17	-inf	
2	4.000000000000000e-01	0.000000000000000e+00	2.237182794891017e-03	6.297522203666458e-03	0.000000000000000e+00	-3.888089850079333e-16	2.957834693272139e+05	2.132534184298904e+04	8.534704998557475e-03	3.969187109470376e+04	9.016271639049079e+03	9.727607398545129e+03	1.667061911486125e-17	-inf	
3	6.000000000000001e-01	0.000000000000000e+00	2.237182794891017e-03	6.297522203666458e-03	0.000000000000000e+00	-9.003997547551973e-17	2.957834693272139e+05	2.132534184298904e+04	8.534704998557475e-03	3.969187109470376e+04	9.016271639049079e+03	9.727607398545129e+03	3.860564426599376e-18	-inf	
4	8.000000000000000e-01	0.000000000000000e+00	2.237182794891017e-03	6.297522203666458e-03	4.638422979041930e-16	0.000000000000000e+00	2.957834693272139e+05	2.132534184298904e+04	8.534704998557475e-03	3.969187109470376e+04	9.016271639049079e+03	9.727607398545129e+03	1.988775613702711e-17	-inf	
5	1.000000000000000e+00	0.000000000000000e+00	2.237182794891018e-03	6.297522203666458e-03	8.722054190002358e-16	1.546140993013986e-16	2.957834693272139e+05	2.132534184298903e+04	8.534704998557475e-03	3.969187109470381e+04	9.016271639049086e+03	9.727607398545129e+03	3.797981287792995e-17	-inf	
6	0.000000000000000e+00	2.000000000000000e-01	2.237182794891017e-03	6.297522203666458e-03	0.000000000000000e+00	0.000000000000000e+00	2.957834693272139e+05	2.132534184298904e+04	8.534704998557475e-03	3.969187109470376e+04	9.016271639049079e+03	9.727607398545129e+03	0.000000000000000e+00	-inf	
7	2.000000000000000e-01	2.000000000000000e-01	2.237182794891017e-03	6.297522203666458e-03	-2.080469130305609e-16	-1.818989403545857e-18	2.957834693272139e+05	2.132534184298904e+04	8.534704998557475e-03	3.969187109470376e+04	9.016271639049079e+03	9.727607398545129e+03	8.920584500084341e-18	-inf	
8	4.000000000000000e-01	2.000000000000000e-01	2.237182794891017e-03	6.297522203666458e-03	-2.569322532508532e-16	4.656612873077387e-16	2.957834693272139e+05	2.132534184298904e+04	8.534704998557475e-03	3.969187109470376e+04	9.016271639049079e+03	9.727607398545129e+03	2.280326701834258e-17	-inf	
9	5.999999999999999e-01	2.000000000000000e-01	2.237182794891017e-03	6.297522203666458e-03	0.000000000000000e+00	5.077254172647364e-16	2.957834693272139e+05	2.132534184298904e+04	8.534704998557475e-03	3.969187109470376e+04	9.016271639049079e+03	9.727607398545129e+03	2.176929384999093e-17	-inf	
10	7.999999999999999e-01	2.000000000000000e-01	2.237182794891017e-03	6.297522203666458e-03	4.511093720793723e-16	-1.155058271251632e-16	2.957834693272139e+05	2.132534184298904e+04	8.534704998557475e-03	3.969187109470376e+04	9.016271639049079e+03	9.727607398545129e+03	1.996578541916907e-17	-inf	
11	1.000000000000000e+00	2.000000000000000e-01	2.237182794891018e-03	6.297522203666458e-03	8.790266292635338e-16	-4.372395778773345e-16	2.957834693272139e+05	2.132534184298903e+04	8.534704998557475e-03	3.969187109470381e+04	9.016271639049086e+03	9.727607398545129e+03	4.209435179992306e-17	-inf	
12	0.000000000000000e+00	3.999999999999999e-01	2.237182794891017e-03	6.297522203666458e-03	-5.770743882749196e-16	0.000000000000000e+00	2.957834693272139e+05	2.132534184298904e+04	8.534704998557475e-03	3.969187109470376e+04	9.016271639049079e+03	9.727607398545129e+03	2.474270837047772e-17	-inf	
13	2.000000000000000e-01	3.999999999999999e-01	2.237182794891017e-03	6.297522203666458e-03	5.832718464787411e-16	0.000000000000000e+00	2.957834693272139e+05	2.132534184298904e+04	8.534704998557475e-03	3.969187109470376e+04	9.016271639049079e+03	9.727607398545129e+03	2.500843130688072e-17	-inf	
14	3.999999999999999e-01	4.000000000000001e-01	2.237182794891018e-03	6.297522203666458e-03	4.031918955277004e-16	0.000000000000000e+00	2.957834693272139e+05	2.132534184298903e+04	8.534704998557475e-03	3.969187109470381e+04	9.016271639049086e+03	9.727607398545129e+03	1.728730245368191e-17	-inf	
15	6.000000000000001e-01	4.000000000000000e-01	2.237182794891018e-03	6.297522203666458e-03	-4.672529030358421e-16	-9.094947017729280e-19	2.957834693272139e+05	2.132534184298903e+04	8.534704998557475e-03	3.969187109470381e+04	9.016271639049086e+03	9.727607398545129e+03	2.003402758992112e-17	-inf	
16	8.000000000000000e-01	4.000000000000000e-01	2.237182794891017e-03	6.297522203666458e-03	-4.645244189305228e-16	0.000000000000000e+00	2.957834693272139e+05	2.132534184298904e+04	8.534704998557475e-03	3.969187109470376e+04	9.016271639049079e+03	9.727607398545129e+03	1.991700283722863e-17	-inf	
17	1.000000000000000e+00	4.000000000000000e-01	2.237182794891017e-03	6.297522203666458e-03	0.000000000000000e+00	0.000000000000000e+00	2.957834693272139e+05	2.132534184298904e+04	8.534704998557475e-03	3.969187109470376e+04	9.016271639049079e+03	9.727607398545129e+03	0.000000000000000e+00	-inf	
18	0.000000000000000e+00	6.000000000000000e-01	2.237182794891017e-03	6.297522203666458e-03	3.888089850079333e-16	4.638422979041929e-16	2.957834693272139e+05	2.132534184298904e+04	8.534704998557475e-03	3.969187109470376e+04	9.016271639049079e+03	9.727607398545129e+03	2.595057582865237e-17	-inf	
19	2.000000000000000e-01	6.000000000000000e-01	2.237182794891017e-03	6.297522203666458e-03	-1.852790345264263e-17	1.818989403545857e-18	2.957834693272139e+05	2.132534184298904e+04	8.534704998557475e-03	3.969187109470376e+04	9.016271639049079e+03	9.727607398545129e+03	7.982237748288206e-19	-inf	
20	4.000000000000001e-01	6.000000000000002e-01	2.237182794891017e-03	6.297522203666458e-03	0.000000000000000e+00	-4.656612873077391e-16	2.957834693272139e+05	2.132534184298904e+04	8.534704998557475e-03	3.969187109470376e+04	9.016271639049079e+03	9.727607398545129e+03	1.996574733756448e-17	-inf	
21	6.000000000000000e-01	6.000000000000001e-01	2.237182794891017e-03	6.297522203666458e-03	1.852790345264256e-17	-4.645244189305224e-16	2.957834693272139e+05	2.132534184298904e+04	8.534704998557475e-03	3.969187109470376e+04	9.016271639049079e+03	9.727607398545129e+03	1.993283925048093e-17	-inf	
22	8.000000000000000e-01	6.000000000000001e-01	2.237182794891017e-03	6.297522203666458e-03	4.654339136322956e-16	-9.094947017729286e-19	2.957834693272139e+05	2.132534184298904e+04	8.534704998557475e-03	3.969187109470376e+04	9.016271639049079e+03	9.727607398545129e+03	1.995603653770545e-17	-inf	
23	1.000000000000000e+00	6.000000000000001e-01	2.237182794891018e-03	6.297522203666458e-03	9.354153007734570e-16	-9.094947017729280e-19	2.957834693272139e+05	2.132534184298903e+04	8.534704998557475e-03	3.969187109470381e+04	9.016271639049086e+03	9.727607398545129e+03	4.010699383384461e-17	-inf	
24	0.000000000000000e+00	8.000000000000000e-01	2.237182794891018e-03	6.297522203666458e-03	-8.471943147014837e-16	0.000000000000000e+00	2.957834693272139e+05	2.132534184298903e+04	8.534704998557475e-03	3.969187109470381e+04	9.016271639049086e+03	9.727607398545129e+03	3.632440165027604e-17	-inf	
25	2.000000000000000e-01	8.000000000000000e-01	2.237182794891017e-03	6.297522203666458e-03	-4.645244189305224e-16	2.071374183287880e-16	2.957834693272139e+05	2.132534184298904e+04	8.534704998557475e-03	3.969187109470376e+04	9.016271639049079e+03	9.727607398545129e+03	2.180742000710658e-17	-inf	
26	3.999999999999999e-01	8.000000000000000e-01	2.237182794891017e-03	6.297522203666458e-03	-9.094947017729284e-19	0.000000000000000e+00	2.957834693272139e+05	2.132534184298904e+04	8.534704998557475e-03	3.969187109470376e+04	9.016271639049079e+03	9.727607398545129e+03	3.899560026868065e-20	-inf	
27	6.000000000000000e-01	8.000000000000000e-01	2.237182794891017e-03	6.297522203666458e-03	0.000000000000000e+00	-1.939497451530802e-16	2.957834693272139e+05	2.132534184298904e+04	8.534704998557475e-03	3.969187109470376e+04	9.016271639049079e+03	9.727607398545129e+03	8.315811757296286e-18	-inf	
28	8.000000000000000e-01	8.000000000000000e-01	2.237182794891017e-03	6.297522203666458e-03	0.000000000000000e+00	4.617959348252041e-16	2.957834693272139e+05	2.132534184298904e+04	8.534704998557475e-03	3.969187109470376e+04	9.016271639049079e+03	9.727607398545129e+03	1.980001603642258e-17	-inf	
29	1.000000000000000e+00	8.000000000000000e-01	2.237182794891017e-03	6.297522203666458e-03	-8.822098607197387e-17	-4.499725037021569e-16	2.957834693272139e+05	2.132534184298904e+04	8.534704998557475e-03	3.969187109470376e+04	9.016271639049079e+03	9.727607398545129e+03	1.966037982801229e-17	-inf	
30	0.000000000000000e+00	1.000000000000000e+00	2.237182794891017e-03	6.297522203666458e-03	1.818989403545857e-18	-9.295035852119320e-16	2.957834693272139e+05	2.132534184298904e+04	8.534704998557475e-03	3.969187109470376e+04	9.016271639049079e+03	9.727607398545129e+03	3.985357978684781e-17	-inf	
31	2.000000000000000e-01	1.000000000000000e+00	2.237182794891017e-03	6.297522203666458e-03	0.000000000000000e+00	0.000000000000000e+00	2.957834693272139e+05	2.132534184298904e+04	8.534704998557475e-03	3.969187109470376e+04	9.016271639049079e+03	9.727607398545129e+03	0.000000000000000e+00	-inf	
32	3.999999999999999e-01	1.000000000000000e+00	2.237182794891017e-03	6.297522203666458e-03	0.000000000000000e+00	0.000000000000000e+00	2.957834693272139e+05	2.132534184298904e+04	8.534704998557475e-03	3.969187109470376e+04	9.016271639049079e+03	9.727607398545129e+03	0.000000000000000e+00	-inf	
33	6.000000000000000e-01	1.000000000000000e+00	2.237182794891017e-03	6.297522203666458e-03	4.667981556849547e-16	-8.731149137020095e-17	2.957834693272139e+05	2.132534184298904e+04	8.534704998557475e-03	3.969187109470376e+04	9.016271639049079e+03	9.727607398545129e+03	2.036158778115593e-17	-inf	
34	8.000000000000000e-01	1.000000000000000e+00	2.237182794891018e-03	6.297522203666458e-03	0.000000000000000e+00	9.672476153355076e-16	2.957834693272139e+05	2.132534184298903e+04	8.534704998557475e-03	3.969187109470381e+04	9.016271639049086e+03	9.727607398545129e+03	4.147182088574176e-17	-inf	
35	1.000000000000000e+00	1.000000000000000e+00	2.237182794891017e-03	6.297522203666458e-03	-9.317773219663634e-16	-1.509761204943068e-16	2.957834693272139e+05	2.132534184298904e+04	8.534704998557475e-03	3.969187109470376e+04	9.016271639049079e+03	9.727607398545129e+03	4.047202761970610e-17	-inf	
EXT_ITER= 2162
AOA= 0.000000000000000e+00
SIDESLIP_ANGLE= 0.000000000000000e+00
INITIAL_BCTHRUST= 4.000000000000000e+03
DCD_DCL_VALUE= 0.000000000000000e+00
DCMX_DCL_VALUE= 0.000000000000000e+00
DCMY_DCL_VALUE= 0.000000000000000e+00
DCMZ_DCL_VALUE= 0.000000000000000e+00
