"PointID"	"x"	"y"	"Density[0]"	"Density[1]"	"Momentum_x"	"Momentum_y"	"Energy"	"Electronic_Energy"	"Total_Density"	"Pressure"	"Temperature"	"Tve"	"Mach"	"C<sub>p</sub>"
0	0.000000000000000e+00	0.000000000000000e+00	1.892551160630633e-03	6.642153837926879e-03	0.000000000000000e+00	0.000000000000000e+00	2.957834693272139e+05	1.468944815820019e+04	8.534704998557512e-03	3.728811827617160e+04	8.277903466110482e+03	8.409706931036981e+03	0.000000000000000e+00	-inf	
1	2.000000000000000e-01	0.000000000000000e+00	1.892551160630633e-03	6.642153837926879e-03	0.000000000000000e+00	1.376065483782476e-15	2.957834693272139e+05	1.468944815820019e+04	8.534704998557512e-03	3.728811827617160e+04	8.277903466110482e+03	8.409706931036981e+03	6.068850940470036e-17	-inf	
2	4.000000000000000e-01	0.000000000000000e+00	1.892551160630633e-03	6.642153837926879e-03	0.000000000000000e+00	-1.094122126232830e-15	2.957834693272139e+05	1.468944815820019e+04	8.534704998557512e-03	3.728811827617160e+04	8.277903466110482e+03	8.409706931036981e+03	4.825398335350464e-17	-inf	
3	6.000000000000001e-01	0.000000000000000e+00	1.892551160630633e-03	6.642153837926879e-03	0.000000000000000e+00	-1.064108801074320e-15	2.957834693272139e+05	1.468944815820019e+04	8.534704998557512e-03	3.728811827617160e+04	8.277903466110482e+03	8.409706931036981e+03	4.693030799966767e-17	-inf	
4	8.000000000000000e-01	0.000000000000000e+00	1.892551160630633e-03	6.642153837926879e-03	3.399236447876318e-16	0.000000000000000e+00	2.957834693272139e+05	1.468944815820019e+04	8.534704998557512e-03	3.728811827617160e+04	8.277903466110482e+03	8.409706931036981e+03	1.499162616656059e-17	-inf	
5	1.000000000000000e+00	0.000000000000000e+00	1.892551160630634e-03	6.642153837926879e-03	6.466507329605534e-16	-1.164153218269347e-16	2.957834693272139e+05	1.468944815820019e+04	8.534704998557513e-03	3.728811827617160e+04	8.277903466110482e+03	8.409706931036981e+03	2.897765726577511e-17	-inf	
6	0.000000000000000e+00	2.000000000000000e-01	1.892551160630633e-03	6.642153837926879e-03	0.000000000000000e+00	0.000000000000000e+00	2.957834693272139e+05	1.468944815820019e+04	8.534704998557512e-03	3.728811827617160e+04	8.277903466110482e+03	8.409706931036981e+03	0.000000000000000e+00	-inf	
7	2.000000000000000e-01	2.000000000000000e-01	1.892551160630633e-03	6.642153837926879e-03	-6.857590051368053e-16	-1.818989403545857e-18	2.957834693272139e+05	1.468944815820019e+04	8.534704998557512e-03	3.728811827617160e+04	8.277903466110482e+03	8.409706931036981e+03	3.024408266248476e-17	-inf	
8	4.000000000000000e-01	2.000000000000000e-01	1.892551160630633e-03	6.642153837926879e-03	-6.871232471894647e-16	3.417426341911776e-16	2.957834693272139e+05	1.468944815820019e+04	8.534704998557512e-03	3.728811827617160e+04	8.277903466110482e+03	8.409706931036981e+03	3.384526159698602e-17	-inf	
9	5.999999999999999e-01	2.000000000000000e-01	1.892551160630633e-03	6.642153837926879e-03	0.000000000000000e+00	8.881215762812620e-16	2.957834693272139e+05	1.468944815820019e+04	8.534704998557512e-03	3.728811827617160e+04	8.277903466110482e+03	8.409706931036981e+03	3.916875706126123e-17	-inf	
10	7.999999999999999e-01	2.000000000000000e-01	1.892551160630633e-03	6.642153837926879e-03	3.244622348574922e-16	-5.315996531862734e-16	2.957834693272139e+05	1.468944815820019e+04	8.534704998557512e-03	3.728811827617160e+04	8.277903466110482e+03	8.409706931036981e+03	2.746709099573371e-17	-inf	
11	1.000000000000000e+00	2.000000000000000e-01	1.892551160630634e-03	6.642153837926879e-03	6.348273018375049e-16	-3.192326403222986e-16	2.957834693272139e+05	1.468944815820019e+04	8.534704998557513e-03	3.728811827617160e+04	8.277903466110482e+03	8.409706931036981e+03	3.133838299670528e-17	-inf	
12	0.000000000000000e+00	3.999999999999999e-01	1.892551160630633e-03	6.642153837926879e-03	-1.257831172552011e-15	0.000000000000000e+00	2.957834693272139e+05	1.468944815820019e+04	8.534704998557512e-03	3.728811827617160e+04	8.277903466110482e+03	8.409706931036981e+03	5.547403073807130e-17	-inf	
13	2.000000000000000e-01	3.999999999999999e-01	1.892551160630633e-03	6.642153837926879e-03	6.866091547350757e-16	0.000000000000000e+00	2.957834693272139e+05	1.468944815820019e+04	8.534704998557512e-03	3.728811827617160e+04	8.277903466110482e+03	8.409706931036981e+03	3.028147034831081e-17	-inf	
14	3.999999999999999e-01	4.000000000000001e-01	1.892551160630634e-03	6.642153837926879e-03	2.661952288405370e-16	0.000000000000000e+00	2.957834693272139e+05	1.468944815820019e+04	8.534704998557513e-03	3.728811827617160e+04	8.277903466110482e+03	8.409706931036981e+03	1.173998755100598e-17	-inf	
15	6.000000000000001e-01	4.000000000000000e-01	1.892551160630634e-03	6.642153837926879e-03	-8.344613888766584e-16	-9.094947017729280e-19	2.957834693272139e+05	1.468944815820019e+04	8.534704998557513e-03	3.728811827617160e+04	8.277903466110482e+03	8.409706931036981e+03	3.680220783315154e-17	-inf	
16	8.000000000000000e-01	4.000000000000000e-01	1.892551160630633e-03	6.642153837926879e-03	-3.526565706124533e-16	0.000000000000000e+00	2.957834693272139e+05	1.468944815820019e+04	8.534704998557512e-03	3.728811827617160e+04	8.277903466110482e+03	8.409706931036981e+03	1.555318540758228e-17	-inf	
17	1.000000000000000e+00	4.000000000000000e-01	1.892551160630633e-03	6.642153837926879e-03	0.000000000000000e+00	0.000000000000000e+00	2.957834693272139e+05	1.468944815820019e+04	8.534704998557512e-03	3.728811827617160e+04	8.277903466110482e+03	8.409706931036981e+03	0.000000000000000e+00	-inf	
18	0.000000000000000e+00	6.000000000000000e-01	1.892551160630633e-03	6.642153837926879e-03	1.094122126232830e-15	3.399236447876317e-16	2.957834693272139e+05	1.468944815820019e+04	8.534704998557512e-03	3.728811827617160e+04	8.277903466110482e+03	8.409706931036981e+03	5.052915756865739e-17	-inf	
19	2.000000000000000e-01	6.000000000000000e-01	1.892551160630633e-03	6.642153837926879e-03	2.511978776722459e-17	1.818989403545857e-18	2.957834693272139e+05	1.468944815820019e+04	8.534704998557512e-03	3.728811827617160e+04	8.277903466110482e+03	8.409706931036981e+03	1.110756825134486e-18	-inf	
20	4.000000000000001e-01	6.000000000000002e-01	1.892551160630633e-03	6.642153837926879e-03	0.000000000000000e+00	-3.417426341911777e-16	2.957834693272139e+05	1.468944815820019e+04	8.534704998557512e-03	3.728811827617160e+04	8.277903466110482e+03	8.409706931036981e+03	1.507184891527797e-17	-inf	
21	6.000000000000000e-01	6.000000000000001e-01	1.892551160630633e-03	6.642153837926879e-03	-2.511978776722417e-17	-3.578861651476480e-16	2.957834693272139e+05	1.468944815820019e+04	8.534704998557512e-03	3.728811827617160e+04	8.277903466110482e+03	8.409706931036981e+03	1.582265787534329e-17	-inf	
22	8.000000000000000e-01	6.000000000000001e-01	1.892551160630633e-03	6.642153837926879e-03	5.607034836430100e-16	-9.094947017729286e-19	2.957834693272139e+05	1.468944815820019e+04	8.534704998557512e-03	3.728811827617160e+04	8.277903466110482e+03	8.409706931036981e+03	2.472869482363959e-17	-inf	
23	1.000000000000000e+00	6.000000000000001e-01	1.892551160630634e-03	6.642153837926879e-03	1.255557435797522e-15	-9.094947017729280e-19	2.957834693272139e+05	1.468944815820019e+04	8.534704998557513e-03	3.728811827617160e+04	8.277903466110482e+03	8.409706931036981e+03	5.537376683001311e-17	-inf	
24	0.000000000000000e+00	8.000000000000000e-01	1.892551160630634e-03	6.642153837926879e-03	-5.970832717139291e-16	0.000000000000000e+00	2.957834693272139e+05	1.468944815820019e+04	8.534704998557513e-03	3.728811827617160e+04	8.277903466110482e+03	8.409706931036981e+03	2.633311726648042e-17	-inf	
25	2.000000000000000e-01	8.000000000000000e-01	1.892551160630633e-03	6.642153837926879e-03	-3.578861651476480e-16	6.848495104350321e-16	2.957834693272139e+05	1.468944815820019e+04	8.534704998557512e-03	3.728811827617160e+04	8.277903466110482e+03	8.409706931036981e+03	3.407935755886407e-17	-inf	
26	3.999999999999999e-01	8.000000000000000e-01	1.892551160630633e-03	6.642153837926879e-03	-9.094947017729284e-19	0.000000000000000e+00	2.957834693272139e+05	1.468944815820019e+04	8.534704998557512e-03	3.728811827617160e+04	8.277903466110482e+03	8.409706931036981e+03	4.011137435869056e-20	-inf	
27	6.000000000000000e-01	8.000000000000000e-01	1.892551160630633e-03	6.642153837926879e-03	0.000000000000000e+00	-6.737082003383123e-16	2.957834693272139e+05	1.468944815820019e+04	8.534704998557512e-03	3.728811827617160e+04	8.277903466110482e+03	8.409706931036981e+03	2.971250055620072e-17	-inf	
28	8.000000000000000e-01	8.000000000000000e-01	1.892551160630633e-03	6.642153837926879e-03	0.000000000000000e+00	3.346940502524365e-16	2.957834693272139e+05	1.468944815820019e+04	8.534704998557512e-03	3.728811827617160e+04	8.277903466110482e+03	8.409706931036981e+03	1.476098576399808e-17	-inf	
29	1.000000000000000e+00	8.000000000000000e-01	1.892551160630633e-03	6.642153837926879e-03	-1.062289811670774e-15	-3.292370820418017e-16	2.957834693272139e+05	1.468944815820019e+04	8.534704998557512e-03	3.728811827617160e+04	8.277903466110482e+03	8.409706931036981e+03	4.904865042832857e-17	-inf	
30	0.000000000000000e+00	1.000000000000000e+00	1.892551160630633e-03	6.642153837926879e-03	1.818989403545857e-18	-6.816662789788097e-16	2.957834693272139e+05	1.468944815820019e+04	8.534704998557512e-03	3.728811827617160e+04	8.277903466110482e+03	8.409706931036981e+03	3.006358211666967e-17	-inf	
31	2.000000000000000e-01	1.000000000000000e+00	1.892551160630633e-03	6.642153837926879e-03	0.000000000000000e+00	0.000000000000000e+00	2.957834693272139e+05	1.468944815820019e+04	8.534704998557512e-03	3.728811827617160e+04	8.277903466110482e+03	8.409706931036981e+03	0.000000000000000e+00	-inf	
32	3.999999999999999e-01	1.000000000000000e+00	1.892551160630633e-03	6.642153837926879e-03	0.000000000000000e+00	0.000000000000000e+00	2.957834693272139e+05	1.468944815820019e+04	8.534704998557512e-03	3.728811827617160e+04	8.277903466110482e+03	8.409706931036981e+03	0.000000000000000e+00	-inf	
33	6.000000000000000e-01	1.000000000000000e+00	1.892551160630633e-03	6.642153837926879e-03	3.549303073668854e-16	-8.071765478234511e-16	2.957834693272139e+05	1.468944815820019e+04	8.534704998557512e-03	3.728811827617160e+04	8.277903466110482e+03	8.409706931036981e+03	3.888841315043990e-17	-inf	
34	8.000000000000000e-01	1.000000000000000e+00	1.892551160630634e-03	6.642153837926879e-03	0.000000000000000e+00	4.306457412894747e-16	2.957834693272139e+05	1.468944815820019e+04	8.534704998557513e-03	3.728811827617160e+04	8.277903466110482e+03	8.409706931036981e+03	1.899273575883967e-17	-inf	
35	1.000000000000000e+00	1.000000000000000e+00	1.892551160630633e-03	6.642153837926879e-03	-7.080416253302246e-16	8.594724931754156e-17	2.957834693272139e+05	1.468944815820019e+04	8.534704998557512e-03	3.728811827617160e+04	8.277903466110482e+03	8.409706931036981e+03	3.145592440451098e-17	-inf	
EXT_ITER= 8503
AOA= 0.000000000000000e+00
SIDESLIP_ANGLE= 0.000000000000000e+00
INITIAL_BCTHRUST= 4.000000000000000e+03
DCD_DCL_VALUE= 0.000000000000000e+00
DCMX_DCL_VALUE= 0.000000000000000e+00
DCMY_DCL_VALUE= 0.000000000000000e+00
DCMZ_DCL_VALUE= 0.000000000000000e+00
