"PointID"	"x"	"y"	"Density[0]"	"Density[1]"	"Momentum_x"	"Momentum_y"	"Energy"	"Electronic_Energy"	"Total_Density"	"Pressure"	"Temperature"	"Tve"	"Mach"	"C<sub>p</sub>"
0	0.000000000000000e+00	0.000000000000000e+00	1.893074892207417e-03	6.641630106350094e-03	0.000000000000000e+00	0.000000000000000e+00	2.957834693272139e+05	1.469756948767488e+04	8.534704998557512e-03	3.729305883588739e+04	8.279285968832359e+03	8.411378436437890e+03	0.000000000000000e+00	-inf	
1	2.000000000000000e-01	0.000000000000000e+00	1.893074892207417e-03	6.641630106350094e-03	0.000000000000000e+00	1.374246494378929e-15	2.957834693272139e+05	1.469756948767488e+04	8.534704998557512e-03	3.729305883588739e+04	8.279285968832359e+03	8.411378436437890e+03	6.060454764821667e-17	-inf	
2	4.000000000000000e-01	0.000000000000000e+00	1.893074892207417e-03	6.641630106350094e-03	0.000000000000000e+00	-1.091393642127511e-15	2.957834693272139e+05	1.469756948767488e+04	8.534704998557512e-03	3.729305883588739e+04	8.279285968832359e+03	8.411378436437890e+03	4.813067980003838e-17	-inf	
3	6.000000000000001e-01	0.000000000000000e+00	1.893074892207417e-03	6.641630106350094e-03	0.000000000000000e+00	-1.060016074916341e-15	2.957834693272139e+05	1.469756948767488e+04	8.534704998557512e-03	3.729305883588739e+04	8.279285968832359e+03	8.411378436437890e+03	4.674692275578708e-17	-inf	
4	8.000000000000000e-01	0.000000000000000e+00	1.893074892207417e-03	6.641630106350094e-03	3.394688974367452e-16	0.000000000000000e+00	2.957834693272139e+05	1.469756948767488e+04	8.534704998557512e-03	3.729305883588739e+04	8.279285968832359e+03	8.411378436437890e+03	1.497064686280363e-17	-inf	
5	1.000000000000000e+00	0.000000000000000e+00	1.893074892207418e-03	6.641630106350094e-03	6.457412382587804e-16	-1.164153218269347e-16	2.957834693272139e+05	1.469756948767488e+04	8.534704998557512e-03	3.729305883588734e+04	8.279285968832348e+03	8.411378436437890e+03	2.893639615051814e-17	-inf	
6	0.000000000000000e+00	2.000000000000000e-01	1.893074892207417e-03	6.641630106350094e-03	0.000000000000000e+00	0.000000000000000e+00	2.957834693272139e+05	1.469756948767488e+04	8.534704998557512e-03	3.729305883588739e+04	8.279285968832359e+03	8.411378436437890e+03	0.000000000000000e+00	-inf	
7	2.000000000000000e-01	2.000000000000000e-01	1.893074892207417e-03	6.641630106350094e-03	-6.841673894087024e-16	-1.818989403545857e-18	2.957834693272139e+05	1.469756948767488e+04	8.534704998557512e-03	3.729305883588739e+04	8.279285968832359e+03	8.411378436437890e+03	3.017202653661620e-17	-inf	
8	4.000000000000000e-01	2.000000000000000e-01	1.893074892207417e-03	6.641630106350094e-03	-6.862137524876917e-16	3.412878868402910e-16	2.957834693272139e+05	1.469756948767488e+04	8.534704998557512e-03	3.729305883588739e+04	8.279285968832359e+03	8.411378436437890e+03	3.379833062433731e-17	-inf	
9	5.999999999999999e-01	2.000000000000000e-01	1.893074892207417e-03	6.641630106350094e-03	0.000000000000000e+00	8.869847079040460e-16	2.957834693272139e+05	1.469756948767488e+04	8.534704998557512e-03	3.729305883588739e+04	8.279285968832359e+03	8.411378436437890e+03	3.911620456248951e-17	-inf	
10	7.999999999999999e-01	2.000000000000000e-01	1.893074892207417e-03	6.641630106350094e-03	3.242348611820490e-16	-5.293259164318407e-16	2.957834693272139e+05	1.469756948767488e+04	8.534704998557512e-03	3.729305883588739e+04	8.279285968832359e+03	8.411378436437890e+03	2.737461797278876e-17	-inf	
11	1.000000000000000e+00	2.000000000000000e-01	1.893074892207418e-03	6.641630106350094e-03	6.330083124339590e-16	-3.192326403222987e-16	2.957834693272139e+05	1.469756948767488e+04	8.534704998557512e-03	3.729305883588734e+04	8.279285968832348e+03	8.411378436437890e+03	3.126480380619003e-17	-inf	
12	0.000000000000000e+00	3.999999999999999e-01	1.893074892207417e-03	6.641630106350094e-03	-1.258740667253784e-15	0.000000000000000e+00	2.957834693272139e+05	1.469756948767488e+04	8.534704998557512e-03	3.729305883588739e+04	8.279285968832359e+03	8.411378436437890e+03	5.551071736937998e-17	-inf	
13	2.000000000000000e-01	3.999999999999999e-01	1.893074892207417e-03	6.641630106350094e-03	6.862728435057882e-16	0.000000000000000e+00	2.957834693272139e+05	1.469756948767488e+04	8.534704998557512e-03	3.729305883588739e+04	8.279285968832359e+03	8.411378436437890e+03	3.026477085009429e-17	-inf	
14	3.999999999999999e-01	4.000000000000001e-01	1.893074892207418e-03	6.641630106350094e-03	2.663136649621360e-16	0.000000000000000e+00	2.957834693272139e+05	1.469756948767488e+04	8.534704998557512e-03	3.729305883588734e+04	8.279285968832348e+03	8.411378436437890e+03	1.174448635203770e-17	-inf	
15	6.000000000000001e-01	4.000000000000000e-01	1.893074892207418e-03	6.641630106350094e-03	-8.324150257976693e-16	-9.094947017729280e-19	2.957834693272139e+05	1.469756948767488e+04	8.534704998557512e-03	3.729305883588734e+04	8.279285968832348e+03	8.411378436437890e+03	3.670969248392590e-17	-inf	
16	8.000000000000000e-01	4.000000000000000e-01	1.893074892207417e-03	6.641630106350094e-03	-3.528839442878965e-16	0.000000000000000e+00	2.957834693272139e+05	1.469756948767488e+04	8.534704998557512e-03	3.729305883588739e+04	8.279285968832359e+03	8.411378436437890e+03	1.556225313534580e-17	-inf	
17	1.000000000000000e+00	4.000000000000000e-01	1.893074892207417e-03	6.641630106350094e-03	0.000000000000000e+00	0.000000000000000e+00	2.957834693272139e+05	1.469756948767488e+04	8.534704998557512e-03	3.729305883588739e+04	8.279285968832359e+03	8.411378436437890e+03	0.000000000000000e+00	-inf	
18	0.000000000000000e+00	6.000000000000000e-01	1.893074892207417e-03	6.641630106350094e-03	1.091393642127511e-15	3.394688974367451e-16	2.957834693272139e+05	1.469756948767488e+04	8.534704998557512e-03	3.729305883588739e+04	8.279285968832359e+03	8.411378436437890e+03	5.040518431178080e-17	-inf	
19	2.000000000000000e-01	6.000000000000000e-01	1.893074892207417e-03	6.641630106350094e-03	2.535666001042267e-17	1.818989403545857e-18	2.957834693272139e+05	1.469756948767488e+04	8.534704998557512e-03	3.729305883588739e+04	8.279285968832359e+03	8.411378436437890e+03	1.121107388292326e-18	-inf	
20	4.000000000000001e-01	6.000000000000002e-01	1.893074892207417e-03	6.641630106350094e-03	0.000000000000000e+00	-3.412878868402912e-16	2.957834693272139e+05	1.469756948767488e+04	8.534704998557512e-03	3.729305883588739e+04	8.279285968832359e+03	8.411378436437890e+03	1.505086466247036e-17	-inf	
21	6.000000000000000e-01	6.000000000000001e-01	1.893074892207417e-03	6.641630106350094e-03	-2.535666001042226e-17	-3.587956598494210e-16	2.957834693272139e+05	1.469756948767488e+04	8.534704998557512e-03	3.729305883588739e+04	8.279285968832359e+03	8.411378436437890e+03	1.586242545105254e-17	-inf	
22	8.000000000000000e-01	6.000000000000001e-01	1.893074892207417e-03	6.641630106350094e-03	5.552465154323726e-16	-9.094947017729286e-19	2.957834693272139e+05	1.469756948767488e+04	8.534704998557512e-03	3.729305883588739e+04	8.279285968832359e+03	8.411378436437890e+03	2.448651619746936e-17	-inf	
23	1.000000000000000e+00	6.000000000000001e-01	1.893074892207418e-03	6.641630106350094e-03	1.262833393411706e-15	-9.094947017729280e-19	2.957834693272139e+05	1.469756948767488e+04	8.534704998557512e-03	3.729305883588734e+04	8.279285968832348e+03	8.411378436437890e+03	5.569122186187385e-17	-inf	
24	0.000000000000000e+00	8.000000000000000e-01	1.893074892207418e-03	6.641630106350094e-03	-5.957190296612698e-16	0.000000000000000e+00	2.957834693272139e+05	1.469756948767488e+04	8.534704998557512e-03	3.729305883588734e+04	8.279285968832348e+03	8.411378436437890e+03	2.627132939085444e-17	-inf	
25	2.000000000000000e-01	8.000000000000000e-01	1.893074892207417e-03	6.641630106350094e-03	-3.587956598494210e-16	6.832578947069293e-16	2.957834693272139e+05	1.469756948767488e+04	8.534704998557512e-03	3.729305883588739e+04	8.279285968832359e+03	8.411378436437890e+03	3.403369107866736e-17	-inf	
26	3.999999999999999e-01	8.000000000000000e-01	1.893074892207417e-03	6.641630106350094e-03	-9.094947017729284e-19	0.000000000000000e+00	2.957834693272139e+05	1.469756948767488e+04	8.534704998557512e-03	3.729305883588739e+04	8.279285968832359e+03	8.411378436437890e+03	4.010889983336541e-20	-inf	
27	6.000000000000000e-01	8.000000000000000e-01	1.893074892207417e-03	6.641630106350094e-03	0.000000000000000e+00	-6.718892109347662e-16	2.957834693272139e+05	1.469756948767488e+04	8.534704998557512e-03	3.729305883588739e+04	8.279285968832359e+03	8.411378436437890e+03	2.963044975189937e-17	-inf	
28	8.000000000000000e-01	8.000000000000000e-01	1.893074892207417e-03	6.641630106350094e-03	0.000000000000000e+00	3.344666765769932e-16	2.957834693272139e+05	1.469756948767488e+04	8.534704998557512e-03	3.729305883588739e+04	8.279285968832359e+03	8.411378436437890e+03	1.475004791372008e-17	-inf	
29	1.000000000000000e+00	8.000000000000000e-01	1.893074892207417e-03	6.641630106350094e-03	-1.058197085512795e-15	-3.294644557172449e-16	2.957834693272139e+05	1.469756948767488e+04	8.534704998557512e-03	3.729305883588739e+04	8.279285968832359e+03	8.411378436437890e+03	4.887623388393963e-17	-inf	
30	0.000000000000000e+00	1.000000000000000e+00	1.893074892207417e-03	6.641630106350094e-03	1.818989403545857e-18	-6.807567842770365e-16	2.957834693272139e+05	1.469756948767488e+04	8.534704998557512e-03	3.729305883588739e+04	8.279285968832359e+03	8.411378436437890e+03	3.002161869649175e-17	-inf	
31	2.000000000000000e-01	1.000000000000000e+00	1.893074892207417e-03	6.641630106350094e-03	0.000000000000000e+00	0.000000000000000e+00	2.957834693272139e+05	1.469756948767488e+04	8.534704998557512e-03	3.729305883588739e+04	8.279285968832359e+03	8.411378436437890e+03	0.000000000000000e+00	-inf	
32	3.999999999999999e-01	1.000000000000000e+00	1.893074892207417e-03	6.641630106350094e-03	0.000000000000000e+00	0.000000000000000e+00	2.957834693272139e+05	1.469756948767488e+04	8.534704998557512e-03	3.729305883588739e+04	8.279285968832359e+03	8.411378436437890e+03	0.000000000000000e+00	-inf	
33	6.000000000000000e-01	1.000000000000000e+00	1.893074892207417e-03	6.641630106350094e-03	3.551576810423286e-16	-8.039933163672461e-16	2.957834693272139e+05	1.469756948767488e+04	8.534704998557512e-03	3.729305883588739e+04	8.279285968832359e+03	8.411378436437890e+03	3.876159959432172e-17	-inf	
34	8.000000000000000e-01	1.000000000000000e+00	1.893074892207418e-03	6.641630106350094e-03	0.000000000000000e+00	4.320099833421342e-16	2.957834693272139e+05	1.469756948767488e+04	8.534704998557512e-03	3.729305883588734e+04	8.279285968832348e+03	8.411378436437890e+03	1.905172742084829e-17	-inf	
35	1.000000000000000e+00	1.000000000000000e+00	1.893074892207417e-03	6.641630106350094e-03	-7.084963726811111e-16	8.594724931754156e-17	2.957834693272139e+05	1.469756948767488e+04	8.534704998557512e-03	3.729305883588739e+04	8.279285968832359e+03	8.411378436437890e+03	3.147389225150766e-17	-inf	
EXT_ITER= 8483
AOA= 0.000000000000000e+00
SIDESLIP_ANGLE= 0.000000000000000e+00
INITIAL_BCTHRUST= 4.000000000000000e+03
DCD_DCL_VALUE= 0.000000000000000e+00
DCMX_DCL_VALUE= 0.000000000000000e+00
DCMY_DCL_VALUE= 0.000000000000000e+00
DCMZ_DCL_VALUE= 0.000000000000000e+00
