"PointID"	"x"	"y"	"Density[0]"	"Density[1]"	"Momentum_x"	"Momentum_y"	"Energy"	"Electronic_Energy"	"Total_Density"	"Pressure"	"Temperature"	"Tve"	"Mach"	"C<sub>p</sub>"
0	0.000000000000000e+00	0.000000000000000e+00	1.949449783042126e-03	6.585255215515372e-03	0.000000000000000e+00	0.000000000000000e+00	2.957834693272139e+05	1.558849636278325e+04	8.534704998557498e-03	3.781284606476524e+04	8.425981533873515e+03	8.593575530506327e+03	0.000000000000000e+00	-inf	
1	2.000000000000000e-01	0.000000000000000e+00	1.949449783042126e-03	6.585255215515372e-03	0.000000000000000e+00	1.213720679515986e-15	2.957834693272139e+05	1.558849636278325e+04	8.534704998557498e-03	3.781284606476524e+04	8.425981533873515e+03	8.593575530506327e+03	5.318225381347254e-17	-inf	
2	4.000000000000000e-01	0.000000000000000e+00	1.949449783042126e-03	6.585255215515372e-03	0.000000000000000e+00	-9.285940905101355e-16	2.957834693272139e+05	1.558849636278325e+04	8.534704998557498e-03	3.781284606476524e+04	8.425981533873515e+03	8.593575530506327e+03	4.068870823795687e-17	-inf	
3	6.000000000000001e-01	0.000000000000000e+00	1.949449783042126e-03	6.585255215515372e-03	0.000000000000000e+00	-7.207745511550302e-16	2.957834693272139e+05	1.558849636278325e+04	8.534704998557498e-03	3.781284606476524e+04	8.425981533873515e+03	8.593575530506327e+03	3.158256736393827e-17	-inf	
4	8.000000000000000e-01	0.000000000000000e+00	1.949449783042126e-03	6.585255215515372e-03	1.671196514507753e-16	0.000000000000000e+00	2.957834693272139e+05	1.558849636278325e+04	8.534704998557498e-03	3.781284606476524e+04	8.425981533873515e+03	8.593575530506327e+03	7.322771928231890e-18	-inf	
5	1.000000000000000e+00	0.000000000000000e+00	1.949449783042127e-03	6.585255215515372e-03	2.519300323910989e-16	2.046363078989089e-17	2.957834693272139e+05	1.558849636278325e+04	8.534704998557499e-03	3.781284606476521e+04	8.425981533873510e+03	8.593575530506327e+03	1.107531121184342e-17	-inf	
6	0.000000000000000e+00	2.000000000000000e-01	1.949449783042126e-03	6.585255215515372e-03	0.000000000000000e+00	0.000000000000000e+00	2.957834693272139e+05	1.558849636278325e+04	8.534704998557498e-03	3.781284606476524e+04	8.425981533873515e+03	8.593575530506327e+03	0.000000000000000e+00	-inf	
7	2.000000000000000e-01	2.000000000000000e-01	1.949449783042126e-03	6.585255215515372e-03	-5.200035957386671e-16	-1.818989403545857e-18	2.957834693272139e+05	1.558849636278325e+04	8.534704998557498e-03	3.781284606476524e+04	8.425981533873515e+03	8.593575530506327e+03	2.278541749758552e-17	-inf	
8	4.000000000000000e-01	2.000000000000000e-01	1.949449783042126e-03	6.585255215515372e-03	-6.059508450562201e-16	1.689386408543212e-16	2.957834693272139e+05	1.558849636278325e+04	8.534704998557498e-03	3.781284606476524e+04	8.425981533873515e+03	8.593575530506327e+03	2.756386861943365e-17	-inf	
9	5.999999999999999e-01	2.000000000000000e-01	1.949449783042126e-03	6.585255215515372e-03	0.000000000000000e+00	5.347828846424898e-16	2.957834693272139e+05	1.558849636278325e+04	8.534704998557498e-03	3.781284606476524e+04	8.425981533873515e+03	8.593575530506327e+03	2.343287017034243e-17	-inf	
10	7.999999999999999e-01	2.000000000000000e-01	1.949449783042126e-03	6.585255215515372e-03	1.555235940031712e-16	-3.676632331916979e-16	2.957834693272139e+05	1.558849636278325e+04	8.534704998557498e-03	3.781284606476524e+04	8.425981533873515e+03	8.593575530506327e+03	1.749213746100785e-17	-inf	
11	1.000000000000000e+00	2.000000000000000e-01	1.949449783042127e-03	6.585255215515372e-03	2.564775058999656e-16	-1.252828951692203e-16	2.957834693272139e+05	1.558849636278325e+04	8.534704998557499e-03	3.781284606476521e+04	8.425981533873510e+03	8.593575530506327e+03	1.250731848264325e-17	-inf	
12	0.000000000000000e+00	3.999999999999999e-01	1.949449783042126e-03	6.585255215515372e-03	-1.266471372218834e-15	0.000000000000000e+00	2.957834693272139e+05	1.558849636278325e+04	8.534704998557498e-03	3.781284606476524e+04	8.425981533873515e+03	8.593575530506327e+03	5.549365937449345e-17	-inf	
13	2.000000000000000e-01	3.999999999999999e-01	1.949449783042126e-03	6.585255215515372e-03	4.592386489226558e-16	0.000000000000000e+00	2.957834693272139e+05	1.558849636278325e+04	8.534704998557498e-03	3.781284606476524e+04	8.425981533873515e+03	8.593575530506327e+03	2.012270763788960e-17	-inf	
14	3.999999999999999e-01	4.000000000000001e-01	1.949449783042127e-03	6.585255215515372e-03	1.290920721790817e-16	0.000000000000000e+00	2.957834693272139e+05	1.558849636278325e+04	8.534704998557499e-03	3.781284606476521e+04	8.425981533873510e+03	8.593575530506327e+03	5.656496971504899e-18	-inf	
15	6.000000000000001e-01	4.000000000000000e-01	1.949449783042127e-03	6.585255215515372e-03	-4.777120921062398e-16	-9.094947017729280e-19	2.957834693272139e+05	1.558849636278325e+04	8.534704998557499e-03	3.781284606476521e+04	8.425981533873510e+03	8.593575530506327e+03	2.093220640025396e-17	-inf	
16	8.000000000000000e-01	4.000000000000000e-01	1.949449783042126e-03	6.585255215515372e-03	-1.737134880386293e-16	0.000000000000000e+00	2.957834693272139e+05	1.558849636278325e+04	8.534704998557498e-03	3.781284606476524e+04	8.425981533873515e+03	8.593575530506327e+03	7.611697623359420e-18	-inf	
17	1.000000000000000e+00	4.000000000000000e-01	1.949449783042126e-03	6.585255215515372e-03	0.000000000000000e+00	0.000000000000000e+00	2.957834693272139e+05	1.558849636278325e+04	8.534704998557498e-03	3.781284606476524e+04	8.425981533873515e+03	8.593575530506327e+03	0.000000000000000e+00	-inf	
18	0.000000000000000e+00	6.000000000000000e-01	1.949449783042126e-03	6.585255215515372e-03	9.285940905101355e-16	1.671196514507753e-16	2.957834693272139e+05	1.558849636278325e+04	8.534704998557498e-03	3.781284606476524e+04	8.425981533873515e+03	8.593575530506327e+03	4.134239914163764e-17	-inf	
19	2.000000000000000e-01	6.000000000000000e-01	1.949449783042126e-03	6.585255215515372e-03	1.011946444959874e-17	1.818989403545857e-18	2.957834693272139e+05	1.558849636278325e+04	8.534704998557498e-03	3.781284606476524e+04	8.425981533873515e+03	8.593575530506327e+03	4.505165122261713e-19	-inf	
20	4.000000000000001e-01	6.000000000000002e-01	1.949449783042126e-03	6.585255215515372e-03	0.000000000000000e+00	-1.689386408543213e-16	2.957834693272139e+05	1.558849636278325e+04	8.534704998557498e-03	3.781284606476524e+04	8.425981533873515e+03	8.593575530506327e+03	7.402475568267073e-18	-inf	
21	6.000000000000000e-01	6.000000000000001e-01	1.949449783042126e-03	6.585255215515372e-03	-1.011946444959836e-17	-1.762145984685051e-16	2.957834693272139e+05	1.558849636278325e+04	8.534704998557498e-03	3.781284606476524e+04	8.425981533873515e+03	8.593575530506327e+03	7.734011488522711e-18	-inf	
22	8.000000000000000e-01	6.000000000000001e-01	1.949449783042126e-03	6.585255215515372e-03	1.746229827404021e-16	-9.094947017729286e-19	2.957834693272139e+05	1.558849636278325e+04	8.534704998557498e-03	3.781284606476524e+04	8.425981533873515e+03	8.593575530506327e+03	7.651653223454495e-18	-inf	
23	1.000000000000000e+00	6.000000000000001e-01	1.949449783042127e-03	6.585255215515372e-03	9.563336789142525e-16	-9.094947017729280e-19	2.957834693272139e+05	1.558849636278325e+04	8.534704998557499e-03	3.781284606476521e+04	8.425981533873510e+03	8.593575530506327e+03	4.190420769847667e-17	-inf	
24	0.000000000000000e+00	8.000000000000000e-01	1.949449783042127e-03	6.585255215515372e-03	-2.323758963029843e-16	0.000000000000000e+00	2.957834693272139e+05	1.558849636278325e+04	8.534704998557499e-03	3.781284606476521e+04	8.425981533873510e+03	8.593575530506327e+03	1.018214001449394e-17	-inf	
25	2.000000000000000e-01	8.000000000000000e-01	1.949449783042126e-03	6.585255215515372e-03	-1.762145984685052e-16	5.190941010368939e-16	2.957834693272139e+05	1.558849636278325e+04	8.534704998557498e-03	3.781284606476524e+04	8.425981533873515e+03	8.593575530506327e+03	2.402025681961494e-17	-inf	
26	3.999999999999999e-01	8.000000000000000e-01	1.949449783042126e-03	6.585255215515372e-03	-9.094947017729284e-19	0.000000000000000e+00	2.957834693272139e+05	1.558849636278325e+04	8.534704998557498e-03	3.781284606476524e+04	8.425981533873515e+03	8.593575530506327e+03	3.985182001758858e-20	-inf	
27	6.000000000000000e-01	8.000000000000000e-01	1.949449783042126e-03	6.585255215515372e-03	0.000000000000000e+00	-5.850324669154400e-16	2.957834693272139e+05	1.558849636278325e+04	8.534704998557498e-03	3.781284606476524e+04	8.425981533873515e+03	8.593575530506327e+03	2.563468322631402e-17	-inf	
28	8.000000000000000e-01	8.000000000000000e-01	1.949449783042126e-03	6.585255215515372e-03	0.000000000000000e+00	1.657554093981155e-16	2.957834693272139e+05	1.558849636278325e+04	8.534704998557498e-03	3.781284606476524e+04	8.425981533873515e+03	8.593575530506327e+03	7.262994198205489e-18	-inf	
29	1.000000000000000e+00	8.000000000000000e-01	1.949449783042126e-03	6.585255215515372e-03	-7.189555617514845e-16	-1.539319782750693e-16	2.957834693272139e+05	1.558849636278325e+04	8.534704998557498e-03	3.781284606476524e+04	8.425981533873515e+03	8.593575530506327e+03	3.221683373440712e-17	-inf	
30	0.000000000000000e+00	1.000000000000000e+00	1.949449783042126e-03	6.585255215515372e-03	1.818989403545857e-18	-3.360582923050968e-16	2.957834693272139e+05	1.558849636278325e+04	8.534704998557498e-03	3.781284606476524e+04	8.425981533873515e+03	8.593575530506327e+03	1.472546320165801e-17	-inf	
31	2.000000000000000e-01	1.000000000000000e+00	1.949449783042126e-03	6.585255215515372e-03	0.000000000000000e+00	0.000000000000000e+00	2.957834693272139e+05	1.558849636278325e+04	8.534704998557498e-03	3.781284606476524e+04	8.425981533873515e+03	8.593575530506327e+03	0.000000000000000e+00	-inf	
32	3.999999999999999e-01	1.000000000000000e+00	1.949449783042126e-03	6.585255215515372e-03	0.000000000000000e+00	0.000000000000000e+00	2.957834693272139e+05	1.558849636278325e+04	8.534704998557498e-03	3.781284606476524e+04	8.425981533873515e+03	8.593575530506327e+03	0.000000000000000e+00	-inf	
33	6.000000000000000e-01	1.000000000000000e+00	1.949449783042126e-03	6.585255215515372e-03	1.759872247930613e-16	-4.756657290272466e-16	2.957834693272139e+05	1.558849636278325e+04	8.534704998557498e-03	3.781284606476524e+04	8.425981533873515e+03	8.593575530506327e+03	2.222328623185228e-17	-inf	
34	8.000000000000000e-01	1.000000000000000e+00	1.949449783042127e-03	6.585255215515372e-03	0.000000000000000e+00	2.264641807414539e-16	2.957834693272139e+05	1.558849636278325e+04	8.534704998557499e-03	3.781284606476521e+04	8.425981533873510e+03	8.593575530506327e+03	9.923103184379331e-18	-inf	
35	1.000000000000000e+00	1.000000000000000e+00	1.949449783042126e-03	6.585255215515372e-03	-3.501554601825766e-16	-5.093170329928385e-17	2.957834693272139e+05	1.558849636278325e+04	8.534704998557498e-03	3.781284606476524e+04	8.425981533873515e+03	8.593575530506327e+03	1.550440678821831e-17	-inf	
EXT_ITER= 6618
AOA= 0.000000000000000e+00
SIDESLIP_ANGLE= 0.000000000000000e+00
INITIAL_BCTHRUST= 4.000000000000000e+03
DCD_DCL_VALUE= 0.000000000000000e+00
DCMX_DCL_VALUE= 0.000000000000000e+00
DCMY_DCL_VALUE= 0.000000000000000e+00
DCMZ_DCL_VALUE= 0.000000000000000e+00
