"PointID"	"x"	"y"	"Density[0]"	"Density[1]"	"Momentum_x"	"Momentum_y"	"Energy"	"Electronic_Energy"	"Total_Density"	"Pressure"	"Temperature"	"Tve"	"Mach"	"C<sub>p</sub>"
0	0.000000000000000e+00	0.000000000000000e+00	2.076831541517757e-03	6.457873457039721e-03	0.000000000000000e+00	0.000000000000000e+00	2.957834693272139e+05	1.778478647196462e+04	8.534704998557479e-03	3.886296196220854e+04	8.733560881472833e+03	9.034142986443254e+03	0.000000000000000e+00	-inf	
1	2.000000000000000e-01	0.000000000000000e+00	2.076831541517757e-03	6.457873457039721e-03	0.000000000000000e+00	8.453753252979109e-16	2.957834693272139e+05	1.778478647196462e+04	8.534704998557479e-03	3.886296196220854e+04	8.733560881472833e+03	9.034142986443254e+03	3.657912855774674e-17	-inf	
2	4.000000000000000e-01	0.000000000000000e+00	2.076831541517757e-03	6.457873457039721e-03	0.000000000000000e+00	-6.948539521545039e-16	2.957834693272139e+05	1.778478647196462e+04	8.534704998557479e-03	3.886296196220854e+04	8.733560881472833e+03	9.034142986443254e+03	3.006611535031612e-17	-inf	
3	6.000000000000001e-01	0.000000000000000e+00	2.076831541517757e-03	6.457873457039721e-03	0.000000000000000e+00	-2.373781171627371e-16	2.957834693272139e+05	1.778478647196462e+04	8.534704998557479e-03	3.886296196220854e+04	8.733560881472833e+03	9.034142986443254e+03	1.027127762622088e-17	-inf	
4	8.000000000000000e-01	0.000000000000000e+00	2.076831541517757e-03	6.457873457039721e-03	1.302851160289714e-16	0.000000000000000e+00	2.957834693272139e+05	1.778478647196462e+04	8.534704998557479e-03	3.886296196220854e+04	8.733560881472833e+03	9.034142986443254e+03	5.637396628184356e-18	-inf	
5	1.000000000000000e+00	0.000000000000000e+00	2.076831541517758e-03	6.457873457039721e-03	2.069100446533387e-16	3.815330273937497e-16	2.957834693272139e+05	1.778478647196461e+04	8.534704998557479e-03	3.886296196220852e+04	8.733560881472828e+03	9.034142986443250e+03	1.878020297052400e-17	-inf	
6	0.000000000000000e+00	2.000000000000000e-01	2.076831541517757e-03	6.457873457039721e-03	0.000000000000000e+00	0.000000000000000e+00	2.957834693272139e+05	1.778478647196462e+04	8.534704998557479e-03	3.886296196220854e+04	8.733560881472833e+03	9.034142986443254e+03	0.000000000000000e+00	-inf	
7	2.000000000000000e-01	2.000000000000000e-01	2.076831541517757e-03	6.457873457039721e-03	-3.471996024018088e-16	-1.818989403545857e-18	2.957834693272139e+05	1.778478647196462e+04	8.534704998557479e-03	3.886296196220854e+04	8.733560881472833e+03	9.034142986443254e+03	1.502342545969381e-17	-inf	
8	4.000000000000000e-01	2.000000000000000e-01	2.076831541517757e-03	6.457873457039721e-03	-4.217781679471826e-16	1.321041054325172e-16	2.957834693272139e+05	1.778478647196462e+04	8.534704998557479e-03	3.886296196220854e+04	8.733560881472833e+03	9.034142986443254e+03	1.912443550600698e-17	-inf	
9	5.999999999999999e-01	2.000000000000000e-01	2.076831541517757e-03	6.457873457039721e-03	0.000000000000000e+00	2.571596269262979e-16	2.957834693272139e+05	1.778478647196462e+04	8.534704998557479e-03	3.886296196220854e+04	8.733560881472833e+03	9.034142986443254e+03	1.112721742840592e-17	-inf	
10	7.999999999999999e-01	2.000000000000000e-01	2.076831541517757e-03	6.457873457039721e-03	1.211901690112429e-16	-2.205524651799390e-16	2.957834693272139e+05	1.778478647196462e+04	8.534704998557479e-03	3.886296196220854e+04	8.733560881472833e+03	9.034142986443254e+03	1.088905180217203e-17	-inf	
11	1.000000000000000e+00	2.000000000000000e-01	2.076831541517758e-03	6.457873457039721e-03	2.196429704781613e-16	-1.050466380547724e-16	2.957834693272139e+05	1.778478647196461e+04	8.534704998557479e-03	3.886296196220852e+04	8.733560881472828e+03	9.034142986443250e+03	1.053488837124709e-17	-inf	
12	0.000000000000000e+00	3.999999999999999e-01	2.076831541517757e-03	6.457873457039721e-03	-9.204086381941780e-16	0.000000000000000e+00	2.957834693272139e+05	1.778478647196462e+04	8.534704998557479e-03	3.886296196220854e+04	8.733560881472833e+03	9.034142986443254e+03	3.982579677293148e-17	-inf	
13	2.000000000000000e-01	3.999999999999999e-01	2.076831541517757e-03	6.457873457039721e-03	3.176799431149856e-16	0.000000000000000e+00	2.957834693272139e+05	1.778478647196462e+04	8.534704998557479e-03	3.886296196220854e+04	8.733560881472833e+03	9.034142986443254e+03	1.374591276995892e-17	-inf	
14	3.999999999999999e-01	4.000000000000001e-01	2.076831541517758e-03	6.457873457039721e-03	8.848727826820651e-17	0.000000000000000e+00	2.957834693272139e+05	1.778478647196461e+04	8.534704998557479e-03	3.886296196220852e+04	8.733560881472828e+03	9.034142986443250e+03	3.828817130849176e-18	-inf	
15	6.000000000000001e-01	4.000000000000000e-01	2.076831541517758e-03	6.457873457039721e-03	-2.057731762761270e-16	-9.094947017729280e-19	2.957834693272139e+05	1.778478647196461e+04	8.534704998557479e-03	3.886296196220852e+04	8.733560881472828e+03	9.034142986443250e+03	8.903828589186555e-18	-inf	
16	8.000000000000000e-01	4.000000000000000e-01	2.076831541517757e-03	6.457873457039721e-03	-1.380158209940416e-16	0.000000000000000e+00	2.957834693272139e+05	1.778478647196462e+04	8.534704998557479e-03	3.886296196220854e+04	8.733560881472833e+03	9.034142986443254e+03	5.971901838233703e-18	-inf	
17	1.000000000000000e+00	4.000000000000000e-01	2.076831541517757e-03	6.457873457039721e-03	0.000000000000000e+00	0.000000000000000e+00	2.957834693272139e+05	1.778478647196462e+04	8.534704998557479e-03	3.886296196220854e+04	8.733560881472833e+03	9.034142986443254e+03	0.000000000000000e+00	-inf	
18	0.000000000000000e+00	6.000000000000000e-01	2.076831541517757e-03	6.457873457039721e-03	6.948539521545039e-16	1.302851160289713e-16	2.957834693272139e+05	1.778478647196462e+04	8.534704998557479e-03	3.886296196220854e+04	8.733560881472833e+03	9.034142986443254e+03	3.059005611308974e-17	-inf	
19	2.000000000000000e-01	6.000000000000000e-01	2.076831541517757e-03	6.457873457039721e-03	-4.221366659086085e-17	1.818989403545857e-18	2.957834693272139e+05	1.778478647196462e+04	8.534704998557479e-03	3.886296196220854e+04	8.733560881472833e+03	9.034142986443254e+03	1.828267242624556e-18	-inf	
20	4.000000000000001e-01	6.000000000000002e-01	2.076831541517757e-03	6.457873457039721e-03	0.000000000000000e+00	-1.321041054325174e-16	2.957834693272139e+05	1.778478647196462e+04	8.534704998557479e-03	3.886296196220854e+04	8.733560881472833e+03	9.034142986443254e+03	5.716103736431263e-18	-inf	
21	6.000000000000000e-01	6.000000000000001e-01	2.076831541517757e-03	6.457873457039721e-03	4.221366659086106e-17	-1.402895577484740e-16	2.957834693272139e+05	1.778478647196462e+04	8.534704998557479e-03	3.886296196220854e+04	8.733560881472833e+03	9.034142986443254e+03	6.339143086175552e-18	-inf	
22	8.000000000000000e-01	6.000000000000001e-01	2.076831541517757e-03	6.457873457039721e-03	1.389253156958143e-16	-9.094947017729286e-19	2.957834693272139e+05	1.778478647196462e+04	8.534704998557479e-03	3.886296196220854e+04	8.733560881472833e+03	9.034142986443254e+03	6.011384207848056e-18	-inf	
23	1.000000000000000e+00	6.000000000000001e-01	2.076831541517758e-03	6.457873457039721e-03	4.124558472540269e-16	-9.094947017729280e-19	2.957834693272139e+05	1.778478647196461e+04	8.534704998557479e-03	3.886296196220852e+04	8.733560881472828e+03	9.034142986443250e+03	1.784688018363609e-17	-inf	
24	0.000000000000000e+00	8.000000000000000e-01	2.076831541517758e-03	6.457873457039721e-03	-1.723492459859709e-16	0.000000000000000e+00	2.957834693272139e+05	1.778478647196461e+04	8.534704998557479e-03	3.886296196220852e+04	8.733560881472828e+03	9.034142986443250e+03	7.457498506394040e-18	-inf	
25	2.000000000000000e-01	8.000000000000000e-01	2.076831541517757e-03	6.457873457039721e-03	-1.402895577484740e-16	3.462901077000359e-16	2.957834693272139e+05	1.778478647196462e+04	8.534704998557479e-03	3.886296196220854e+04	8.733560881472833e+03	9.034142986443254e+03	1.616677460271968e-17	-inf	
26	3.999999999999999e-01	8.000000000000000e-01	2.076831541517757e-03	6.457873457039721e-03	-9.094947017729284e-19	0.000000000000000e+00	2.957834693272139e+05	1.778478647196462e+04	8.534704998557479e-03	3.886296196220854e+04	8.733560881472833e+03	9.034142986443254e+03	3.935355412345118e-20	-inf	
27	6.000000000000000e-01	8.000000000000000e-01	2.076831541517757e-03	6.457873457039721e-03	0.000000000000000e+00	-3.649347490863793e-16	2.957834693272139e+05	1.778478647196462e+04	8.534704998557479e-03	3.886296196220854e+04	8.733560881472833e+03	9.034142986443254e+03	1.579061359203443e-17	-inf	
28	8.000000000000000e-01	8.000000000000000e-01	2.076831541517757e-03	6.457873457039721e-03	0.000000000000000e+00	1.300577423535278e-16	2.957834693272139e+05	1.778478647196462e+04	8.534704998557479e-03	3.886296196220854e+04	8.733560881472833e+03	9.034142986443254e+03	5.627558239653478e-18	-inf	
29	1.000000000000000e+00	8.000000000000000e-01	2.076831541517757e-03	6.457873457039721e-03	-2.355591277591912e-16	-1.216449163621299e-16	2.957834693272139e+05	1.778478647196462e+04	8.534704998557479e-03	3.886296196220854e+04	8.733560881472833e+03	9.034142986443254e+03	1.147141336583057e-17	-inf	
30	0.000000000000000e+00	1.000000000000000e+00	2.076831541517757e-03	6.457873457039721e-03	1.818989403545857e-18	-2.623892214614889e-16	2.957834693272139e+05	1.778478647196462e+04	8.534704998557479e-03	3.886296196220854e+04	8.733560881472833e+03	9.034142986443254e+03	1.135377317627121e-17	-inf	
31	2.000000000000000e-01	1.000000000000000e+00	2.076831541517757e-03	6.457873457039721e-03	0.000000000000000e+00	0.000000000000000e+00	2.957834693272139e+05	1.778478647196462e+04	8.534704998557479e-03	3.886296196220854e+04	8.733560881472833e+03	9.034142986443254e+03	0.000000000000000e+00	-inf	
32	3.999999999999999e-01	1.000000000000000e+00	2.076831541517757e-03	6.457873457039721e-03	0.000000000000000e+00	0.000000000000000e+00	2.957834693272139e+05	1.778478647196462e+04	8.534704998557479e-03	3.886296196220854e+04	8.733560881472833e+03	9.034142986443254e+03	0.000000000000000e+00	-inf	
33	6.000000000000000e-01	1.000000000000000e+00	2.076831541517757e-03	6.457873457039721e-03	1.402895577484734e-16	-1.987245923373867e-16	2.957834693272139e+05	1.778478647196462e+04	8.534704998557479e-03	3.886296196220854e+04	8.733560881472833e+03	9.034142986443254e+03	1.052553549377701e-17	-inf	
34	8.000000000000000e-01	1.000000000000000e+00	2.076831541517758e-03	6.457873457039721e-03	0.000000000000000e+00	6.180016498547087e-16	2.957834693272139e+05	1.778478647196461e+04	8.534704998557479e-03	3.886296196220852e+04	8.733560881472828e+03	9.034142986443250e+03	2.674074002688524e-17	-inf	
35	1.000000000000000e+00	1.000000000000000e+00	2.076831541517757e-03	6.457873457039721e-03	-2.787601260934009e-16	-3.760760591831120e-16	2.957834693272139e+05	1.778478647196462e+04	8.534704998557479e-03	3.886296196220854e+04	8.733560881472833e+03	9.034142986443254e+03	2.025559581575659e-17	-inf	
EXT_ITER= 3914
AOA= 0.000000000000000e+00
SIDESLIP_ANGLE= 0.000000000000000e+00
INITIAL_BCTHRUST= 4.000000000000000e+03
DCD_DCL_VALUE= 0.000000000000000e+00
DCMX_DCL_VALUE= 0.000000000000000e+00
DCMY_DCL_VALUE= 0.000000000000000e+00
DCMZ_DCL_VALUE= 0.000000000000000e+00
