"PointID"	"x"	"y"	"Density[0]"	"Density[1]"	"Momentum_x"	"Momentum_y"	"Energy"	"Electronic_Energy"	"Total_Density"	"Pressure"	"Temperature"	"Tve"	"Mach"	"C<sub>p</sub>"
0	0.000000000000000e+00	0.000000000000000e+00	1.929638484317052e-03	6.605066514240455e-03	0.000000000000000e+00	0.000000000000000e+00	2.957834693272139e+05	1.527152748181428e+04	8.534704998557508e-03	3.763295304631902e+04	8.374921835775338e+03	8.528829884881594e+03	0.000000000000000e+00	-inf	
1	2.000000000000000e-01	0.000000000000000e+00	1.929638484317052e-03	6.605066514240455e-03	0.000000000000000e+00	1.274656824534781e-15	2.957834693272139e+05	1.527152748181428e+04	8.534704998557508e-03	3.763295304631902e+04	8.374921835775338e+03	8.528829884881594e+03	5.597599633907766e-17	-inf	
2	4.000000000000000e-01	0.000000000000000e+00	1.929638484317052e-03	6.605066514240455e-03	0.000000000000000e+00	-9.804352885111993e-16	2.957834693272139e+05	1.527152748181428e+04	8.534704998557508e-03	3.763295304631902e+04	8.374921835775338e+03	8.528829884881594e+03	4.305538640993480e-17	-inf	
3	6.000000000000001e-01	0.000000000000000e+00	1.929638484317052e-03	6.605066514240455e-03	0.000000000000000e+00	-8.235474524553624e-16	2.957834693272139e+05	1.527152748181428e+04	8.534704998557508e-03	3.763295304631902e+04	8.374921835775338e+03	8.528829884881594e+03	3.616572578311272e-17	-inf	
4	8.000000000000000e-01	0.000000000000000e+00	1.929638484317052e-03	6.605066514240455e-03	1.973603502847254e-16	0.000000000000000e+00	2.957834693272139e+05	1.527152748181428e+04	8.534704998557508e-03	3.763295304631902e+04	8.374921835775338e+03	8.528829884881594e+03	8.666993368233781e-18	-inf	
5	1.000000000000000e+00	0.000000000000000e+00	1.929638484317053e-03	6.605066514240455e-03	3.428795025683929e-16	-3.137756721116597e-17	2.957834693272139e+05	1.527152748181428e+04	8.534704998557508e-03	3.763295304631902e+04	8.374921835775336e+03	8.528829884881594e+03	1.512032039416593e-17	-inf	
6	0.000000000000000e+00	2.000000000000000e-01	1.929638484317052e-03	6.605066514240455e-03	0.000000000000000e+00	0.000000000000000e+00	2.957834693272139e+05	1.527152748181428e+04	8.534704998557508e-03	3.763295304631902e+04	8.374921835775338e+03	8.528829884881594e+03	0.000000000000000e+00	-inf	
7	2.000000000000000e-01	2.000000000000000e-01	1.929638484317052e-03	6.605066514240455e-03	-5.688889359589685e-16	-1.818989403545857e-18	2.957834693272139e+05	1.527152748181428e+04	8.534704998557508e-03	3.763295304631902e+04	8.374921835775338e+03	8.528829884881594e+03	2.498263623948586e-17	-inf	
8	4.000000000000000e-01	2.000000000000000e-01	1.929638484317052e-03	6.605066514240455e-03	-6.364189175656172e-16	1.991793396882712e-16	2.957834693272139e+05	1.527152748181428e+04	8.534704998557508e-03	3.763295304631902e+04	8.374921835775338e+03	8.528829884881594e+03	2.928483819111474e-17	-inf	
9	5.999999999999999e-01	2.000000000000000e-01	1.929638484317052e-03	6.605066514240455e-03	0.000000000000000e+00	6.205027602845840e-16	2.957834693272139e+05	1.527152748181428e+04	8.534704998557508e-03	3.763295304631902e+04	8.374921835775338e+03	8.528829884881594e+03	2.724910702985038e-17	-inf	
10	7.999999999999999e-01	2.000000000000000e-01	1.929638484317052e-03	6.605066514240455e-03	1.862190401880076e-16	-4.240519047016147e-16	2.957834693272139e+05	1.527152748181428e+04	8.534704998557508e-03	3.763295304631902e+04	8.374921835775338e+03	8.528829884881594e+03	2.033853765127546e-17	-inf	
11	1.000000000000000e+00	2.000000000000000e-01	1.929638484317053e-03	6.605066514240455e-03	3.497007128316918e-16	-1.707576302578673e-16	2.957834693272139e+05	1.527152748181428e+04	8.534704998557508e-03	3.763295304631902e+04	8.374921835775336e+03	8.528829884881594e+03	1.708997444735222e-17	-inf	
12	0.000000000000000e+00	3.999999999999999e-01	1.929638484317052e-03	6.605066514240455e-03	-1.263742888113521e-15	0.000000000000000e+00	2.957834693272139e+05	1.527152748181428e+04	8.534704998557508e-03	3.763295304631902e+04	8.374921835775338e+03	8.528829884881594e+03	5.549671559982119e-17	-inf	
13	2.000000000000000e-01	3.999999999999999e-01	1.929638484317052e-03	6.605066514240455e-03	5.072364601049147e-16	0.000000000000000e+00	2.957834693272139e+05	1.527152748181428e+04	8.534704998557508e-03	3.763295304631902e+04	8.374921835775338e+03	8.528829884881594e+03	2.227506705127650e-17	-inf	
14	3.999999999999999e-01	4.000000000000001e-01	1.929638484317053e-03	6.605066514240455e-03	1.495776686327080e-16	0.000000000000000e+00	2.957834693272139e+05	1.527152748181428e+04	8.534704998557508e-03	3.763295304631902e+04	8.374921835775336e+03	8.528829884881594e+03	6.568637825202945e-18	-inf	
15	6.000000000000001e-01	4.000000000000000e-01	1.929638484317053e-03	6.605066514240455e-03	-5.691163096344144e-16	-9.094947017729280e-19	2.957834693272139e+05	1.527152748181428e+04	8.534704998557508e-03	3.763295304631902e+04	8.374921835775336e+03	8.528829884881594e+03	2.499252546291366e-17	-inf	
16	8.000000000000000e-01	4.000000000000000e-01	1.929638484317052e-03	6.605066514240455e-03	-2.080469130305577e-16	0.000000000000000e+00	2.957834693272139e+05	1.527152748181428e+04	8.534704998557508e-03	3.763295304631902e+04	8.374921835775338e+03	8.528829884881594e+03	9.136289092089777e-18	-inf	
17	1.000000000000000e+00	4.000000000000000e-01	1.929638484317052e-03	6.605066514240455e-03	0.000000000000000e+00	0.000000000000000e+00	2.957834693272139e+05	1.527152748181428e+04	8.534704998557508e-03	3.763295304631902e+04	8.374921835775338e+03	8.528829884881594e+03	0.000000000000000e+00	-inf	
18	0.000000000000000e+00	6.000000000000000e-01	1.929638484317052e-03	6.605066514240455e-03	9.804352885111993e-16	1.973603502847253e-16	2.957834693272139e+05	1.527152748181428e+04	8.534704998557508e-03	3.763295304631902e+04	8.374921835775338e+03	8.528829884881594e+03	4.391905136673386e-17	-inf	
19	2.000000000000000e-01	6.000000000000000e-01	1.929638484317052e-03	6.605066514240455e-03	7.207537996307959e-18	1.818989403545857e-18	2.957834693272139e+05	1.527152748181428e+04	8.534704998557508e-03	3.763295304631902e+04	8.374921835775338e+03	8.528829884881594e+03	3.264400915729729e-19	-inf	
20	4.000000000000001e-01	6.000000000000002e-01	1.929638484317052e-03	6.605066514240455e-03	0.000000000000000e+00	-1.991793396882714e-16	2.957834693272139e+05	1.527152748181428e+04	8.534704998557508e-03	3.763295304631902e+04	8.374921835775338e+03	8.528829884881594e+03	8.746873491443316e-18	-inf	
21	6.000000000000000e-01	6.000000000000001e-01	1.929638484317052e-03	6.605066514240455e-03	-7.207537996307531e-18	-2.105480234604333e-16	2.957834693272139e+05	1.527152748181428e+04	8.534704998557508e-03	3.763295304631902e+04	8.374921835775338e+03	8.528829884881594e+03	9.251540204660755e-18	-inf	
22	8.000000000000000e-01	6.000000000000001e-01	1.929638484317052e-03	6.605066514240455e-03	2.089564077323305e-16	-9.094947017729286e-19	2.957834693272139e+05	1.527152748181428e+04	8.534704998557508e-03	3.763295304631902e+04	8.374921835775338e+03	8.528829884881594e+03	9.176316073982765e-18	-inf	
23	1.000000000000000e+00	6.000000000000001e-01	1.929638484317053e-03	6.605066514240455e-03	1.139142113970602e-15	-9.094947017729280e-19	2.957834693272139e+05	1.527152748181428e+04	8.534704998557508e-03	3.763295304631902e+04	8.374921835775336e+03	8.528829884881594e+03	5.002494310410110e-17	-inf	
24	0.000000000000000e+00	8.000000000000000e-01	1.929638484317053e-03	6.605066514240455e-03	-3.124114300590028e-16	0.000000000000000e+00	2.957834693272139e+05	1.527152748181428e+04	8.534704998557508e-03	3.763295304631902e+04	8.374921835775336e+03	8.528829884881594e+03	1.371941116123651e-17	-inf	
25	2.000000000000000e-01	8.000000000000000e-01	1.929638484317052e-03	6.605066514240455e-03	-2.105480234604334e-16	5.679794412571953e-16	2.957834693272139e+05	1.527152748181428e+04	8.534704998557508e-03	3.763295304631902e+04	8.374921835775338e+03	8.528829884881594e+03	2.660117545989837e-17	-inf	
26	3.999999999999999e-01	8.000000000000000e-01	1.929638484317052e-03	6.605066514240455e-03	-9.094947017729284e-19	0.000000000000000e+00	2.957834693272139e+05	1.527152748181428e+04	8.534704998557508e-03	3.763295304631902e+04	8.374921835775338e+03	8.528829884881594e+03	3.994006160476399e-20	-inf	
27	6.000000000000000e-01	8.000000000000000e-01	1.929638484317052e-03	6.605066514240455e-03	0.000000000000000e+00	-6.134541763458478e-16	2.957834693272139e+05	1.527152748181428e+04	8.534704998557508e-03	3.763295304631902e+04	8.374921835775338e+03	8.528829884881594e+03	2.693957155241364e-17	-inf	
28	8.000000000000000e-01	8.000000000000000e-01	1.929638484317052e-03	6.605066514240455e-03	0.000000000000000e+00	1.964508555829519e-16	2.957834693272139e+05	1.527152748181428e+04	8.534704998557508e-03	3.763295304631902e+04	8.374921835775338e+03	8.528829884881594e+03	8.627053306628994e-18	-inf	
29	1.000000000000000e+00	8.000000000000000e-01	1.929638484317052e-03	6.605066514240455e-03	-8.217284630518167e-16	-1.841726771090193e-16	2.957834693272139e+05	1.527152748181428e+04	8.534704998557508e-03	3.763295304631902e+04	8.374921835775338e+03	8.528829884881594e+03	3.698110025951497e-17	-inf	
30	0.000000000000000e+00	1.000000000000000e+00	1.929638484317052e-03	6.605066514240455e-03	1.818989403545857e-18	-3.965396899729969e-16	2.957834693272139e+05	1.527152748181428e+04	8.534704998557508e-03	3.763295304631902e+04	8.374921835775338e+03	8.528829884881594e+03	1.741405007000510e-17	-inf	
31	2.000000000000000e-01	1.000000000000000e+00	1.929638484317052e-03	6.605066514240455e-03	0.000000000000000e+00	0.000000000000000e+00	2.957834693272139e+05	1.527152748181428e+04	8.534704998557508e-03	3.763295304631902e+04	8.374921835775338e+03	8.528829884881594e+03	0.000000000000000e+00	-inf	
32	3.999999999999999e-01	1.000000000000000e+00	1.929638484317052e-03	6.605066514240455e-03	0.000000000000000e+00	0.000000000000000e+00	2.957834693272139e+05	1.527152748181428e+04	8.534704998557508e-03	3.763295304631902e+04	8.374921835775338e+03	8.528829884881594e+03	0.000000000000000e+00	-inf	
33	6.000000000000000e-01	1.000000000000000e+00	1.929638484317052e-03	6.605066514240455e-03	2.103206497849897e-16	-5.734364094678282e-16	2.957834693272139e+05	1.527152748181428e+04	8.534704998557508e-03	3.763295304631902e+04	8.374921835775338e+03	8.528829884881594e+03	2.682256345552357e-17	-inf	
34	8.000000000000000e-01	1.000000000000000e+00	1.929638484317053e-03	6.605066514240455e-03	0.000000000000000e+00	2.587512426543930e-16	2.957834693272139e+05	1.527152748181428e+04	8.534704998557508e-03	3.763295304631902e+04	8.374921835775336e+03	8.528829884881594e+03	1.136294752655513e-17	-inf	
35	1.000000000000000e+00	1.000000000000000e+00	1.929638484317052e-03	6.605066514240455e-03	-4.188223101664334e-16	9.094947017729604e-19	2.957834693272139e+05	1.527152748181428e+04	8.534704998557508e-03	3.763295304631902e+04	8.374921835775338e+03	8.528829884881594e+03	1.839244173491620e-17	-inf	
EXT_ITER= 7213
AOA= 0.000000000000000e+00
SIDESLIP_ANGLE= 0.000000000000000e+00
INITIAL_BCTHRUST= 4.000000000000000e+03
DCD_DCL_VALUE= 0.000000000000000e+00
DCMX_DCL_VALUE= 0.000000000000000e+00
DCMY_DCL_VALUE= 0.000000000000000e+00
DCMZ_DCL_VALUE= 0.000000000000000e+00
