"PointID"	"x"	"y"	"Density[0]"	"Density[1]"	"Momentum_x"	"Momentum_y"	"Energy"	"Electronic_Energy"	"Total_Density"	"Pressure"	"Temperature"	"Tve"	"Mach"	"C<sub>p</sub>"
0	0.000000000000000e+00	0.000000000000000e+00	1.968777075921448e-03	6.565927922636040e-03	0.000000000000000e+00	0.000000000000000e+00	2.957834693272139e+05	1.590241329611670e+04	8.534704998557487e-03	3.798506519890794e+04	8.475191311639277e+03	8.656949911732874e+03	0.000000000000000e+00	-inf	
1	2.000000000000000e-01	0.000000000000000e+00	1.968777075921448e-03	6.565927922636040e-03	0.000000000000000e+00	1.165517460322015e-15	2.957834693272139e+05	1.590241329611670e+04	8.534704998557487e-03	3.798506519890794e+04	8.475191311639277e+03	8.656949911732874e+03	5.096279420195011e-17	-inf	
2	4.000000000000000e-01	0.000000000000000e+00	1.968777075921448e-03	6.565927922636040e-03	0.000000000000000e+00	-8.767528925090742e-16	2.957834693272139e+05	1.590241329611670e+04	8.534704998557487e-03	3.798506519890794e+04	8.475191311639277e+03	8.656949911732874e+03	3.833642888074756e-17	-inf	
3	6.000000000000001e-01	0.000000000000000e+00	1.968777075921448e-03	6.565927922636040e-03	0.000000000000000e+00	-6.384652806445871e-16	2.957834693272139e+05	1.590241329611670e+04	8.534704998557487e-03	3.798506519890794e+04	8.475191311639277e+03	8.656949911732874e+03	2.791719198577314e-17	-inf	
4	8.000000000000000e-01	0.000000000000000e+00	1.968777075921448e-03	6.565927922636040e-03	1.398348103975873e-16	0.000000000000000e+00	2.957834693272139e+05	1.590241329611670e+04	8.534704998557487e-03	3.798506519890794e+04	8.475191311639277e+03	8.656949911732874e+03	6.114342261841405e-18	-inf	
5	1.000000000000000e+00	0.000000000000000e+00	1.968777075921449e-03	6.565927922636040e-03	2.137312549166355e-16	7.185008144006119e-17	2.957834693272139e+05	1.590241329611670e+04	8.534704998557489e-03	3.798506519890796e+04	8.475191311639281e+03	8.656949911732874e+03	9.859436559653580e-18	-inf	
6	0.000000000000000e+00	2.000000000000000e-01	1.968777075921448e-03	6.565927922636040e-03	0.000000000000000e+00	0.000000000000000e+00	2.957834693272139e+05	1.590241329611670e+04	8.534704998557487e-03	3.798506519890794e+04	8.475191311639277e+03	8.656949911732874e+03	0.000000000000000e+00	-inf	
7	2.000000000000000e-01	2.000000000000000e-01	1.968777075921448e-03	6.565927922636040e-03	-4.720277502201387e-16	-1.818989403545857e-18	2.957834693272139e+05	1.590241329611670e+04	8.534704998557487e-03	3.798506519890794e+04	8.475191311639277e+03	8.656949911732874e+03	2.063978663948436e-17	-inf	
8	4.000000000000000e-01	2.000000000000000e-01	1.968777075921448e-03	6.565927922636040e-03	-5.818492354592343e-16	1.416537998011332e-16	2.957834693272139e+05	1.590241329611670e+04	8.534704998557487e-03	3.798506519890794e+04	8.475191311639277e+03	8.656949911732874e+03	2.618474015819046e-17	-inf	
9	5.999999999999999e-01	2.000000000000000e-01	1.968777075921448e-03	6.565927922636040e-03	0.000000000000000e+00	4.615685611497719e-16	2.957834693272139e+05	1.590241329611670e+04	8.534704998557487e-03	3.798506519890794e+04	8.475191311639277e+03	8.656949911732874e+03	2.018230047404614e-17	-inf	
10	7.999999999999999e-01	2.000000000000000e-01	1.968777075921448e-03	6.565927922636040e-03	1.289208739763130e-16	-3.176410245941911e-16	2.957834693272139e+05	1.590241329611670e+04	8.534704998557487e-03	3.798506519890794e+04	8.475191311639277e+03	8.656949911732874e+03	1.498938138095731e-17	-inf	
11	1.000000000000000e+00	2.000000000000000e-01	1.968777075921449e-03	6.565927922636040e-03	2.191882231272752e-16	-1.061835064319886e-16	2.957834693272139e+05	1.590241329611670e+04	8.534704998557489e-03	3.798506519890796e+04	8.475191311639281e+03	8.656949911732874e+03	1.064949989812181e-17	-inf	
12	0.000000000000000e+00	3.999999999999999e-01	1.968777075921448e-03	6.565927922636040e-03	-1.269654603675031e-15	0.000000000000000e+00	2.957834693272139e+05	1.590241329611670e+04	8.534704998557487e-03	3.798506519890794e+04	8.475191311639277e+03	8.656949911732874e+03	5.551623933353355e-17	-inf	
13	2.000000000000000e-01	3.999999999999999e-01	1.968777075921448e-03	6.565927922636040e-03	4.255182443679396e-16	0.000000000000000e+00	2.957834693272139e+05	1.590241329611670e+04	8.534704998557487e-03	3.798506519890794e+04	8.475191311639277e+03	8.656949911732874e+03	1.860598356965585e-17	-inf	
14	3.999999999999999e-01	4.000000000000001e-01	1.968777075921449e-03	6.565927922636040e-03	1.267492348355316e-16	0.000000000000000e+00	2.957834693272139e+05	1.590241329611670e+04	8.534704998557489e-03	3.798506519890796e+04	8.475191311639281e+03	8.656949911732874e+03	5.542169371184864e-18	-inf	
15	6.000000000000001e-01	4.000000000000000e-01	1.968777075921449e-03	6.565927922636040e-03	-4.142748366575791e-16	-9.094947017729280e-19	2.957834693272139e+05	1.590241329611670e+04	8.534704998557489e-03	3.798506519890796e+04	8.475191311639281e+03	8.656949911732874e+03	1.811440398011515e-17	-inf	
16	8.000000000000000e-01	4.000000000000000e-01	1.968777075921448e-03	6.565927922636040e-03	-1.505213731434197e-16	0.000000000000000e+00	2.957834693272139e+05	1.590241329611670e+04	8.534704998557487e-03	3.798506519890794e+04	8.475191311639277e+03	8.656949911732874e+03	6.581617198925239e-18	-inf	
17	1.000000000000000e+00	4.000000000000000e-01	1.968777075921448e-03	6.565927922636040e-03	0.000000000000000e+00	0.000000000000000e+00	2.957834693272139e+05	1.590241329611670e+04	8.534704998557487e-03	3.798506519890794e+04	8.475191311639277e+03	8.656949911732874e+03	0.000000000000000e+00	-inf	
18	0.000000000000000e+00	6.000000000000000e-01	1.968777075921448e-03	6.565927922636040e-03	8.767528925090742e-16	1.398348103975873e-16	2.957834693272139e+05	1.590241329611670e+04	8.534704998557487e-03	3.798506519890794e+04	8.475191311639277e+03	8.656949911732874e+03	3.882096032588009e-17	-inf	
19	2.000000000000000e-01	6.000000000000000e-01	1.968777075921448e-03	6.565927922636040e-03	1.543823148200116e-17	1.818989403545857e-18	2.957834693272139e+05	1.590241329611670e+04	8.534704998557487e-03	3.798506519890794e+04	8.475191311639277e+03	8.656949911732874e+03	6.797133392039359e-19	-inf	
20	4.000000000000001e-01	6.000000000000002e-01	1.968777075921448e-03	6.565927922636040e-03	0.000000000000000e+00	-1.416537998011333e-16	2.957834693272139e+05	1.590241329611670e+04	8.534704998557487e-03	3.798506519890794e+04	8.475191311639277e+03	8.656949911732874e+03	6.193878421345039e-18	-inf	
21	6.000000000000000e-01	6.000000000000001e-01	1.968777075921448e-03	6.565927922636040e-03	-1.543823148200080e-17	-1.441549102310093e-16	2.957834693272139e+05	1.590241329611670e+04	8.534704998557487e-03	3.798506519890794e+04	8.475191311639277e+03	8.656949911732874e+03	6.339284407322574e-18	-inf	
22	8.000000000000000e-01	6.000000000000001e-01	1.968777075921448e-03	6.565927922636040e-03	1.514308678451924e-16	-9.094947017729286e-19	2.957834693272139e+05	1.590241329611670e+04	8.534704998557487e-03	3.798506519890794e+04	8.475191311639277e+03	8.656949911732874e+03	6.621504701263016e-18	-inf	
23	1.000000000000000e+00	6.000000000000001e-01	1.968777075921449e-03	6.565927922636040e-03	8.294591680169312e-16	-9.094947017729280e-19	2.957834693272139e+05	1.590241329611670e+04	8.534704998557489e-03	3.798506519890796e+04	8.475191311639281e+03	8.656949911732874e+03	3.626851053632412e-17	-inf	
24	0.000000000000000e+00	8.000000000000000e-01	1.968777075921449e-03	6.565927922636040e-03	-2.055458026006829e-16	0.000000000000000e+00	2.957834693272139e+05	1.590241329611670e+04	8.534704998557489e-03	3.798506519890796e+04	8.475191311639281e+03	8.656949911732874e+03	8.987586023910037e-18	-inf	
25	2.000000000000000e-01	8.000000000000000e-01	1.968777075921448e-03	6.565927922636040e-03	-1.441549102310093e-16	4.711182555183656e-16	2.957834693272139e+05	1.590241329611670e+04	8.534704998557487e-03	3.798506519890794e+04	8.475191311639277e+03	8.656949911732874e+03	2.154263896145356e-17	-inf	
26	3.999999999999999e-01	8.000000000000000e-01	1.968777075921448e-03	6.565927922636040e-03	-9.094947017729284e-19	0.000000000000000e+00	2.957834693272139e+05	1.590241329611670e+04	8.534704998557487e-03	3.798506519890794e+04	8.475191311639277e+03	8.656949911732874e+03	3.976807975181413e-20	-inf	
27	6.000000000000000e-01	8.000000000000000e-01	1.968777075921448e-03	6.565927922636040e-03	0.000000000000000e+00	-5.654783308273194e-16	2.957834693272139e+05	1.590241329611670e+04	8.534704998557487e-03	3.798506519890794e+04	8.475191311639277e+03	8.656949911732874e+03	2.472580358569049e-17	-inf	
28	8.000000000000000e-01	8.000000000000000e-01	1.968777075921448e-03	6.565927922636040e-03	0.000000000000000e+00	1.391526893712573e-16	2.957834693272139e+05	1.590241329611670e+04	8.534704998557487e-03	3.798506519890794e+04	8.475191311639277e+03	8.656949911732874e+03	6.084516202027530e-18	-inf	
29	1.000000000000000e+00	8.000000000000000e-01	1.968777075921448e-03	6.565927922636040e-03	-6.366462912410414e-16	-1.266471372218813e-16	2.957834693272139e+05	1.590241329611670e+04	8.534704998557487e-03	3.798506519890794e+04	8.475191311639277e+03	8.656949911732874e+03	2.838311575103507e-17	-inf	
30	0.000000000000000e+00	1.000000000000000e+00	1.968777075921448e-03	6.565927922636040e-03	1.818989403545857e-18	-2.814886101987208e-16	2.957834693272139e+05	1.590241329611670e+04	8.534704998557487e-03	3.798506519890794e+04	8.475191311639277e+03	8.656949911732874e+03	1.230847766324850e-17	-inf	
31	2.000000000000000e-01	1.000000000000000e+00	1.968777075921448e-03	6.565927922636040e-03	0.000000000000000e+00	0.000000000000000e+00	2.957834693272139e+05	1.590241329611670e+04	8.534704998557487e-03	3.798506519890794e+04	8.475191311639277e+03	8.656949911732874e+03	0.000000000000000e+00	-inf	
32	3.999999999999999e-01	1.000000000000000e+00	1.968777075921448e-03	6.565927922636040e-03	0.000000000000000e+00	0.000000000000000e+00	2.957834693272139e+05	1.590241329611670e+04	8.534704998557487e-03	3.798506519890794e+04	8.475191311639277e+03	8.656949911732874e+03	0.000000000000000e+00	-inf	
33	6.000000000000000e-01	1.000000000000000e+00	1.968777075921448e-03	6.565927922636040e-03	1.527951098978516e-16	-3.806235326919768e-16	2.957834693272139e+05	1.590241329611670e+04	8.534704998557487e-03	3.798506519890794e+04	8.475191311639277e+03	8.656949911732874e+03	1.793387181751325e-17	-inf	
34	8.000000000000000e-01	1.000000000000000e+00	1.968777075921449e-03	6.565927922636040e-03	0.000000000000000e+00	2.455635694786857e-16	2.957834693272139e+05	1.590241329611670e+04	8.534704998557489e-03	3.798506519890796e+04	8.475191311639281e+03	8.656949911732874e+03	1.073738153298959e-17	-inf	
35	1.000000000000000e+00	1.000000000000000e+00	1.968777075921448e-03	6.565927922636040e-03	-3.037712303921573e-16	-1.027729013003406e-16	2.957834693272139e+05	1.590241329611670e+04	8.534704998557487e-03	3.798506519890794e+04	8.475191311639277e+03	8.656949911732874e+03	1.402212566911686e-17	-inf	
EXT_ITER= 6092
AOA= 0.000000000000000e+00
SIDESLIP_ANGLE= 0.000000000000000e+00
INITIAL_BCTHRUST= 4.000000000000000e+03
DCD_DCL_VALUE= 0.000000000000000e+00
DCMX_DCL_VALUE= 0.000000000000000e+00
DCMY_DCL_VALUE= 0.000000000000000e+00
DCMZ_DCL_VALUE= 0.000000000000000e+00
