"PointID"	"x"	"y"	"Density[0]"	"Density[1]"	"Momentum_x"	"Momentum_y"	"Energy"	"Electronic_Energy"	"Total_Density"	"Pressure"	"Temperature"	"Tve"	"Mach"	"C<sub>p</sub>"
0	0.000000000000000e+00	0.000000000000000e+00	2.207776342309628e-03	6.326928656247850e-03	0.000000000000000e+00	0.000000000000000e+00	2.957834693272139e+05	2.058786233104458e+04	8.534704998557479e-03	3.959475543824715e+04	8.976414486769418e+03	9.584860574010470e+03	0.000000000000000e+00	-inf	
1	2.000000000000000e-01	0.000000000000000e+00	2.207776342309628e-03	6.326928656247850e-03	0.000000000000000e+00	5.579749995376897e-16	2.957834693272139e+05	2.058786233104458e+04	8.534704998557479e-03	3.959475543824715e+04	8.976414486769418e+03	9.584860574010470e+03	2.394688395873319e-17	-inf	
2	4.000000000000000e-01	0.000000000000000e+00	2.207776342309628e-03	6.326928656247850e-03	0.000000000000000e+00	-4.288267518859431e-16	2.957834693272139e+05	2.058786233104458e+04	8.534704998557479e-03	3.959475543824715e+04	8.976414486769418e+03	9.584860574010470e+03	1.840416591123543e-17	-inf	
3	6.000000000000001e-01	0.000000000000000e+00	2.207776342309628e-03	6.326928656247850e-03	0.000000000000000e+00	-9.003997547551973e-17	2.957834693272139e+05	2.058786233104458e+04	8.534704998557479e-03	3.959475543824715e+04	8.976414486769418e+03	9.584860574010470e+03	3.864289342974066e-18	-inf	
4	8.000000000000000e-01	0.000000000000000e+00	2.207776342309628e-03	6.326928656247850e-03	4.199591785436490e-16	0.000000000000000e+00	2.957834693272139e+05	2.058786233104458e+04	8.534704998557479e-03	3.959475543824715e+04	8.976414486769418e+03	9.584860574010470e+03	1.802359196079066e-17	-inf	
5	1.000000000000000e+00	0.000000000000000e+00	2.207776342309628e-03	6.326928656247849e-03	7.794369594193972e-16	1.759872247930629e-16	2.957834693272139e+05	2.058786233104457e+04	8.534704998557477e-03	3.959475543824716e+04	8.976414486769421e+03	9.584860574010470e+03	3.429355448891633e-17	-inf	
6	0.000000000000000e+00	2.000000000000000e-01	2.207776342309628e-03	6.326928656247850e-03	0.000000000000000e+00	0.000000000000000e+00	2.957834693272139e+05	2.058786233104458e+04	8.534704998557479e-03	3.959475543824715e+04	8.976414486769418e+03	9.584860574010470e+03	0.000000000000000e+00	-inf	
7	2.000000000000000e-01	2.000000000000000e-01	2.207776342309628e-03	6.326928656247850e-03	-2.301021595485541e-16	-1.818989403545857e-18	2.957834693272139e+05	2.058786233104458e+04	8.534704998557479e-03	3.959475543824715e+04	8.976414486769418e+03	9.584860574010470e+03	9.875714656940098e-18	-inf	
8	4.000000000000000e-01	2.000000000000000e-01	2.207776342309628e-03	6.326928656247850e-03	-2.780780050670720e-16	4.217781679471948e-16	2.957834693272139e+05	2.058786233104458e+04	8.534704998557479e-03	3.959475543824715e+04	8.976414486769418e+03	9.584860574010470e+03	2.168179304325583e-17	-inf	
9	5.999999999999999e-01	2.000000000000000e-01	2.207776342309628e-03	6.326928656247850e-03	0.000000000000000e+00	4.658886609831814e-16	2.957834693272139e+05	2.058786233104458e+04	8.534704998557479e-03	3.959475543824715e+04	8.976414486769418e+03	9.584860574010470e+03	1.999476985796428e-17	-inf	
10	7.999999999999999e-01	2.000000000000000e-01	2.207776342309628e-03	6.326928656247850e-03	4.074536263942716e-16	-1.248281478183360e-16	2.957834693272139e+05	2.058786233104458e+04	8.534704998557479e-03	3.959475543824715e+04	8.976414486769418e+03	9.584860574010470e+03	1.828912036207600e-17	-inf	
11	1.000000000000000e+00	2.000000000000000e-01	2.207776342309628e-03	6.326928656247849e-03	7.862581696826950e-16	-3.915374691132449e-16	2.957834693272139e+05	2.058786233104457e+04	8.534704998557477e-03	3.959475543824716e+04	8.976414486769421e+03	9.584860574010470e+03	3.769669009549774e-17	-inf	
12	0.000000000000000e+00	3.999999999999999e-01	2.207776342309628e-03	6.326928656247850e-03	-6.439222488552242e-16	0.000000000000000e+00	2.957834693272139e+05	2.058786233104458e+04	8.534704998557479e-03	3.959475543824715e+04	8.976414486769418e+03	9.584860574010470e+03	2.763552378611723e-17	-inf	
13	2.000000000000000e-01	3.999999999999999e-01	2.207776342309628e-03	6.326928656247850e-03	5.503862279098012e-16	0.000000000000000e+00	2.957834693272139e+05	2.058786233104458e+04	8.534704998557479e-03	3.959475543824715e+04	8.976414486769418e+03	9.584860574010470e+03	2.362119296233919e-17	-inf	
14	3.999999999999999e-01	4.000000000000001e-01	2.207776342309628e-03	6.326928656247849e-03	3.564364827567233e-16	0.000000000000000e+00	2.957834693272139e+05	2.058786233104457e+04	8.534704998557477e-03	3.959475543824716e+04	8.976414486769421e+03	9.584860574010470e+03	1.529735758467025e-17	-inf	
15	6.000000000000001e-01	4.000000000000000e-01	2.207776342309628e-03	6.326928656247849e-03	-4.208686732454228e-16	-9.094947017729280e-19	2.957834693272139e+05	2.058786233104457e+04	8.534704998557477e-03	3.959475543824716e+04	8.976414486769421e+03	9.584860574010470e+03	1.806266736171244e-17	-inf	
16	8.000000000000000e-01	4.000000000000000e-01	2.207776342309628e-03	6.326928656247850e-03	-4.226876626489680e-16	0.000000000000000e+00	2.957834693272139e+05	2.058786233104458e+04	8.534704998557479e-03	3.959475543824715e+04	8.976414486769418e+03	9.584860574010470e+03	1.814069163785050e-17	-inf	
17	1.000000000000000e+00	4.000000000000000e-01	2.207776342309628e-03	6.326928656247850e-03	0.000000000000000e+00	0.000000000000000e+00	2.957834693272139e+05	2.058786233104458e+04	8.534704998557479e-03	3.959475543824715e+04	8.976414486769418e+03	9.584860574010470e+03	0.000000000000000e+00	-inf	
18	0.000000000000000e+00	6.000000000000000e-01	2.207776342309628e-03	6.326928656247850e-03	4.288267518859431e-16	4.199591785436489e-16	2.957834693272139e+05	2.058786233104458e+04	8.534704998557479e-03	3.959475543824715e+04	8.976414486769418e+03	9.584860574010470e+03	2.575972030238989e-17	-inf	
19	2.000000000000000e-01	6.000000000000000e-01	2.207776342309628e-03	6.326928656247850e-03	-1.927026941375782e-17	1.818989403545857e-18	2.957834693272139e+05	2.058786233104458e+04	8.534704998557479e-03	3.959475543824715e+04	8.976414486769418e+03	9.584860574010470e+03	8.307078226908324e-19	-inf	
20	4.000000000000001e-01	6.000000000000002e-01	2.207776342309628e-03	6.326928656247850e-03	0.000000000000000e+00	-4.217781679471951e-16	2.957834693272139e+05	2.058786233104458e+04	8.534704998557479e-03	3.959475543824715e+04	8.976414486769418e+03	9.584860574010470e+03	1.810165841216389e-17	-inf	
21	6.000000000000000e-01	6.000000000000001e-01	2.207776342309628e-03	6.326928656247850e-03	1.927026941375779e-17	-4.226876626489677e-16	2.957834693272139e+05	2.058786233104458e+04	8.534704998557479e-03	3.959475543824715e+04	8.976414486769418e+03	9.584860574010470e+03	1.815953397572272e-17	-inf	
22	8.000000000000000e-01	6.000000000000001e-01	2.207776342309628e-03	6.326928656247850e-03	4.235971573507409e-16	-9.094947017729286e-19	2.957834693272139e+05	2.058786233104458e+04	8.534704998557479e-03	3.959475543824715e+04	8.976414486769418e+03	9.584860574010470e+03	1.817976676711273e-17	-inf	
23	1.000000000000000e+00	6.000000000000001e-01	2.207776342309628e-03	6.326928656247849e-03	8.426468411926185e-16	-9.094947017729280e-19	2.957834693272139e+05	2.058786233104457e+04	8.534704998557477e-03	3.959475543824716e+04	8.976414486769421e+03	9.584860574010470e+03	3.616430466351672e-17	-inf	
24	0.000000000000000e+00	8.000000000000000e-01	2.207776342309628e-03	6.326928656247849e-03	-7.544258551206455e-16	0.000000000000000e+00	2.957834693272139e+05	2.058786233104457e+04	8.534704998557477e-03	3.959475543824716e+04	8.976414486769421e+03	9.584860574010470e+03	3.237806070704040e-17	-inf	
25	2.000000000000000e-01	8.000000000000000e-01	2.207776342309628e-03	6.326928656247850e-03	-4.226876626489677e-16	2.291926648467812e-16	2.957834693272139e+05	2.058786233104458e+04	8.534704998557479e-03	3.959475543824715e+04	8.976414486769418e+03	9.584860574010470e+03	2.063586500238750e-17	-inf	
26	3.999999999999999e-01	8.000000000000000e-01	2.207776342309628e-03	6.326928656247850e-03	-9.094947017729284e-19	0.000000000000000e+00	2.957834693272139e+05	2.058786233104458e+04	8.534704998557479e-03	3.959475543824715e+04	8.976414486769418e+03	9.584860574010470e+03	3.903322568660681e-20	-inf	
27	6.000000000000000e-01	8.000000000000000e-01	2.207776342309628e-03	6.326928656247850e-03	0.000000000000000e+00	-2.139586285920851e-16	2.957834693272139e+05	2.058786233104458e+04	8.534704998557479e-03	3.959475543824715e+04	8.976414486769418e+03	9.584860574010470e+03	9.182566342774410e-18	-inf	
28	8.000000000000000e-01	8.000000000000000e-01	2.207776342309628e-03	6.326928656247850e-03	0.000000000000000e+00	4.192770575173195e-16	2.957834693272139e+05	2.058786233104458e+04	8.534704998557479e-03	3.959475543824715e+04	8.976414486769418e+03	9.584860574010470e+03	1.799431704152571e-17	-inf	
29	1.000000000000000e+00	8.000000000000000e-01	2.207776342309628e-03	6.326928656247850e-03	-8.822098607197387e-17	-4.054072633152830e-16	2.957834693272139e+05	2.058786233104458e+04	8.534704998557479e-03	3.959475543824715e+04	8.976414486769418e+03	9.584860574010470e+03	1.780625690146692e-17	-inf	
30	0.000000000000000e+00	1.000000000000000e+00	2.207776342309628e-03	6.326928656247850e-03	1.818989403545857e-18	-8.417373464908440e-16	2.957834693272139e+05	2.058786233104458e+04	8.534704998557479e-03	3.959475543824715e+04	8.976414486769418e+03	9.584860574010470e+03	3.612533472342481e-17	-inf	
31	2.000000000000000e-01	1.000000000000000e+00	2.207776342309628e-03	6.326928656247850e-03	0.000000000000000e+00	0.000000000000000e+00	2.957834693272139e+05	2.058786233104458e+04	8.534704998557479e-03	3.959475543824715e+04	8.976414486769418e+03	9.584860574010470e+03	0.000000000000000e+00	-inf	
32	3.999999999999999e-01	1.000000000000000e+00	2.207776342309628e-03	6.326928656247850e-03	0.000000000000000e+00	0.000000000000000e+00	2.957834693272139e+05	2.058786233104458e+04	8.534704998557479e-03	3.959475543824715e+04	8.976414486769418e+03	9.584860574010470e+03	0.000000000000000e+00	-inf	
33	6.000000000000000e-01	1.000000000000000e+00	2.207776342309628e-03	6.326928656247850e-03	4.249613994033999e-16	-8.731149137020095e-17	2.957834693272139e+05	2.058786233104458e+04	8.534704998557479e-03	3.959475543824715e+04	8.976414486769418e+03	9.584860574010470e+03	1.861923990125245e-17	-inf	
34	8.000000000000000e-01	1.000000000000000e+00	2.207776342309628e-03	6.326928656247849e-03	0.000000000000000e+00	8.944880391936724e-16	2.957834693272139e+05	2.058786233104457e+04	8.534704998557477e-03	3.959475543824716e+04	8.976414486769421e+03	9.584860574010470e+03	3.838917746277767e-17	-inf	
35	1.000000000000000e+00	1.000000000000000e+00	2.207776342309628e-03	6.326928656247850e-03	-8.481038094032540e-16	-1.764419721439494e-16	2.957834693272139e+05	2.058786233104458e+04	8.534704998557479e-03	3.959475543824715e+04	8.976414486769418e+03	9.584860574010470e+03	3.717783609090162e-17	-inf	
EXT_ITER= 2397
AOA= 0.000000000000000e+00
SIDESLIP_ANGLE= 0.000000000000000e+00
INITIAL_BCTHRUST= 4.000000000000000e+03
DCD_DCL_VALUE= 0.000000000000000e+00
DCMX_DCL_VALUE= 0.000000000000000e+00
DCMY_DCL_VALUE= 0.000000000000000e+00
DCMZ_DCL_VALUE= 0.000000000000000e+00
