"PointID"	"x"	"y"	"Density[0]"	"Density[1]"	"Momentum_x"	"Momentum_y"	"Energy"	"Electronic_Energy"	"Total_Density"	"Pressure"	"Temperature"	"Tve"	"Mach"	"C<sub>p</sub>"
0	0.000000000000000e+00	0.000000000000000e+00	1.973459954695572e-03	6.561245043861911e-03	0.000000000000000e+00	0.000000000000000e+00	2.957834693272139e+05	1.597922650838525e+04	8.534704998557482e-03	3.802627201827946e+04	8.487017258656724e+03	8.672526815471188e+03	0.000000000000000e+00	-inf	
1	2.000000000000000e-01	0.000000000000000e+00	1.973459954695572e-03	6.561245043861911e-03	0.000000000000000e+00	1.155058271251625e-15	2.957834693272139e+05	1.597922650838525e+04	8.534704998557482e-03	3.802627201827946e+04	8.487017258656724e+03	8.672526815471188e+03	5.048015234075601e-17	-inf	
2	4.000000000000000e-01	0.000000000000000e+00	1.973459954695572e-03	6.561245043861911e-03	0.000000000000000e+00	-8.653842087369136e-16	2.957834693272139e+05	1.597922650838525e+04	8.534704998557482e-03	3.802627201827946e+04	8.487017258656724e+03	8.672526815471188e+03	3.782036610411620e-17	-inf	
3	6.000000000000001e-01	0.000000000000000e+00	1.973459954695572e-03	6.561245043861911e-03	0.000000000000000e+00	-6.157279131002658e-16	2.957834693272139e+05	1.597922650838525e+04	8.534704998557482e-03	3.802627201827946e+04	8.487017258656724e+03	8.672526815471188e+03	2.690949853125298e-17	-inf	
4	8.000000000000000e-01	0.000000000000000e+00	1.973459954695572e-03	6.561245043861911e-03	1.170974428532641e-16	0.000000000000000e+00	2.957834693272139e+05	1.597922650838525e+04	8.534704998557482e-03	3.802627201827946e+04	8.487017258656724e+03	8.672526815471188e+03	5.117574499112031e-18	-inf	
5	1.000000000000000e+00	0.000000000000000e+00	1.973459954695572e-03	6.561245043861911e-03	1.723492459859671e-16	8.458300726488215e-17	2.957834693272139e+05	1.597922650838525e+04	8.534704998557484e-03	3.802627201827941e+04	8.487017258656713e+03	8.672526815471188e+03	8.390461947246184e-18	-inf	
6	0.000000000000000e+00	2.000000000000000e-01	1.973459954695572e-03	6.561245043861911e-03	0.000000000000000e+00	0.000000000000000e+00	2.957834693272139e+05	1.597922650838525e+04	8.534704998557482e-03	3.802627201827946e+04	8.487017258656724e+03	8.672526815471188e+03	0.000000000000000e+00	-inf	
7	2.000000000000000e-01	2.000000000000000e-01	1.973459954695572e-03	6.561245043861911e-03	-4.613411874743054e-16	-1.818989403545857e-18	2.957834693272139e+05	1.597922650838525e+04	8.534704998557482e-03	3.802627201827946e+04	8.487017258656724e+03	8.672526815471188e+03	2.016240654226904e-17	-inf	
8	4.000000000000000e-01	2.000000000000000e-01	1.973459954695572e-03	6.561245043861911e-03	-5.766196409240393e-16	1.189164322568099e-16	2.957834693272139e+05	1.597922650838525e+04	8.534704998557482e-03	3.802627201827946e+04	8.487017258656724e+03	8.672526815471188e+03	2.573064470981462e-17	-inf	
9	5.999999999999999e-01	2.000000000000000e-01	1.973459954695572e-03	6.561245043861911e-03	0.000000000000000e+00	4.283720045350602e-16	2.957834693272139e+05	1.597922650838525e+04	8.534704998557482e-03	3.802627201827946e+04	8.487017258656724e+03	8.672526815471188e+03	1.872137933267447e-17	-inf	
10	7.999999999999999e-01	2.000000000000000e-01	1.973459954695572e-03	6.561245043861911e-03	1.059561327565466e-16	-3.067270881729168e-16	2.957834693272139e+05	1.597922650838525e+04	8.534704998557482e-03	3.802627201827946e+04	8.487017258656724e+03	8.672526815471188e+03	1.418233942716600e-17	-inf	
11	1.000000000000000e+00	2.000000000000000e-01	1.973459954695572e-03	6.561245043861911e-03	1.805346983019257e-16	-8.549250196665441e-17	2.957834693272139e+05	1.597922650838525e+04	8.534704998557484e-03	3.802627201827941e+04	8.487017258656713e+03	8.672526815471188e+03	8.729969127852596e-18	-inf	
12	0.000000000000000e+00	3.999999999999999e-01	1.973459954695572e-03	6.561245043861911e-03	-1.269654603675030e-15	0.000000000000000e+00	2.957834693272139e+05	1.597922650838525e+04	8.534704998557482e-03	3.802627201827946e+04	8.487017258656724e+03	8.672526815471188e+03	5.548841942338289e-17	-inf	
13	2.000000000000000e-01	3.999999999999999e-01	1.973459954695572e-03	6.561245043861911e-03	4.062739370080713e-16	0.000000000000000e+00	2.957834693272139e+05	1.597922650838525e+04	8.534704998557482e-03	3.802627201827946e+04	8.487017258656724e+03	8.672526815471188e+03	1.775561522971719e-17	-inf	
14	3.999999999999999e-01	4.000000000000001e-01	1.973459954695572e-03	6.561245043861911e-03	1.036395749931283e-16	0.000000000000000e+00	2.957834693272139e+05	1.597922650838525e+04	8.534704998557484e-03	3.802627201827941e+04	8.487017258656713e+03	8.672526815471188e+03	4.529417834924636e-18	-inf	
15	6.000000000000001e-01	4.000000000000000e-01	1.973459954695572e-03	6.561245043861911e-03	-3.824425220955261e-16	-9.094947017729280e-19	2.957834693272139e+05	1.597922650838525e+04	8.534704998557484e-03	3.802627201827941e+04	8.487017258656713e+03	8.672526815471188e+03	1.671414494737468e-17	-inf	
16	8.000000000000000e-01	4.000000000000000e-01	1.973459954695572e-03	6.561245043861911e-03	-1.282387529499829e-16	0.000000000000000e+00	2.957834693272139e+05	1.597922650838525e+04	8.534704998557482e-03	3.802627201827946e+04	8.487017258656724e+03	8.672526815471188e+03	5.604489354367373e-18	-inf	
17	1.000000000000000e+00	4.000000000000000e-01	1.973459954695572e-03	6.561245043861911e-03	0.000000000000000e+00	0.000000000000000e+00	2.957834693272139e+05	1.597922650838525e+04	8.534704998557482e-03	3.802627201827946e+04	8.487017258656724e+03	8.672526815471188e+03	0.000000000000000e+00	-inf	
18	0.000000000000000e+00	6.000000000000000e-01	1.973459954695572e-03	6.561245043861911e-03	8.653842087369136e-16	1.170974428532640e-16	2.957834693272139e+05	1.597922650838525e+04	8.534704998557482e-03	3.802627201827946e+04	8.487017258656724e+03	8.672526815471188e+03	3.816503191408784e-17	-inf	
19	2.000000000000000e-01	6.000000000000000e-01	1.973459954695572e-03	6.561245043861911e-03	1.651263628938708e-17	1.818989403545857e-18	2.957834693272139e+05	1.597922650838525e+04	8.534704998557482e-03	3.802627201827946e+04	8.487017258656724e+03	8.672526815471188e+03	7.260262540545978e-19	-inf	
20	4.000000000000001e-01	6.000000000000002e-01	1.973459954695572e-03	6.561245043861911e-03	0.000000000000000e+00	-1.189164322568101e-16	2.957834693272139e+05	1.597922650838525e+04	8.534704998557482e-03	3.802627201827946e+04	8.487017258656724e+03	8.672526815471188e+03	5.197070802010864e-18	-inf	
21	6.000000000000000e-01	6.000000000000001e-01	1.973459954695572e-03	6.561245043861911e-03	-1.651263628938671e-17	-1.223270373884590e-16	2.957834693272139e+05	1.597922650838525e+04	8.534704998557482e-03	3.802627201827946e+04	8.487017258656724e+03	8.672526815471188e+03	5.394614131041806e-18	-inf	
22	8.000000000000000e-01	6.000000000000001e-01	1.973459954695572e-03	6.561245043861911e-03	1.291482476517556e-16	-9.094947017729286e-19	2.957834693272139e+05	1.597922650838525e+04	8.534704998557482e-03	3.802627201827946e+04	8.487017258656724e+03	8.672526815471188e+03	5.644377462361323e-18	-inf	
23	1.000000000000000e+00	6.000000000000001e-01	1.973459954695572e-03	6.561245043861911e-03	7.657945388928252e-16	-9.094947017729280e-19	2.957834693272139e+05	1.597922650838525e+04	8.534704998557484e-03	3.802627201827941e+04	8.487017258656713e+03	8.672526815471188e+03	3.346796712381448e-17	-inf	
24	0.000000000000000e+00	8.000000000000000e-01	1.973459954695572e-03	6.561245043861911e-03	-1.637090463191282e-16	0.000000000000000e+00	2.957834693272139e+05	1.597922650838525e+04	8.534704998557484e-03	3.802627201827941e+04	8.487017258656713e+03	8.672526815471188e+03	7.154667260894570e-18	-inf	
25	2.000000000000000e-01	8.000000000000000e-01	1.973459954695572e-03	6.561245043861911e-03	-1.223270373884590e-16	4.604316927725323e-16	2.957834693272139e+05	1.597922650838525e+04	8.534704998557482e-03	3.802627201827946e+04	8.487017258656724e+03	8.672526815471188e+03	2.082057013324822e-17	-inf	
26	3.999999999999999e-01	8.000000000000000e-01	1.973459954695572e-03	6.561245043861911e-03	-9.094947017729284e-19	0.000000000000000e+00	2.957834693272139e+05	1.597922650838525e+04	8.534704998557482e-03	3.802627201827946e+04	8.487017258656724e+03	8.672526815471188e+03	3.974815144941400e-20	-inf	
27	6.000000000000000e-01	8.000000000000000e-01	1.973459954695572e-03	6.561245043861911e-03	0.000000000000000e+00	-5.541096470551563e-16	2.957834693272139e+05	1.597922650838525e+04	8.534704998557482e-03	3.802627201827946e+04	8.487017258656724e+03	8.672526815471188e+03	2.421656127055546e-17	-inf	
28	8.000000000000000e-01	8.000000000000000e-01	1.973459954695572e-03	6.561245043861911e-03	0.000000000000000e+00	1.161879481514908e-16	2.957834693272139e+05	1.597922650838525e+04	8.534704998557482e-03	3.802627201827946e+04	8.487017258656724e+03	8.672526815471188e+03	5.077826347662603e-18	-inf	
29	1.000000000000000e+00	8.000000000000000e-01	1.973459954695572e-03	6.561245043861911e-03	-6.139089236967201e-16	-1.039097696775581e-16	2.957834693272139e+05	1.597922650838525e+04	8.534704998557482e-03	3.802627201827946e+04	8.487017258656724e+03	8.672526815471188e+03	2.721161068201249e-17	-inf	
30	0.000000000000000e+00	1.000000000000000e+00	1.973459954695572e-03	6.561245043861911e-03	1.818989403545857e-18	-2.360138751100743e-16	2.957834693272139e+05	1.597922650838525e+04	8.534704998557482e-03	3.802627201827946e+04	8.487017258656724e+03	8.672526815471188e+03	1.031495164070832e-17	-inf	
31	2.000000000000000e-01	1.000000000000000e+00	1.973459954695572e-03	6.561245043861911e-03	0.000000000000000e+00	0.000000000000000e+00	2.957834693272139e+05	1.597922650838525e+04	8.534704998557482e-03	3.802627201827946e+04	8.487017258656724e+03	8.672526815471188e+03	0.000000000000000e+00	-inf	
32	3.999999999999999e-01	1.000000000000000e+00	1.973459954695572e-03	6.561245043861911e-03	0.000000000000000e+00	0.000000000000000e+00	2.957834693272139e+05	1.597922650838525e+04	8.534704998557482e-03	3.802627201827946e+04	8.487017258656724e+03	8.672526815471188e+03	0.000000000000000e+00	-inf	
33	6.000000000000000e-01	1.000000000000000e+00	1.973459954695572e-03	6.561245043861911e-03	1.305124897044149e-16	-3.692548489198149e-16	2.957834693272139e+05	1.597922650838525e+04	8.534704998557482e-03	3.802627201827946e+04	8.487017258656724e+03	8.672526815471188e+03	1.711610278089033e-17	-inf	
34	8.000000000000000e-01	1.000000000000000e+00	1.973459954695572e-03	6.561245043861911e-03	0.000000000000000e+00	2.160049916710656e-16	2.957834693272139e+05	1.597922650838525e+04	8.534704998557484e-03	3.802627201827941e+04	8.487017258656713e+03	8.672526815471188e+03	9.440185969235616e-18	-inf	
35	1.000000000000000e+00	1.000000000000000e+00	1.973459954695572e-03	6.561245043861911e-03	-2.592059900052837e-16	-1.141415850725023e-16	2.957834693272139e+05	1.597922650838525e+04	8.534704998557482e-03	3.802627201827946e+04	8.487017258656724e+03	8.672526815471188e+03	1.237791197350799e-17	-inf	
EXT_ITER= 5972
AOA= 0.000000000000000e+00
SIDESLIP_ANGLE= 0.000000000000000e+00
INITIAL_BCTHRUST= 4.000000000000000e+03
DCD_DCL_VALUE= 0.000000000000000e+00
DCMX_DCL_VALUE= 0.000000000000000e+00
DCMY_DCL_VALUE= 0.000000000000000e+00
DCMZ_DCL_VALUE= 0.000000000000000e+00
