"PointID"	"x"	"y"	"Density[0]"	"Density[1]"	"Momentum_x"	"Momentum_y"	"Energy"	"Electronic_Energy"	"Total_Density"	"Pressure"	"Temperature"	"Tve"	"Mach"	"C<sub>p</sub>"
0	0.000000000000000e+00	0.000000000000000e+00	2.517675981067345e-03	6.017029017490147e-03	0.000000000000000e+00	0.000000000000000e+00	2.957834693272139e+05	2.951770092025334e+04	8.534704998557492e-03	3.990157732224013e+04	9.238619924154671e+03	1.127123293862284e+04	0.000000000000000e+00	-inf	
1	2.000000000000000e-01	0.000000000000000e+00	2.517675981067345e-03	6.017029017490147e-03	0.000000000000000e+00	2.019078237935920e-16	2.957834693272139e+05	2.951770092025334e+04	8.534704998557492e-03	3.990157732224013e+04	9.238619924154671e+03	1.127123293862284e+04	8.655919683189231e-18	-inf	
2	4.000000000000000e-01	0.000000000000000e+00	2.517675981067345e-03	6.017029017490147e-03	0.000000000000000e+00	-1.527951098978527e-16	2.957834693272139e+05	2.951770092025334e+04	8.534704998557492e-03	3.990157732224013e+04	9.238619924154671e+03	1.127123293862284e+04	6.550425706197225e-18	-inf	
3	6.000000000000001e-01	0.000000000000000e+00	2.517675981067345e-03	6.017029017490147e-03	0.000000000000000e+00	-9.003997547551973e-17	2.957834693272139e+05	2.951770092025334e+04	8.534704998557492e-03	3.990157732224013e+04	9.238619924154671e+03	1.127123293862284e+04	3.860072291151909e-18	-inf	
4	8.000000000000000e-01	0.000000000000000e+00	2.517675981067345e-03	6.017029017490147e-03	2.846718416549264e-16	0.000000000000000e+00	2.957834693272139e+05	2.951770092025334e+04	8.534704998557492e-03	3.990157732224013e+04	9.238619924154671e+03	1.127123293862284e+04	1.220406694071262e-17	-inf	
5	1.000000000000000e+00	0.000000000000000e+00	2.517675981067345e-03	6.017029017490148e-03	5.602487362921230e-16	3.547029336914415e-17	2.957834693272139e+05	2.951770092025335e+04	8.534704998557494e-03	3.990157732224008e+04	9.238619924154660e+03	1.127123293862285e+04	2.406631641811295e-17	-inf	
6	0.000000000000000e+00	2.000000000000000e-01	2.517675981067345e-03	6.017029017490147e-03	0.000000000000000e+00	0.000000000000000e+00	2.957834693272139e+05	2.951770092025334e+04	8.534704998557492e-03	3.990157732224013e+04	9.238619924154671e+03	1.127123293862284e+04	0.000000000000000e+00	-inf	
7	2.000000000000000e-01	2.000000000000000e-01	2.517675981067345e-03	6.017029017490147e-03	-9.072209650185034e-17	-1.818989403545857e-18	2.957834693272139e+05	2.951770092025334e+04	8.534704998557492e-03	3.990157732224013e+04	9.238619924154671e+03	1.127123293862284e+04	3.890096951502924e-18	-inf	
8	4.000000000000000e-01	2.000000000000000e-01	2.517675981067345e-03	6.017029017490147e-03	-1.000444171950231e-16	2.864908310584721e-16	2.957834693272139e+05	2.951770092025334e+04	8.534704998557492e-03	3.990157732224013e+04	9.238619924154671e+03	1.127123293862284e+04	1.300937988031476e-17	-inf	
9	5.999999999999999e-01	2.000000000000000e-01	2.517675981067345e-03	6.017029017490147e-03	0.000000000000000e+00	3.287823346909136e-16	2.957834693272139e+05	2.951770092025334e+04	8.534704998557492e-03	3.990157732224013e+04	9.238619924154671e+03	1.127123293862284e+04	1.409511245708503e-17	-inf	
10	7.999999999999999e-01	2.000000000000000e-01	2.517675981067345e-03	6.017029017490147e-03	2.819433575496077e-16	-6.161826604511592e-17	2.957834693272139e+05	2.951770092025334e+04	8.534704998557492e-03	3.990157732224013e+04	9.238619924154671e+03	1.127123293862284e+04	1.237238850465251e-17	-inf	
11	1.000000000000000e+00	2.000000000000000e-01	2.517675981067345e-03	6.017029017490148e-03	5.593392415903505e-16	-2.783053787425159e-16	2.957834693272139e+05	2.951770092025335e+04	8.534704998557494e-03	3.990157732224008e+04	9.238619924154660e+03	1.127123293862285e+04	2.678349732188127e-17	-inf	
12	0.000000000000000e+00	3.999999999999999e-01	2.517675981067345e-03	6.017029017490147e-03	-2.432898327242613e-16	0.000000000000000e+00	2.957834693272139e+05	2.951770092025334e+04	8.534704998557492e-03	3.990157732224013e+04	9.238619924154671e+03	1.127123293862284e+04	1.042999331195101e-17	-inf	
13	2.000000000000000e-01	3.999999999999999e-01	2.517675981067345e-03	6.017029017490147e-03	3.600809475676915e-16	0.000000000000000e+00	2.957834693272139e+05	2.951770092025334e+04	8.534704998557492e-03	3.990157732224013e+04	9.238619924154671e+03	1.127123293862284e+04	1.543690434095763e-17	-inf	
14	3.999999999999999e-01	4.000000000000001e-01	2.517675981067345e-03	6.017029017490148e-03	2.577627936182367e-16	0.000000000000000e+00	2.957834693272139e+05	2.951770092025335e+04	8.534704998557494e-03	3.990157732224008e+04	9.238619924154660e+03	1.127123293862285e+04	1.105045855555772e-17	-inf	
15	6.000000000000001e-01	4.000000000000000e-01	2.517675981067345e-03	6.017029017490148e-03	-3.167315298924221e-16	-9.094947017729280e-19	2.957834693272139e+05	2.951770092025335e+04	8.534704998557494e-03	3.990157732224008e+04	9.238619924154660e+03	1.127123293862285e+04	1.357854260082541e-17	-inf	
16	8.000000000000000e-01	4.000000000000000e-01	2.517675981067345e-03	6.017029017490147e-03	-2.855813363566997e-16	0.000000000000000e+00	2.957834693272139e+05	2.951770092025334e+04	8.534704998557492e-03	3.990157732224013e+04	9.238619924154671e+03	1.127123293862284e+04	1.224305756991619e-17	-inf	
17	1.000000000000000e+00	4.000000000000000e-01	2.517675981067345e-03	6.017029017490147e-03	0.000000000000000e+00	0.000000000000000e+00	2.957834693272139e+05	2.951770092025334e+04	8.534704998557492e-03	3.990157732224013e+04	9.238619924154671e+03	1.127123293862284e+04	0.000000000000000e+00	-inf	
18	0.000000000000000e+00	6.000000000000000e-01	2.517675981067345e-03	6.017029017490147e-03	1.527951098978527e-16	2.846718416549263e-16	2.957834693272139e+05	2.951770092025334e+04	8.534704998557492e-03	3.990157732224013e+04	9.238619924154671e+03	1.127123293862284e+04	1.385089624630132e-17	-inf	
19	2.000000000000000e-01	6.000000000000000e-01	2.517675981067345e-03	6.017029017490147e-03	-3.795887475868069e-18	1.818989403545857e-18	2.957834693272139e+05	2.951770092025334e+04	8.534704998557492e-03	3.990157732224013e+04	9.238619924154671e+03	1.127123293862284e+04	1.804517495068321e-19	-inf	
20	4.000000000000001e-01	6.000000000000002e-01	2.517675981067345e-03	6.017029017490147e-03	0.000000000000000e+00	-2.864908310584724e-16	2.957834693272139e+05	2.951770092025334e+04	8.534704998557492e-03	3.990157732224013e+04	9.238619924154671e+03	1.127123293862284e+04	1.228204819911973e-17	-inf	
21	6.000000000000000e-01	6.000000000000001e-01	2.517675981067345e-03	6.017029017490147e-03	3.795887475867984e-18	-2.855813363566995e-16	2.957834693272139e+05	2.951770092025334e+04	8.534704998557492e-03	3.990157732224013e+04	9.238619924154671e+03	1.127123293862284e+04	1.224413902312119e-17	-inf	
22	8.000000000000000e-01	6.000000000000001e-01	2.517675981067345e-03	6.017029017490147e-03	2.864908310584725e-16	-9.094947017729286e-19	2.957834693272139e+05	2.951770092025334e+04	8.534704998557492e-03	3.990157732224013e+04	9.238619924154671e+03	1.127123293862284e+04	1.228211008885143e-17	-inf	
23	1.000000000000000e+00	6.000000000000001e-01	2.517675981067345e-03	6.017029017490148e-03	6.343725544866170e-16	-9.094947017729280e-19	2.957834693272139e+05	2.951770092025335e+04	8.534704998557494e-03	3.990157732224008e+04	9.238619924154660e+03	1.127123293862285e+04	2.719599181973688e-17	-inf	
24	0.000000000000000e+00	8.000000000000000e-01	2.517675981067345e-03	6.017029017490148e-03	-5.461515684146429e-16	0.000000000000000e+00	2.957834693272139e+05	2.951770092025335e+04	8.534704998557494e-03	3.990157732224008e+04	9.238619924154660e+03	1.127123293862285e+04	2.341387283673460e-17	-inf	
25	2.000000000000000e-01	8.000000000000000e-01	2.517675981067345e-03	6.017029017490147e-03	-2.855813363566995e-16	8.981260180007738e-17	2.957834693272139e+05	2.951770092025334e+04	8.534704998557492e-03	3.990157732224013e+04	9.238619924154671e+03	1.127123293862284e+04	1.283422995143543e-17	-inf	
26	3.999999999999999e-01	8.000000000000000e-01	2.517675981067345e-03	6.017029017490147e-03	-9.094947017729284e-19	0.000000000000000e+00	2.957834693272139e+05	2.951770092025334e+04	8.534704998557492e-03	3.990157732224013e+04	9.238619924154671e+03	1.127123293862284e+04	3.899062920355472e-20	-inf	
27	6.000000000000000e-01	8.000000000000000e-01	2.517675981067345e-03	6.017029017490147e-03	0.000000000000000e+00	-7.594280759803989e-17	2.957834693272139e+05	2.951770092025334e+04	8.534704998557492e-03	3.990157732224013e+04	9.238619924154671e+03	1.127123293862284e+04	3.255717538496835e-18	-inf	
28	8.000000000000000e-01	8.000000000000000e-01	2.517675981067345e-03	6.017029017490147e-03	0.000000000000000e+00	2.874003257602453e-16	2.957834693272139e+05	2.951770092025334e+04	8.534704998557492e-03	3.990157732224013e+04	9.238619924154671e+03	1.127123293862284e+04	1.232103882832329e-17	-inf	
29	1.000000000000000e+00	8.000000000000000e-01	2.517675981067345e-03	6.017029017490147e-03	-8.822098607197387e-17	-2.833075996022670e-16	2.957834693272139e+05	2.951770092025334e+04	8.534704998557492e-03	3.990157732224013e+04	9.238619924154671e+03	1.127123293862284e+04	1.272082349269905e-17	-inf	
30	0.000000000000000e+00	1.000000000000000e+00	2.517675981067345e-03	6.017029017490147e-03	1.818989403545857e-18	-5.711626727133986e-16	2.957834693272139e+05	2.951770092025334e+04	8.534704998557492e-03	3.990157732224013e+04	9.238619924154671e+03	1.127123293862284e+04	2.448623931349584e-17	-inf	
31	2.000000000000000e-01	1.000000000000000e+00	2.517675981067345e-03	6.017029017490147e-03	0.000000000000000e+00	0.000000000000000e+00	2.957834693272139e+05	2.951770092025334e+04	8.534704998557492e-03	3.990157732224013e+04	9.238619924154671e+03	1.127123293862284e+04	0.000000000000000e+00	-inf	
32	3.999999999999999e-01	1.000000000000000e+00	2.517675981067345e-03	6.017029017490147e-03	0.000000000000000e+00	0.000000000000000e+00	2.957834693272139e+05	2.951770092025334e+04	8.534704998557492e-03	3.990157732224013e+04	9.238619924154671e+03	1.127123293862284e+04	0.000000000000000e+00	-inf	
33	6.000000000000000e-01	1.000000000000000e+00	2.517675981067345e-03	6.017029017490147e-03	2.878550731111318e-16	-8.731149137020095e-17	2.957834693272139e+05	2.951770092025334e+04	8.534704998557492e-03	3.990157732224013e+04	9.238619924154671e+03	1.127123293862284e+04	1.289571958301242e-17	-inf	
34	8.000000000000000e-01	1.000000000000000e+00	2.517675981067345e-03	6.017029017490148e-03	0.000000000000000e+00	5.493347998708490e-16	2.957834693272139e+05	2.951770092025335e+04	8.534704998557494e-03	3.990157732224008e+04	9.238619924154660e+03	1.127123293862285e+04	2.355034003894707e-17	-inf	
35	1.000000000000000e+00	1.000000000000000e+00	2.517675981067345e-03	6.017029017490147e-03	-5.738911568187177e-16	-2.410160959698256e-17	2.957834693272139e+05	2.951770092025334e+04	8.534704998557492e-03	3.990157732224013e+04	9.238619924154671e+03	1.127123293862284e+04	2.462477411676176e-17	-inf	
EXT_ITER= 909
AOA= 0.000000000000000e+00
SIDESLIP_ANGLE= 0.000000000000000e+00
INITIAL_BCTHRUST= 4.000000000000000e+03
DCD_DCL_VALUE= 0.000000000000000e+00
DCMX_DCL_VALUE= 0.000000000000000e+00
DCMY_DCL_VALUE= 0.000000000000000e+00
DCMZ_DCL_VALUE= 0.000000000000000e+00
