"PointID"	"x"	"y"	"Density[0]"	"Density[1]"	"Momentum_x"	"Momentum_y"	"Energy"	"Electronic_Energy"	"Total_Density"	"Pressure"	"Temperature"	"Tve"	"Mach"	"C<sub>p</sub>"
0	0.000000000000000e+00	0.000000000000000e+00	2.084563849146847e-03	6.450141149410632e-03	0.000000000000000e+00	0.000000000000000e+00	2.957834693272139e+05	1.793103964569010e+04	8.534704998557479e-03	3.891829455437551e+04	8.750508622519839e+03	9.063310132590037e+03	0.000000000000000e+00	-inf	
1	2.000000000000000e-01	0.000000000000000e+00	2.084563849146847e-03	6.450141149410632e-03	0.000000000000000e+00	8.244569471571353e-16	2.957834693272139e+05	1.793103964569010e+04	8.534704998557479e-03	3.891829455437551e+04	8.750508622519839e+03	9.063310132590037e+03	3.565104931721694e-17	-inf	
2	4.000000000000000e-01	0.000000000000000e+00	2.084563849146847e-03	6.450141149410632e-03	0.000000000000000e+00	-6.862137524876618e-16	2.957834693272139e+05	1.793103964569010e+04	8.534704998557479e-03	3.891829455437551e+04	8.750508622519839e+03	9.063310132590037e+03	2.967315687792661e-17	-inf	
3	6.000000000000001e-01	0.000000000000000e+00	2.084563849146847e-03	6.450141149410632e-03	0.000000000000000e+00	-2.146407496184133e-16	2.957834693272139e+05	1.793103964569010e+04	8.534704998557479e-03	3.891829455437551e+04	8.750508622519839e+03	9.063310132590037e+03	9.281464576793750e-18	-inf	
4	8.000000000000000e-01	0.000000000000000e+00	2.084563849146847e-03	6.450141149410632e-03	1.471107680117705e-16	0.000000000000000e+00	2.957834693272139e+05	1.793103964569010e+04	8.534704998557479e-03	3.891829455437551e+04	8.750508622519839e+03	9.063310132590037e+03	6.361342776679519e-18	-inf	
5	1.000000000000000e+00	0.000000000000000e+00	2.084563849146847e-03	6.450141149410632e-03	2.423803380224829e-16	4.042703949380735e-16	2.957834693272139e+05	1.793103964569010e+04	8.534704998557479e-03	3.891829455437553e+04	8.750508622519841e+03	9.063310132590035e+03	2.038259775092522e-17	-inf	
6	0.000000000000000e+00	2.000000000000000e-01	2.084563849146847e-03	6.450141149410632e-03	0.000000000000000e+00	0.000000000000000e+00	2.957834693272139e+05	1.793103964569010e+04	8.534704998557479e-03	3.891829455437551e+04	8.750508622519839e+03	9.063310132590037e+03	0.000000000000000e+00	-inf	
7	2.000000000000000e-01	2.000000000000000e-01	2.084563849146847e-03	6.450141149410632e-03	-3.428795025683877e-16	-1.818989403545857e-18	2.957834693272139e+05	1.793103964569010e+04	8.534704998557479e-03	3.891829455437551e+04	8.750508622519839e+03	9.063310132590037e+03	1.482695501543890e-17	-inf	
8	4.000000000000000e-01	2.000000000000000e-01	2.084563849146847e-03	6.450141149410632e-03	-4.113189788767948e-16	1.489297574153163e-16	2.957834693272139e+05	1.793103964569010e+04	8.534704998557479e-03	3.891829455437551e+04	8.750508622519839e+03	9.063310132590037e+03	1.891619341913117e-17	-inf	
9	5.999999999999999e-01	2.000000000000000e-01	2.084563849146847e-03	6.450141149410632e-03	0.000000000000000e+00	2.610249794088325e-16	2.957834693272139e+05	1.793103964569010e+04	8.534704998557479e-03	3.891829455437551e+04	8.750508622519839e+03	9.063310132590037e+03	1.128720480313474e-17	-inf	
10	7.999999999999999e-01	2.000000000000000e-01	2.084563849146847e-03	6.450141149410632e-03	1.359694579150529e-16	-2.162323653465175e-16	2.957834693272139e+05	1.793103964569010e+04	8.534704998557479e-03	3.891829455437551e+04	8.750508622519839e+03	9.063310132590037e+03	1.104523740514679e-17	-inf	
11	1.000000000000000e+00	2.000000000000000e-01	2.084563849146847e-03	6.450141149410632e-03	2.592059900052836e-16	-1.248281478183335e-16	2.957834693272139e+05	1.793103964569010e+04	8.534704998557479e-03	3.891829455437553e+04	8.750508622519841e+03	9.063310132590035e+03	1.244057113299396e-17	-inf	
12	0.000000000000000e+00	3.999999999999999e-01	2.084563849146847e-03	6.450141149410632e-03	-8.985807653516248e-16	0.000000000000000e+00	2.957834693272139e+05	1.793103964569010e+04	8.534704998557479e-03	3.891829455437551e+04	8.750508622519839e+03	9.063310132590037e+03	3.885630085538915e-17	-inf	
13	2.000000000000000e-01	3.999999999999999e-01	2.084563849146847e-03	6.450141149410632e-03	3.278489229119564e-16	0.000000000000000e+00	2.957834693272139e+05	1.793103964569010e+04	8.534704998557479e-03	3.891829455437551e+04	8.750508622519839e+03	9.063310132590037e+03	1.417679620462090e-17	-inf	
14	3.999999999999999e-01	4.000000000000001e-01	2.084563849146847e-03	6.450141149410632e-03	1.050227209775877e-16	0.000000000000000e+00	2.957834693272139e+05	1.793103964569010e+04	8.534704998557479e-03	3.891829455437553e+04	8.750508622519841e+03	9.063310132590035e+03	4.541377470237610e-18	-inf	
15	6.000000000000001e-01	4.000000000000000e-01	2.084563849146847e-03	6.450141149410632e-03	-2.130491338903102e-16	-9.094947017729280e-19	2.957834693272139e+05	1.793103964569010e+04	8.534704998557479e-03	3.891829455437553e+04	8.750508622519841e+03	9.063310132590035e+03	9.212724101895404e-18	-inf	
16	8.000000000000000e-01	4.000000000000000e-01	2.084563849146847e-03	6.450141149410632e-03	-1.527951098978516e-16	0.000000000000000e+00	2.957834693272139e+05	1.793103964569010e+04	8.534704998557479e-03	3.891829455437551e+04	8.750508622519839e+03	9.063310132590037e+03	6.607144275005634e-18	-inf	
17	1.000000000000000e+00	4.000000000000000e-01	2.084563849146847e-03	6.450141149410632e-03	0.000000000000000e+00	0.000000000000000e+00	2.957834693272139e+05	1.793103964569010e+04	8.534704998557479e-03	3.891829455437551e+04	8.750508622519839e+03	9.063310132590037e+03	0.000000000000000e+00	-inf	
18	0.000000000000000e+00	6.000000000000000e-01	2.084563849146847e-03	6.450141149410632e-03	6.862137524876618e-16	1.471107680117704e-16	2.957834693272139e+05	1.793103964569010e+04	8.534704998557479e-03	3.891829455437551e+04	8.750508622519839e+03	9.063310132590037e+03	3.034737090794615e-17	-inf	
19	2.000000000000000e-01	6.000000000000000e-01	2.084563849146847e-03	6.450141149410632e-03	-4.461307454124251e-17	1.818989403545857e-18	2.957834693272139e+05	1.793103964569010e+04	8.534704998557479e-03	3.891829455437551e+04	8.750508622519839e+03	9.063310132590037e+03	1.930755031808660e-18	-inf	
20	4.000000000000001e-01	6.000000000000002e-01	2.084563849146847e-03	6.450141149410632e-03	0.000000000000000e+00	-1.489297574153165e-16	2.957834693272139e+05	1.793103964569010e+04	8.534704998557479e-03	3.891829455437551e+04	8.750508622519839e+03	9.063310132590037e+03	6.439999256143877e-18	-inf	
21	6.000000000000000e-01	6.000000000000001e-01	2.084563849146847e-03	6.450141149410632e-03	4.461307454124270e-17	-1.555235940031704e-16	2.957834693272139e+05	1.793103964569010e+04	8.534704998557479e-03	3.891829455437551e+04	8.750508622519839e+03	9.063310132590037e+03	6.996355346875356e-18	-inf	
22	8.000000000000000e-01	6.000000000000001e-01	2.084563849146847e-03	6.450141149410632e-03	1.537046045996243e-16	-9.094947017729286e-19	2.957834693272139e+05	1.793103964569010e+04	8.534704998557479e-03	3.891829455437551e+04	8.750508622519839e+03	9.063310132590037e+03	6.646588869458185e-18	-inf	
23	1.000000000000000e+00	6.000000000000001e-01	2.084563849146847e-03	6.450141149410632e-03	4.270077624823934e-16	-9.094947017729280e-19	2.957834693272139e+05	1.793103964569010e+04	8.534704998557479e-03	3.891829455437553e+04	8.750508622519841e+03	9.063310132590035e+03	1.846465043731891e-17	-inf	
24	0.000000000000000e+00	8.000000000000000e-01	2.084563849146847e-03	6.450141149410632e-03	-2.087290340568881e-16	0.000000000000000e+00	2.957834693272139e+05	1.793103964569010e+04	8.534704998557479e-03	3.891829455437553e+04	8.750508622519841e+03	9.063310132590035e+03	9.025831018534545e-18	-inf	
25	2.000000000000000e-01	8.000000000000000e-01	2.084563849146847e-03	6.450141149410632e-03	-1.555235940031704e-16	3.419700078666148e-16	2.957834693272139e+05	1.793103964569010e+04	8.534704998557479e-03	3.891829455437551e+04	8.750508622519839e+03	9.063310132590037e+03	1.624484826691529e-17	-inf	
26	3.999999999999999e-01	8.000000000000000e-01	2.084563849146847e-03	6.450141149410632e-03	-9.094947017729284e-19	0.000000000000000e+00	2.957834693272139e+05	1.793103964569010e+04	8.534704998557479e-03	3.891829455437551e+04	8.750508622519839e+03	9.063310132590037e+03	3.932823973217650e-20	-inf	
27	6.000000000000000e-01	8.000000000000000e-01	2.084563849146847e-03	6.450141149410632e-03	0.000000000000000e+00	-3.533386916387755e-16	2.957834693272139e+05	1.793103964569010e+04	8.534704998557479e-03	3.891829455437551e+04	8.750508622519839e+03	9.063310132590037e+03	1.527902113595026e-17	-inf	
28	8.000000000000000e-01	8.000000000000000e-01	2.084563849146847e-03	6.450141149410632e-03	0.000000000000000e+00	1.468833943363269e-16	2.957834693272139e+05	1.793103964569010e+04	8.534704998557479e-03	3.891829455437551e+04	8.750508622519839e+03	9.063310132590037e+03	6.351510716746459e-18	-inf	
29	1.000000000000000e+00	8.000000000000000e-01	2.084563849146847e-03	6.450141149410632e-03	-2.128217602148674e-16	-1.364242052659399e-16	2.957834693272139e+05	1.793103964569010e+04	8.534704998557479e-03	3.891829455437551e+04	8.750508622519839e+03	9.063310132590037e+03	1.093126990728806e-17	-inf	
30	0.000000000000000e+00	1.000000000000000e+00	2.084563849146847e-03	6.450141149410632e-03	1.818989403545857e-18	-2.960405254270871e-16	2.957834693272139e+05	1.793103964569010e+04	8.534704998557479e-03	3.891829455437551e+04	8.750508622519839e+03	9.063310132590037e+03	1.280158367871307e-17	-inf	
31	2.000000000000000e-01	1.000000000000000e+00	2.084563849146847e-03	6.450141149410632e-03	0.000000000000000e+00	0.000000000000000e+00	2.957834693272139e+05	1.793103964569010e+04	8.534704998557479e-03	3.891829455437551e+04	8.750508622519839e+03	9.063310132590037e+03	0.000000000000000e+00	-inf	
32	3.999999999999999e-01	1.000000000000000e+00	2.084563849146847e-03	6.450141149410632e-03	0.000000000000000e+00	0.000000000000000e+00	2.957834693272139e+05	1.793103964569010e+04	8.534704998557479e-03	3.891829455437551e+04	8.750508622519839e+03	9.063310132590037e+03	0.000000000000000e+00	-inf	
33	6.000000000000000e-01	1.000000000000000e+00	2.084563849146847e-03	6.450141149410632e-03	1.550688466522834e-16	-1.905391400214302e-16	2.957834693272139e+05	1.793103964569010e+04	8.534704998557479e-03	3.891829455437551e+04	8.750508622519839e+03	9.063310132590037e+03	1.062303003333354e-17	-inf	
34	8.000000000000000e-01	1.000000000000000e+00	2.084563849146847e-03	6.450141149410632e-03	0.000000000000000e+00	6.666596163995611e-16	2.957834693272139e+05	1.793103964569010e+04	8.534704998557479e-03	3.891829455437553e+04	8.750508622519841e+03	9.063310132590035e+03	2.882759972368555e-17	-inf	
35	1.000000000000000e+00	1.000000000000000e+00	2.084563849146847e-03	6.450141149410632e-03	-3.083187039010209e-16	-3.910827217623656e-16	2.957834693272139e+05	1.793103964569010e+04	8.534704998557479e-03	3.891829455437551e+04	8.750508622519839e+03	9.063310132590037e+03	2.153453670178752e-17	-inf	
EXT_ITER= 3797
AOA= 0.000000000000000e+00
SIDESLIP_ANGLE= 0.000000000000000e+00
INITIAL_BCTHRUST= 4.000000000000000e+03
DCD_DCL_VALUE= 0.000000000000000e+00
DCMX_DCL_VALUE= 0.000000000000000e+00
DCMY_DCL_VALUE= 0.000000000000000e+00
DCMZ_DCL_VALUE= 0.000000000000000e+00
