"PointID"	"x"	"y"	"Density[0]"	"Density[1]"	"Momentum_x"	"Momentum_y"	"Energy"	"Electronic_Energy"	"Total_Density"	"Pressure"	"Temperature"	"Tve"	"Mach"	"C<sub>p</sub>"
0	0.000000000000000e+00	0.000000000000000e+00	1.918855469262441e-03	6.615849529295069e-03	0.000000000000000e+00	0.000000000000000e+00	2.957834693272139e+05	1.510093593721834e+04	8.534704998557510e-03	3.753367836548097e+04	8.346884115616924e+03	8.494095990884996e+03	0.000000000000000e+00	-inf	
1	2.000000000000000e-01	0.000000000000000e+00	1.918855469262441e-03	6.615849529295069e-03	0.000000000000000e+00	1.302851160289745e-15	2.957834693272139e+05	1.510093593721834e+04	8.534704998557510e-03	3.753367836548097e+04	8.346884115616924e+03	8.494095990884996e+03	5.728437520933269e-17	-inf	
2	4.000000000000000e-01	0.000000000000000e+00	1.918855469262441e-03	6.615849529295069e-03	0.000000000000000e+00	-1.011358108371483e-15	2.957834693272139e+05	1.510093593721834e+04	8.534704998557510e-03	3.753367836548097e+04	8.346884115616924e+03	8.494095990884996e+03	4.446787101764459e-17	-inf	
3	6.000000000000001e-01	0.000000000000000e+00	1.918855469262441e-03	6.615849529295069e-03	0.000000000000000e+00	-8.885763236321213e-16	2.957834693272139e+05	1.510093593721834e+04	8.534704998557510e-03	3.753367836548097e+04	8.346884115616924e+03	8.494095990884996e+03	3.906934351100529e-17	-inf	
4	8.000000000000000e-01	0.000000000000000e+00	1.918855469262441e-03	6.615849529295069e-03	2.614797267597168e-16	0.000000000000000e+00	2.957834693272139e+05	1.510093593721834e+04	8.534704998557510e-03	3.753367836548097e+04	8.346884115616924e+03	8.494095990884996e+03	1.149686413450808e-17	-inf	
5	1.000000000000000e+00	0.000000000000000e+00	1.918855469262442e-03	6.615849529295069e-03	4.633875505533061e-16	-6.502887117676422e-17	2.957834693272139e+05	1.510093593721835e+04	8.534704998557510e-03	3.753367836548098e+04	8.346884115616927e+03	8.494095990884996e+03	2.057408698077193e-17	-inf	
6	0.000000000000000e+00	2.000000000000000e-01	1.918855469262441e-03	6.615849529295069e-03	0.000000000000000e+00	0.000000000000000e+00	2.957834693272139e+05	1.510093593721834e+04	8.534704998557510e-03	3.753367836548097e+04	8.346884115616924e+03	8.494095990884996e+03	0.000000000000000e+00	-inf	
7	2.000000000000000e-01	2.000000000000000e-01	1.918855469262441e-03	6.615849529295069e-03	-6.007212505210252e-16	-1.818989403545857e-18	2.957834693272139e+05	1.510093593721834e+04	8.534704998557510e-03	3.753367836548097e+04	8.346884115616924e+03	8.494095990884996e+03	2.641291677694575e-17	-inf	
8	4.000000000000000e-01	2.000000000000000e-01	1.918855469262441e-03	6.615849529295069e-03	-6.505160854430995e-16	2.632987161632626e-16	2.957834693272139e+05	1.510093593721834e+04	8.534704998557510e-03	3.753367836548097e+04	8.346884115616924e+03	8.494095990884996e+03	3.085626415849103e-17	-inf	
9	5.999999999999999e-01	2.000000000000000e-01	1.918855469262441e-03	6.615849529295069e-03	0.000000000000000e+00	7.178186933742850e-16	2.957834693272139e+05	1.510093593721834e+04	8.534704998557510e-03	3.753367836548097e+04	8.346884115616924e+03	8.494095990884996e+03	3.156139136751485e-17	-inf	
10	7.999999999999999e-01	2.000000000000000e-01	1.918855469262441e-03	6.615849529295069e-03	2.492015482857828e-16	-4.536104825092344e-16	2.957834693272139e+05	1.510093593721834e+04	8.534704998557510e-03	3.753367836548097e+04	8.346884115616924e+03	8.494095990884996e+03	2.275613258590980e-17	-inf	
11	1.000000000000000e+00	2.000000000000000e-01	1.918855469262442e-03	6.615849529295069e-03	4.647517926059675e-16	-2.310116542503239e-16	2.957834693272139e+05	1.510093593721835e+04	8.534704998557510e-03	3.753367836548098e+04	8.346884115616927e+03	8.494095990884996e+03	2.281962075907835e-17	-inf	
12	0.000000000000000e+00	3.999999999999999e-01	1.918855469262441e-03	6.615849529295069e-03	-1.262378646060865e-15	0.000000000000000e+00	2.957834693272139e+05	1.510093593721834e+04	8.534704998557510e-03	3.753367836548097e+04	8.346884115616924e+03	8.494095990884996e+03	5.550486058677472e-17	-inf	
13	2.000000000000000e-01	3.999999999999999e-01	1.918855469262441e-03	6.615849529295069e-03	5.798002699892426e-16	0.000000000000000e+00	2.957834693272139e+05	1.510093593721834e+04	8.534704998557510e-03	3.753367836548097e+04	8.346884115616924e+03	8.494095990884996e+03	2.549293213596994e-17	-inf	
14	3.999999999999999e-01	4.000000000000001e-01	1.918855469262442e-03	6.615849529295069e-03	2.007683530253726e-16	0.000000000000000e+00	2.957834693272139e+05	1.510093593721835e+04	8.534704998557510e-03	3.753367836548098e+04	8.346884115616927e+03	8.494095990884996e+03	8.827477777513348e-18	-inf	
15	6.000000000000001e-01	4.000000000000000e-01	1.918855469262442e-03	6.615849529295069e-03	-6.632490112679102e-16	-9.094947017729280e-19	2.957834693272139e+05	1.510093593721835e+04	8.534704998557510e-03	3.753367836548098e+04	8.346884115616927e+03	8.494095990884996e+03	2.916207322695458e-17	-inf	
16	8.000000000000000e-01	4.000000000000000e-01	1.918855469262441e-03	6.615849529295069e-03	-2.696651790756733e-16	0.000000000000000e+00	2.957834693272139e+05	1.510093593721834e+04	8.534704998557510e-03	3.753367836548097e+04	8.346884115616924e+03	8.494095990884996e+03	1.185676596828399e-17	-inf	
17	1.000000000000000e+00	4.000000000000000e-01	1.918855469262441e-03	6.615849529295069e-03	0.000000000000000e+00	0.000000000000000e+00	2.957834693272139e+05	1.510093593721834e+04	8.534704998557510e-03	3.753367836548097e+04	8.346884115616924e+03	8.494095990884996e+03	0.000000000000000e+00	-inf	
18	0.000000000000000e+00	6.000000000000000e-01	1.918855469262441e-03	6.615849529295069e-03	1.011358108371483e-15	2.614797267597167e-16	2.957834693272139e+05	1.510093593721834e+04	8.534704998557510e-03	3.753367836548097e+04	8.346884115616924e+03	8.494095990884996e+03	4.593004939872385e-17	-inf	
19	2.000000000000000e-01	6.000000000000000e-01	1.918855469262441e-03	6.615849529295069e-03	1.045398428838757e-17	1.818989403545857e-18	2.957834693272139e+05	1.510093593721834e+04	8.534704998557510e-03	3.753367836548097e+04	8.346884115616924e+03	8.494095990884996e+03	4.665519233458700e-19	-inf	
20	4.000000000000001e-01	6.000000000000002e-01	1.918855469262441e-03	6.615849529295069e-03	0.000000000000000e+00	-2.632987161632628e-16	2.957834693272139e+05	1.510093593721834e+04	8.534704998557510e-03	3.753367836548097e+04	8.346884115616924e+03	8.494095990884996e+03	1.157684231979162e-17	-inf	
21	6.000000000000000e-01	6.000000000000001e-01	1.918855469262441e-03	6.615849529295069e-03	-1.045398428838714e-17	-2.753495209617544e-16	2.957834693272139e+05	1.510093593721834e+04	8.534704998557510e-03	3.753367836548097e+04	8.346884115616924e+03	8.494095990884996e+03	1.211542016366272e-17	-inf	
22	8.000000000000000e-01	6.000000000000001e-01	1.918855469262441e-03	6.615849529295069e-03	3.051354724448177e-16	-9.094947017729286e-19	2.957834693272139e+05	1.510093593721834e+04	8.534704998557510e-03	3.753367836548097e+04	8.346884115616924e+03	8.494095990884996e+03	1.341640017744381e-17	-inf	
23	1.000000000000000e+00	6.000000000000001e-01	1.918855469262442e-03	6.615849529295069e-03	1.258285919902851e-15	-9.094947017729280e-19	2.957834693272139e+05	1.510093593721835e+04	8.534704998557510e-03	3.753367836548098e+04	8.346884115616927e+03	8.494095990884996e+03	5.532492412203097e-17	-inf	
24	0.000000000000000e+00	8.000000000000000e-01	1.918855469262442e-03	6.615849529295069e-03	-4.292814992368241e-16	0.000000000000000e+00	2.957834693272139e+05	1.510093593721835e+04	8.534704998557510e-03	3.753367836548098e+04	8.346884115616927e+03	8.494095990884996e+03	1.887485172691422e-17	-inf	
25	2.000000000000000e-01	8.000000000000000e-01	1.918855469262441e-03	6.615849529295069e-03	-2.753495209617545e-16	5.998117558192520e-16	2.957834693272139e+05	1.510093593721834e+04	8.534704998557510e-03	3.753367836548097e+04	8.346884115616924e+03	8.494095990884996e+03	2.901890865230389e-17	-inf	
26	3.999999999999999e-01	8.000000000000000e-01	1.918855469262441e-03	6.615849529295069e-03	-9.094947017729284e-19	0.000000000000000e+00	2.957834693272139e+05	1.510093593721834e+04	8.534704998557510e-03	3.753367836548097e+04	8.346884115616924e+03	8.494095990884996e+03	3.998909264176724e-20	-inf	
27	6.000000000000000e-01	8.000000000000000e-01	1.918855469262441e-03	6.615849529295069e-03	0.000000000000000e+00	-6.295977073023194e-16	2.957834693272139e+05	1.510093593721834e+04	8.534704998557510e-03	3.753367836548097e+04	8.346884115616924e+03	8.494095990884996e+03	2.768244938126381e-17	-inf	
28	8.000000000000000e-01	8.000000000000000e-01	1.918855469262441e-03	6.615849529295069e-03	0.000000000000000e+00	2.594333636807271e-16	2.957834693272139e+05	1.510093593721834e+04	8.534704998557510e-03	3.753367836548097e+04	8.346884115616924e+03	8.494095990884996e+03	1.140688867606407e-17	-inf	
29	1.000000000000000e+00	8.000000000000000e-01	1.918855469262441e-03	6.615849529295069e-03	-8.867573342285756e-16	-2.482920535840108e-16	2.957834693272139e+05	1.510093593721834e+04	8.534704998557510e-03	3.753367836548097e+04	8.346884115616924e+03	8.494095990884996e+03	4.048891186743856e-17	-inf	
30	0.000000000000000e+00	1.000000000000000e+00	1.918855469262441e-03	6.615849529295069e-03	1.818989403545857e-18	-5.247784429229797e-16	2.957834693272139e+05	1.510093593721834e+04	8.534704998557510e-03	3.753367836548097e+04	8.346884115616924e+03	8.494095990884996e+03	2.307384506425648e-17	-inf	
31	2.000000000000000e-01	1.000000000000000e+00	1.918855469262441e-03	6.615849529295069e-03	0.000000000000000e+00	0.000000000000000e+00	2.957834693272139e+05	1.510093593721834e+04	8.534704998557510e-03	3.753367836548097e+04	8.346884115616924e+03	8.494095990884996e+03	0.000000000000000e+00	-inf	
32	3.999999999999999e-01	1.000000000000000e+00	1.918855469262441e-03	6.615849529295069e-03	0.000000000000000e+00	0.000000000000000e+00	2.957834693272139e+05	1.510093593721834e+04	8.534704998557510e-03	3.753367836548097e+04	8.346884115616924e+03	8.494095990884996e+03	0.000000000000000e+00	-inf	
33	6.000000000000000e-01	1.000000000000000e+00	1.918855469262441e-03	6.615849529295069e-03	2.719389158301053e-16	-6.371010385919278e-16	2.957834693272139e+05	1.510093593721834e+04	8.534704998557510e-03	3.753367836548097e+04	8.346884115616924e+03	8.494095990884996e+03	3.045744374111675e-17	-inf	
34	8.000000000000000e-01	1.000000000000000e+00	1.918855469262442e-03	6.615849529295069e-03	0.000000000000000e+00	3.442437446210477e-16	2.957834693272139e+05	1.510093593721835e+04	8.534704998557510e-03	3.753367836548098e+04	8.346884115616927e+03	8.494095990884996e+03	1.513587156490865e-17	-inf	
35	1.000000000000000e+00	1.000000000000000e+00	1.918855469262441e-03	6.615849529295069e-03	-5.420588422566646e-16	3.183231456205248e-17	2.957834693272139e+05	1.510093593721834e+04	8.534704998557510e-03	3.753367836548097e+04	8.346884115616924e+03	8.494095990884996e+03	2.387456001755597e-17	-inf	
EXT_ITER= 7563
AOA= 0.000000000000000e+00
SIDESLIP_ANGLE= 0.000000000000000e+00
INITIAL_BCTHRUST= 4.000000000000000e+03
DCD_DCL_VALUE= 0.000000000000000e+00
DCMX_DCL_VALUE= 0.000000000000000e+00
DCMY_DCL_VALUE= 0.000000000000000e+00
DCMZ_DCL_VALUE= 0.000000000000000e+00
