"PointID"	"x"	"y"	"Density[0]"	"Density[1]"	"Momentum_x"	"Momentum_y"	"Energy"	"Electronic_Energy"	"Total_Density"	"Pressure"	"Temperature"	"Tve"	"Mach"	"C<sub>p</sub>"
0	0.000000000000000e+00	0.000000000000000e+00	2.039539685305874e-03	6.495165313251607e-03	0.000000000000000e+00	0.000000000000000e+00	2.957834693272139e+05	1.710473021919253e+04	8.534704998557480e-03	3.857987307954700e+04	8.648431422712518e+03	8.898642892287173e+03	0.000000000000000e+00	-inf	
1	2.000000000000000e-01	0.000000000000000e+00	2.039539685305874e-03	6.495165313251607e-03	0.000000000000000e+00	9.517862054053482e-16	2.957834693272139e+05	1.710473021919253e+04	8.534704998557480e-03	3.857987307954700e+04	8.648431422712518e+03	8.898642892287173e+03	4.132079416657141e-17	-inf	
2	4.000000000000000e-01	0.000000000000000e+00	2.039539685305874e-03	6.495165313251607e-03	0.000000000000000e+00	-7.503331289626478e-16	2.957834693272139e+05	1.710473021919253e+04	8.534704998557480e-03	3.857987307954700e+04	8.648431422712518e+03	8.898642892287173e+03	3.257492134488424e-17	-inf	
3	6.000000000000001e-01	0.000000000000000e+00	2.039539685305874e-03	6.495165313251607e-03	0.000000000000000e+00	-3.606146492529719e-16	2.957834693272139e+05	1.710473021919253e+04	8.534704998557480e-03	3.857987307954700e+04	8.648431422712518e+03	8.898642892287173e+03	1.565570462211772e-17	-inf	
4	8.000000000000000e-01	0.000000000000000e+00	2.039539685305874e-03	6.495165313251607e-03	1.296029950026417e-16	0.000000000000000e+00	2.957834693272139e+05	1.710473021919253e+04	8.534704998557480e-03	3.857987307954700e+04	8.648431422712518e+03	8.898642892287173e+03	5.626577323207386e-18	-inf	
5	1.000000000000000e+00	0.000000000000000e+00	2.039539685305874e-03	6.495165313251607e-03	2.005435817409281e-16	2.673914423212444e-16	2.957834693272139e+05	1.710473021919253e+04	8.534704998557480e-03	3.857987307954703e+04	8.648431422712521e+03	8.898642892287171e+03	1.451064678090338e-17	-inf	
6	0.000000000000000e+00	2.000000000000000e-01	2.039539685305874e-03	6.495165313251607e-03	0.000000000000000e+00	0.000000000000000e+00	2.957834693272139e+05	1.710473021919253e+04	8.534704998557480e-03	3.857987307954700e+04	8.648431422712518e+03	8.898642892287173e+03	0.000000000000000e+00	-inf	
7	2.000000000000000e-01	2.000000000000000e-01	2.039539685305874e-03	6.495165313251607e-03	-3.772129275603129e-16	-1.818989403545857e-18	2.957834693272139e+05	1.710473021919253e+04	8.534704998557480e-03	3.857987307954700e+04	8.648431422712518e+03	8.898642892287173e+03	1.637649176857958e-17	-inf	
8	4.000000000000000e-01	2.000000000000000e-01	2.039539685305874e-03	6.495165313251607e-03	-4.749836080009011e-16	1.314219844061874e-16	2.957834693272139e+05	1.710473021919253e+04	8.534704998557480e-03	3.857987307954700e+04	8.648431422712518e+03	8.898642892287173e+03	2.139568390939936e-17	-inf	
9	5.999999999999999e-01	2.000000000000000e-01	2.039539685305874e-03	6.495165313251607e-03	0.000000000000000e+00	3.144577931379948e-16	2.957834693272139e+05	1.710473021919253e+04	8.534704998557480e-03	3.857987307954700e+04	8.648431422712518e+03	8.898642892287173e+03	1.365185339999293e-17	-inf	
10	7.999999999999999e-01	2.000000000000000e-01	2.039539685305874e-03	6.495165313251607e-03	1.164153218269350e-16	-2.482920535840111e-16	2.957834693272139e+05	1.710473021919253e+04	8.534704998557480e-03	3.857987307954700e+04	8.648431422712518e+03	8.898642892287173e+03	1.190535696808536e-17	-inf	
11	1.000000000000000e+00	2.000000000000000e-01	2.039539685305874e-03	6.495165313251607e-03	2.087290340568862e-16	-9.958966984413482e-17	2.957834693272139e+05	1.710473021919253e+04	8.534704998557480e-03	3.857987307954703e+04	8.648431422712521e+03	8.898642892287171e+03	1.004035240844979e-17	-inf	
12	0.000000000000000e+00	3.999999999999999e-01	2.039539685305874e-03	6.495165313251607e-03	-1.027274265652511e-15	0.000000000000000e+00	2.957834693272139e+05	1.710473021919253e+04	8.534704998557480e-03	3.857987307954700e+04	8.648431422712518e+03	8.898642892287173e+03	4.459802867763300e-17	-inf	
13	2.000000000000000e-01	3.999999999999999e-01	2.039539685305874e-03	6.495165313251607e-03	3.440267241140617e-16	0.000000000000000e+00	2.957834693272139e+05	1.710473021919253e+04	8.534704998557480e-03	3.857987307954700e+04	8.648431422712518e+03	8.898642892287173e+03	1.493555734910330e-17	-inf	
14	3.999999999999999e-01	4.000000000000001e-01	2.039539685305874e-03	6.495165313251607e-03	9.027770231941346e-17	0.000000000000000e+00	2.957834693272139e+05	1.710473021919253e+04	8.534704998557480e-03	3.857987307954703e+04	8.648431422712521e+03	8.898642892287171e+03	3.919311221560312e-18	-inf	
15	6.000000000000001e-01	4.000000000000000e-01	2.039539685305874e-03	6.495165313251607e-03	-2.594333636807312e-16	-9.094947017729280e-19	2.957834693272139e+05	1.710473021919253e+04	8.534704998557480e-03	3.857987307954703e+04	8.648431422712521e+03	8.898642892287171e+03	1.126309504527418e-17	-inf	
16	8.000000000000000e-01	4.000000000000000e-01	2.039539685305874e-03	6.495165313251607e-03	-1.350599632132796e-16	0.000000000000000e+00	2.957834693272139e+05	1.710473021919253e+04	8.534704998557480e-03	3.857987307954700e+04	8.648431422712518e+03	8.898642892287173e+03	5.863485842079292e-18	-inf	
17	1.000000000000000e+00	4.000000000000000e-01	2.039539685305874e-03	6.495165313251607e-03	0.000000000000000e+00	0.000000000000000e+00	2.957834693272139e+05	1.710473021919253e+04	8.534704998557480e-03	3.857987307954700e+04	8.648431422712518e+03	8.898642892287173e+03	0.000000000000000e+00	-inf	
18	0.000000000000000e+00	6.000000000000000e-01	2.039539685305874e-03	6.495165313251607e-03	7.503331289626478e-16	1.296029950026416e-16	2.957834693272139e+05	1.710473021919253e+04	8.534704998557480e-03	3.857987307954700e+04	8.648431422712518e+03	8.898642892287173e+03	3.305728169404475e-17	-inf	
19	2.000000000000000e-01	6.000000000000000e-01	2.039539685305874e-03	6.495165313251607e-03	-3.090211352337700e-17	1.818989403545857e-18	2.957834693272139e+05	1.710473021919253e+04	8.534704998557480e-03	3.857987307954700e+04	8.648431422712518e+03	8.898642892287173e+03	1.343904842252185e-18	-inf	
20	4.000000000000001e-01	6.000000000000002e-01	2.039539685305874e-03	6.495165313251607e-03	0.000000000000000e+00	-1.314219844061876e-16	2.957834693272139e+05	1.710473021919253e+04	8.534704998557480e-03	3.857987307954700e+04	8.648431422712518e+03	8.898642892287173e+03	5.705546829498020e-18	-inf	
21	6.000000000000000e-01	6.000000000000001e-01	2.039539685305874e-03	6.495165313251607e-03	3.090211352337728e-17	-1.359694579150526e-16	2.957834693272139e+05	1.710473021919253e+04	8.534704998557480e-03	3.857987307954700e+04	8.648431422712518e+03	8.898642892287173e+03	6.053503604541051e-18	-inf	
22	8.000000000000000e-01	6.000000000000001e-01	2.039539685305874e-03	6.495165313251607e-03	1.359694579150523e-16	-9.094947017729286e-19	2.957834693272139e+05	1.710473021919253e+04	8.534704998557480e-03	3.857987307954700e+04	8.648431422712518e+03	8.898642892287173e+03	5.903102649778097e-18	-inf	
23	1.000000000000000e+00	6.000000000000001e-01	2.039539685305874e-03	6.495165313251607e-03	5.197762220632353e-16	-9.094947017729280e-19	2.957834693272139e+05	1.710473021919253e+04	8.534704998557480e-03	3.857987307954703e+04	8.648431422712521e+03	8.898642892287171e+03	2.256557096736237e-17	-inf	
24	0.000000000000000e+00	8.000000000000000e-01	2.039539685305874e-03	6.495165313251607e-03	-1.591615728102636e-16	0.000000000000000e+00	2.957834693272139e+05	1.710473021919253e+04	8.534704998557480e-03	3.857987307954703e+04	8.648431422712521e+03	8.898642892287171e+03	6.909831800430204e-18	-inf	
25	2.000000000000000e-01	8.000000000000000e-01	2.039539685305874e-03	6.495165313251607e-03	-1.359694579150526e-16	3.763034328585400e-16	2.957834693272139e+05	1.710473021919253e+04	8.534704998557480e-03	3.857987307954700e+04	8.648431422712518e+03	8.898642892287173e+03	1.737056818078868e-17	-inf	
26	3.999999999999999e-01	8.000000000000000e-01	2.039539685305874e-03	6.495165313251607e-03	-9.094947017729284e-19	0.000000000000000e+00	2.957834693272139e+05	1.710473021919253e+04	8.534704998557480e-03	3.857987307954700e+04	8.648431422712518e+03	8.898642892287173e+03	3.948475314531518e-20	-inf	
27	6.000000000000000e-01	8.000000000000000e-01	2.039539685305874e-03	6.495165313251607e-03	0.000000000000000e+00	-4.265530151314900e-16	2.957834693272139e+05	1.710473021919253e+04	8.534704998557480e-03	3.857987307954700e+04	8.648431422712518e+03	8.898642892287173e+03	1.851834922515224e-17	-inf	
28	8.000000000000000e-01	8.000000000000000e-01	2.039539685305874e-03	6.495165313251607e-03	0.000000000000000e+00	1.293756213271981e-16	2.957834693272139e+05	1.710473021919253e+04	8.534704998557480e-03	3.857987307954700e+04	8.648431422712518e+03	8.898642892287173e+03	5.616706134921044e-18	-inf	
29	1.000000000000000e+00	8.000000000000000e-01	2.039539685305874e-03	6.495165313251607e-03	-3.587956598494260e-16	-1.168700691778220e-16	2.957834693272139e+05	1.710473021919253e+04	8.534704998557480e-03	3.857987307954700e+04	8.648431422712518e+03	8.898642892287173e+03	1.638224739586916e-17	-inf	
30	0.000000000000000e+00	1.000000000000000e+00	2.039539685305874e-03	6.495165313251607e-03	1.818989403545857e-18	-2.610249794088295e-16	2.957834693272139e+05	1.710473021919253e+04	8.534704998557480e-03	3.857987307954700e+04	8.648431422712518e+03	8.898642892287173e+03	1.133239930443916e-17	-inf	
31	2.000000000000000e-01	1.000000000000000e+00	2.039539685305874e-03	6.495165313251607e-03	0.000000000000000e+00	0.000000000000000e+00	2.957834693272139e+05	1.710473021919253e+04	8.534704998557480e-03	3.857987307954700e+04	8.648431422712518e+03	8.898642892287173e+03	0.000000000000000e+00	-inf	
32	3.999999999999999e-01	1.000000000000000e+00	2.039539685305874e-03	6.495165313251607e-03	0.000000000000000e+00	0.000000000000000e+00	2.957834693272139e+05	1.710473021919253e+04	8.534704998557480e-03	3.857987307954700e+04	8.648431422712518e+03	8.898642892287173e+03	0.000000000000000e+00	-inf	
33	6.000000000000000e-01	1.000000000000000e+00	2.039539685305874e-03	6.495165313251607e-03	1.373336999677114e-16	-2.542037691455367e-16	2.957834693272139e+05	1.710473021919253e+04	8.534704998557480e-03	3.857987307954700e+04	8.648431422712518e+03	8.898642892287173e+03	1.254355786745869e-17	-inf	
34	8.000000000000000e-01	1.000000000000000e+00	2.039539685305874e-03	6.495165313251607e-03	0.000000000000000e+00	4.906723916064931e-16	2.957834693272139e+05	1.710473021919253e+04	8.534704998557480e-03	3.857987307954703e+04	8.648431422712521e+03	8.898642892287171e+03	2.130202432189745e-17	-inf	
35	1.000000000000000e+00	1.000000000000000e+00	2.039539685305874e-03	6.495165313251607e-03	-2.728484105318769e-16	-2.696651790756768e-16	2.957834693272139e+05	1.710473021919253e+04	8.534704998557480e-03	3.857987307954700e+04	8.648431422712518e+03	8.898642892287173e+03	1.665452892896056e-17	-inf	
EXT_ITER= 4542
AOA= 0.000000000000000e+00
SIDESLIP_ANGLE= 0.000000000000000e+00
INITIAL_BCTHRUST= 4.000000000000000e+03
DCD_DCL_VALUE= 0.000000000000000e+00
DCMX_DCL_VALUE= 0.000000000000000e+00
DCMY_DCL_VALUE= 0.000000000000000e+00
DCMZ_DCL_VALUE= 0.000000000000000e+00
