"PointID"	"x"	"y"	"Density[0]"	"Density[1]"	"Momentum_x"	"Momentum_y"	"Energy"	"Electronic_Energy"	"Total_Density"	"Pressure"	"Temperature"	"Tve"	"Mach"	"C<sub>p</sub>"
0	0.000000000000000e+00	0.000000000000000e+00	1.948750527529897e-03	6.585954471027601e-03	0.000000000000000e+00	0.000000000000000e+00	2.957834693272139e+05	1.557721984203369e+04	8.534704998557498e-03	3.780655823098343e+04	8.424190796689683e+03	8.591307459432330e+03	0.000000000000000e+00	-inf	
1	2.000000000000000e-01	0.000000000000000e+00	1.948750527529897e-03	6.585954471027601e-03	0.000000000000000e+00	1.216449163621305e-15	2.957834693272139e+05	1.557721984203369e+04	8.534704998557498e-03	3.780655823098343e+04	8.424190796689683e+03	8.591307459432330e+03	5.330591661604888e-17	-inf	
2	4.000000000000000e-01	0.000000000000000e+00	1.948750527529897e-03	6.585954471027601e-03	0.000000000000000e+00	-9.313225746154546e-16	2.957834693272139e+05	1.557721984203369e+04	8.534704998557498e-03	3.780655823098343e+04	8.424190796689683e+03	8.591307459432330e+03	4.081140831015478e-17	-inf	
3	6.000000000000001e-01	0.000000000000000e+00	1.948750527529897e-03	6.585954471027601e-03	0.000000000000000e+00	-7.225935405585759e-16	2.957834693272139e+05	1.557721984203369e+04	8.534704998557498e-03	3.780655823098343e+04	8.424190796689683e+03	8.591307459432330e+03	3.166471084220518e-17	-inf	
4	8.000000000000000e-01	0.000000000000000e+00	1.948750527529897e-03	6.585954471027601e-03	1.614353095646945e-16	0.000000000000000e+00	2.957834693272139e+05	1.557721984203369e+04	8.534704998557498e-03	3.780655823098343e+04	8.424190796689683e+03	8.591307459432330e+03	7.074243139699853e-18	-inf	
5	1.000000000000000e+00	0.000000000000000e+00	1.948750527529897e-03	6.585954471027601e-03	2.441993274260291e-16	1.818989403545858e-17	2.957834693272139e+05	1.557721984203369e+04	8.534704998557498e-03	3.780655823098345e+04	8.424190796689689e+03	8.591307459432330e+03	1.073068421829565e-17	-inf	
6	0.000000000000000e+00	2.000000000000000e-01	1.948750527529897e-03	6.585954471027601e-03	0.000000000000000e+00	0.000000000000000e+00	2.957834693272139e+05	1.557721984203369e+04	8.534704998557498e-03	3.780655823098343e+04	8.424190796689683e+03	8.591307459432330e+03	0.000000000000000e+00	-inf	
7	2.000000000000000e-01	2.000000000000000e-01	1.948750527529897e-03	6.585954471027601e-03	-5.215952114667699e-16	-1.818989403545857e-18	2.957834693272139e+05	1.557721984203369e+04	8.534704998557498e-03	3.780655823098343e+04	8.424190796689683e+03	8.591307459432330e+03	2.285691893500588e-17	-inf	
8	4.000000000000000e-01	2.000000000000000e-01	1.948750527529897e-03	6.585954471027601e-03	-6.073150871088797e-16	1.632542989682404e-16	2.957834693272139e+05	1.557721984203369e+04	8.534704998557498e-03	3.780655823098343e+04	8.424190796689683e+03	8.591307459432330e+03	2.755787212200736e-17	-inf	
9	5.999999999999999e-01	2.000000000000000e-01	1.948750527529897e-03	6.585954471027601e-03	0.000000000000000e+00	5.306901584845115e-16	2.957834693272139e+05	1.557721984203369e+04	8.534704998557498e-03	3.780655823098343e+04	8.424190796689683e+03	8.591307459432330e+03	2.325532885642215e-17	-inf	
10	7.999999999999999e-01	2.000000000000000e-01	1.948750527529897e-03	6.585954471027601e-03	1.500666257925336e-16	-3.703917172970165e-16	2.957834693272139e+05	1.557721984203369e+04	8.534704998557498e-03	3.780655823098343e+04	8.424190796689683e+03	8.591307459432330e+03	1.751247501325932e-17	-inf	
11	1.000000000000000e+00	2.000000000000000e-01	1.948750527529897e-03	6.585954471027601e-03	2.496562956366687e-16	-1.214175426866854e-16	2.957834693272139e+05	1.557721984203369e+04	8.534704998557498e-03	3.780655823098345e+04	8.424190796689689e+03	8.591307459432330e+03	1.216537495921653e-17	-inf	
12	0.000000000000000e+00	3.999999999999999e-01	1.948750527529897e-03	6.585954471027601e-03	-1.266926119569720e-15	0.000000000000000e+00	2.957834693272139e+05	1.557721984203369e+04	8.534704998557498e-03	3.780655823098343e+04	8.424190796689683e+03	8.591307459432330e+03	5.551786306254734e-17	-inf	
13	2.000000000000000e-01	3.999999999999999e-01	1.948750527529897e-03	6.585954471027601e-03	4.544286471344113e-16	0.000000000000000e+00	2.957834693272139e+05	1.557721984203369e+04	8.534704998557498e-03	3.780655823098343e+04	8.424190796689683e+03	8.591307459432330e+03	1.991347957359602e-17	-inf	
14	3.999999999999999e-01	4.000000000000001e-01	1.948750527529897e-03	6.585954471027601e-03	1.249641914171667e-16	0.000000000000000e+00	2.957834693272139e+05	1.557721984203369e+04	8.534704998557498e-03	3.780655823098345e+04	8.424190796689689e+03	8.591307459432330e+03	5.476045334969055e-18	-inf	
15	6.000000000000001e-01	4.000000000000000e-01	1.948750527529897e-03	6.585954471027601e-03	-4.758931027026939e-16	-9.094947017729280e-19	2.957834693272139e+05	1.557721984203369e+04	8.534704998557498e-03	3.780655823098345e+04	8.424190796689689e+03	8.591307459432330e+03	2.085410976196786e-17	-inf	
16	8.000000000000000e-01	4.000000000000000e-01	1.948750527529897e-03	6.585954471027601e-03	-1.678017724771053e-16	0.000000000000000e+00	2.957834693272139e+05	1.557721984203369e+04	8.534704998557498e-03	3.780655823098343e+04	8.424190796689683e+03	8.591307459432330e+03	7.353227376195071e-18	-inf	
17	1.000000000000000e+00	4.000000000000000e-01	1.948750527529897e-03	6.585954471027601e-03	0.000000000000000e+00	0.000000000000000e+00	2.957834693272139e+05	1.557721984203369e+04	8.534704998557498e-03	3.780655823098343e+04	8.424190796689683e+03	8.591307459432330e+03	0.000000000000000e+00	-inf	
18	0.000000000000000e+00	6.000000000000000e-01	1.948750527529897e-03	6.585954471027601e-03	9.313225746154546e-16	1.614353095646945e-16	2.957834693272139e+05	1.557721984203369e+04	8.534704998557498e-03	3.780655823098343e+04	8.424190796689683e+03	8.591307459432330e+03	4.141999473995333e-17	-inf	
19	2.000000000000000e-01	6.000000000000000e-01	1.948750527529897e-03	6.585954471027601e-03	9.139660539952185e-18	1.818989403545857e-18	2.957834693272139e+05	1.557721984203369e+04	8.534704998557498e-03	3.780655823098343e+04	8.424190796689683e+03	8.591307459432330e+03	4.083632514236338e-19	-inf	
20	4.000000000000001e-01	6.000000000000002e-01	1.948750527529897e-03	6.585954471027601e-03	0.000000000000000e+00	-1.632542989682405e-16	2.957834693272139e+05	1.557721984203369e+04	8.534704998557498e-03	3.780655823098343e+04	8.424190796689683e+03	8.591307459432330e+03	7.153952921555634e-18	-inf	
21	6.000000000000000e-01	6.000000000000001e-01	1.948750527529897e-03	6.585954471027601e-03	-9.139660539951795e-18	-1.712123776087541e-16	2.957834693272139e+05	1.557721984203369e+04	8.534704998557498e-03	3.780655823098343e+04	8.424190796689683e+03	8.591307459432330e+03	7.513365580953987e-18	-inf	
22	8.000000000000000e-01	6.000000000000001e-01	1.948750527529897e-03	6.585954471027601e-03	1.687112671788780e-16	-9.094947017729286e-19	2.957834693272139e+05	1.557721984203369e+04	8.534704998557498e-03	3.780655823098343e+04	8.424190796689683e+03	8.591307459432330e+03	7.393189691924499e-18	-inf	
23	1.000000000000000e+00	6.000000000000001e-01	1.948750527529897e-03	6.585954471027601e-03	9.526957001071607e-16	-9.094947017729280e-19	2.957834693272139e+05	1.557721984203369e+04	8.534704998557498e-03	3.780655823098345e+04	8.424190796689689e+03	8.591307459432330e+03	4.174801727077192e-17	-inf	
24	0.000000000000000e+00	8.000000000000000e-01	1.948750527529897e-03	6.585954471027601e-03	-2.250999386888009e-16	0.000000000000000e+00	2.957834693272139e+05	1.557721984203369e+04	8.534704998557498e-03	3.780655823098345e+04	8.424190796689689e+03	8.591307459432330e+03	9.864085504651973e-18	-inf	
25	2.000000000000000e-01	8.000000000000000e-01	1.948750527529897e-03	6.585954471027601e-03	-1.712123776087541e-16	5.206857167649968e-16	2.957834693272139e+05	1.557721984203369e+04	8.534704998557498e-03	3.780655823098343e+04	8.424190796689683e+03	8.591307459432330e+03	2.401879107028910e-17	-inf	
26	3.999999999999999e-01	8.000000000000000e-01	1.948750527529897e-03	6.585954471027601e-03	-9.094947017729284e-19	0.000000000000000e+00	2.957834693272139e+05	1.557721984203369e+04	8.534704998557498e-03	3.780655823098343e+04	8.424190796689683e+03	8.591307459432330e+03	3.985489092788656e-20	-inf	
27	6.000000000000000e-01	8.000000000000000e-01	1.948750527529897e-03	6.585954471027601e-03	0.000000000000000e+00	-5.857145879417698e-16	2.957834693272139e+05	1.557721984203369e+04	8.534704998557498e-03	3.780655823098343e+04	8.424190796689683e+03	8.591307459432330e+03	2.566654975755911e-17	-inf	
28	8.000000000000000e-01	8.000000000000000e-01	1.948750527529897e-03	6.585954471027601e-03	0.000000000000000e+00	1.602984411874780e-16	2.957834693272139e+05	1.557721984203369e+04	8.534704998557498e-03	3.780655823098343e+04	8.424190796689683e+03	8.591307459432330e+03	7.024424526039977e-18	-inf	
29	1.000000000000000e+00	8.000000000000000e-01	1.948750527529897e-03	6.585954471027601e-03	-7.207745511550302e-16	-1.482476363889885e-16	2.957834693272139e+05	1.557721984203369e+04	8.534704998557498e-03	3.780655823098343e+04	8.424190796689683e+03	8.591307459432330e+03	3.224615975897376e-17	-inf	
30	0.000000000000000e+00	1.000000000000000e+00	1.948750527529897e-03	6.585954471027601e-03	1.818989403545857e-18	-3.246896085329352e-16	2.957834693272139e+05	1.557721984203369e+04	8.534704998557498e-03	3.780655823098343e+04	8.424190796689683e+03	8.591307459432330e+03	1.422841933620351e-17	-inf	
31	2.000000000000000e-01	1.000000000000000e+00	1.948750527529897e-03	6.585954471027601e-03	0.000000000000000e+00	0.000000000000000e+00	2.957834693272139e+05	1.557721984203369e+04	8.534704998557498e-03	3.780655823098343e+04	8.424190796689683e+03	8.591307459432330e+03	0.000000000000000e+00	-inf	
32	3.999999999999999e-01	1.000000000000000e+00	1.948750527529897e-03	6.585954471027601e-03	0.000000000000000e+00	0.000000000000000e+00	2.957834693272139e+05	1.557721984203369e+04	8.534704998557498e-03	3.780655823098343e+04	8.424190796689683e+03	8.591307459432330e+03	0.000000000000000e+00	-inf	
33	6.000000000000000e-01	1.000000000000000e+00	1.948750527529897e-03	6.585954471027601e-03	1.700755092315373e-16	-4.788489604834516e-16	2.957834693272139e+05	1.557721984203369e+04	8.534704998557498e-03	3.780655823098343e+04	8.424190796689683e+03	8.591307459432330e+03	2.226783920465288e-17	-inf	
34	8.000000000000000e-01	1.000000000000000e+00	1.948750527529897e-03	6.585954471027601e-03	0.000000000000000e+00	2.182787284254976e-16	2.957834693272139e+05	1.557721984203369e+04	8.534704998557498e-03	3.780655823098345e+04	8.424190796689689e+03	8.591307459432330e+03	9.565173822692544e-18	-inf	
35	1.000000000000000e+00	1.000000000000000e+00	1.948750527529897e-03	6.585954471027601e-03	-3.383320290595285e-16	-4.820321919396507e-17	2.957834693272139e+05	1.557721984203369e+04	8.534704998557498e-03	3.780655823098343e+04	8.424190796689683e+03	8.591307459432330e+03	1.497573711818734e-17	-inf	
EXT_ITER= 6638
AOA= 0.000000000000000e+00
SIDESLIP_ANGLE= 0.000000000000000e+00
INITIAL_BCTHRUST= 4.000000000000000e+03
DCD_DCL_VALUE= 0.000000000000000e+00
DCMX_DCL_VALUE= 0.000000000000000e+00
DCMY_DCL_VALUE= 0.000000000000000e+00
DCMZ_DCL_VALUE= 0.000000000000000e+00
