"PointID"	"x"	"y"	"Density[0]"	"Density[1]"	"Momentum_x"	"Momentum_y"	"Energy"	"Electronic_Energy"	"Total_Density"	"Pressure"	"Temperature"	"Tve"	"Mach"	"C<sub>p</sub>"
0	0.000000000000000e+00	0.000000000000000e+00	1.921967461134602e-03	6.612737537422909e-03	0.000000000000000e+00	0.000000000000000e+00	2.957834693272139e+05	1.515005420856285e+04	8.534704998557512e-03	3.756241240739671e+04	8.354990255132210e+03	8.504082960875496e+03	0.000000000000000e+00	-inf	
1	2.000000000000000e-01	0.000000000000000e+00	1.921967461134602e-03	6.612737537422909e-03	0.000000000000000e+00	1.294210960622901e-15	2.957834693272139e+05	1.515005420856285e+04	8.534704998557512e-03	3.756241240739671e+04	8.354990255132210e+03	8.504082960875496e+03	5.688425024065130e-17	-inf	
2	4.000000000000000e-01	0.000000000000000e+00	1.921967461134602e-03	6.612737537422909e-03	0.000000000000000e+00	-1.002717908704639e-15	2.957834693272139e+05	1.515005420856285e+04	8.534704998557512e-03	3.756241240739671e+04	8.354990255132210e+03	8.504082960875496e+03	4.407230210141671e-17	-inf	
3	6.000000000000001e-01	0.000000000000000e+00	1.921967461134602e-03	6.612737537422909e-03	0.000000000000000e+00	-8.703864295966643e-16	2.957834693272139e+05	1.515005420856285e+04	8.534704998557512e-03	3.756241240739671e+04	8.354990255132210e+03	8.504082960875496e+03	3.825595747034471e-17	-inf	
4	8.000000000000000e-01	0.000000000000000e+00	1.921967461134602e-03	6.612737537422909e-03	2.387423592153936e-16	0.000000000000000e+00	2.957834693272139e+05	1.515005420856285e+04	8.534704998557512e-03	3.756241240739671e+04	8.354990255132210e+03	8.504082960875496e+03	1.049340526224222e-17	-inf	
5	1.000000000000000e+00	0.000000000000000e+00	1.921967461134603e-03	6.612737537422909e-03	4.251887730788428e-16	-5.820766091346728e-17	2.957834693272139e+05	1.515005420856285e+04	8.534704998557512e-03	3.756241240739665e+04	8.354990255132197e+03	8.504082960875496e+03	1.886256208751556e-17	-inf	
6	0.000000000000000e+00	2.000000000000000e-01	1.921967461134602e-03	6.612737537422909e-03	0.000000000000000e+00	0.000000000000000e+00	2.957834693272139e+05	1.515005420856285e+04	8.534704998557512e-03	3.756241240739671e+04	8.354990255132210e+03	8.504082960875496e+03	0.000000000000000e+00	-inf	
7	2.000000000000000e-01	2.000000000000000e-01	1.921967461134602e-03	6.612737537422909e-03	-5.913989298278514e-16	-1.818989403545857e-18	2.957834693272139e+05	1.515005420856285e+04	8.534704998557512e-03	3.756241240739671e+04	8.354990255132210e+03	8.504082960875496e+03	2.599378684451079e-17	-inf	
8	4.000000000000000e-01	2.000000000000000e-01	1.921967461134602e-03	6.612737537422909e-03	-6.461959856096775e-16	2.405613486189394e-16	2.957834693272139e+05	1.515005420856285e+04	8.534704998557512e-03	3.756241240739671e+04	8.354990255132210e+03	8.504082960875496e+03	3.030640154721751e-17	-inf	
9	5.999999999999999e-01	2.000000000000000e-01	1.921967461134602e-03	6.612737537422909e-03	0.000000000000000e+00	6.862137524876765e-16	2.957834693272139e+05	1.515005420856285e+04	8.534704998557512e-03	3.756241240739671e+04	8.354990255132210e+03	8.504082960875496e+03	3.016104483947346e-17	-inf	
10	7.999999999999999e-01	2.000000000000000e-01	1.921967461134602e-03	6.612737537422909e-03	2.282831701450055e-16	-4.449702828423904e-16	2.957834693272139e+05	1.515005420856285e+04	8.534704998557512e-03	3.756241240739671e+04	8.354990255132210e+03	8.504082960875496e+03	2.198133269417685e-17	-inf	
11	1.000000000000000e+00	2.000000000000000e-01	1.921967461134603e-03	6.612737537422909e-03	4.288267518859366e-16	-2.119122655130923e-16	2.957834693272139e+05	1.515005420856285e+04	8.534704998557512e-03	3.756241240739665e+04	8.354990255132197e+03	8.504082960875496e+03	2.102394478957930e-17	-inf	
12	0.000000000000000e+00	3.999999999999999e-01	1.921967461134602e-03	6.612737537422909e-03	-1.263288140762637e-15	0.000000000000000e+00	2.957834693272139e+05	1.515005420856285e+04	8.534704998557512e-03	3.756241240739671e+04	8.354990255132210e+03	8.504082960875496e+03	5.552510441620919e-17	-inf	
13	2.000000000000000e-01	3.999999999999999e-01	1.921967461134602e-03	6.612737537422909e-03	5.550281364601039e-16	0.000000000000000e+00	2.957834693272139e+05	1.515005420856285e+04	8.534704998557512e-03	3.756241240739671e+04	8.354990255132210e+03	8.504082960875496e+03	2.439506414765889e-17	-inf	
14	3.999999999999999e-01	4.000000000000001e-01	1.921967461134603e-03	6.612737537422909e-03	1.857732875402929e-16	0.000000000000000e+00	2.957834693272139e+05	1.515005420856285e+04	8.534704998557512e-03	3.756241240739665e+04	8.354990255132197e+03	8.504082960875496e+03	8.165264008724162e-18	-inf	
15	6.000000000000001e-01	4.000000000000000e-01	1.921967461134603e-03	6.612737537422909e-03	-6.357367965392799e-16	-9.094947017729280e-19	2.957834693272139e+05	1.515005420856285e+04	8.534704998557512e-03	3.756241240739665e+04	8.354990255132197e+03	8.504082960875496e+03	2.794246774977471e-17	-inf	
16	8.000000000000000e-01	4.000000000000000e-01	1.921967461134602e-03	6.612737537422909e-03	-2.476099325576798e-16	0.000000000000000e+00	2.957834693272139e+05	1.515005420856285e+04	8.534704998557512e-03	3.756241240739671e+04	8.354990255132210e+03	8.504082960875496e+03	1.088316031483980e-17	-inf	
17	1.000000000000000e+00	4.000000000000000e-01	1.921967461134602e-03	6.612737537422909e-03	0.000000000000000e+00	0.000000000000000e+00	2.957834693272139e+05	1.515005420856285e+04	8.534704998557512e-03	3.756241240739671e+04	8.354990255132210e+03	8.504082960875496e+03	0.000000000000000e+00	-inf	
18	0.000000000000000e+00	6.000000000000000e-01	1.921967461134602e-03	6.612737537422909e-03	1.002717908704639e-15	2.387423592153935e-16	2.957834693272139e+05	1.515005420856285e+04	8.534704998557512e-03	3.756241240739671e+04	8.354990255132210e+03	8.504082960875496e+03	4.530429743982565e-17	-inf	
19	2.000000000000000e-01	6.000000000000000e-01	1.921967461134602e-03	6.612737537422909e-03	9.340310099518873e-18	1.818989403545857e-18	2.957834693272139e+05	1.515005420856285e+04	8.534704998557512e-03	3.756241240739671e+04	8.354990255132210e+03	8.504082960875496e+03	4.182456842852002e-19	-inf	
20	4.000000000000001e-01	6.000000000000002e-01	1.921967461134602e-03	6.612737537422909e-03	0.000000000000000e+00	-2.405613486189395e-16	2.957834693272139e+05	1.515005420856285e+04	8.534704998557512e-03	3.756241240739671e+04	8.354990255132210e+03	8.504082960875496e+03	1.057335501662121e-17	-inf	
21	6.000000000000000e-01	6.000000000000001e-01	1.921967461134602e-03	6.612737537422909e-03	-9.340310099518445e-18	-2.528395270928745e-16	2.957834693272139e+05	1.515005420856285e+04	8.534704998557512e-03	3.756241240739671e+04	8.354990255132210e+03	8.504082960875496e+03	1.112059616047889e-17	-inf	
22	8.000000000000000e-01	6.000000000000001e-01	1.921967461134602e-03	6.612737537422909e-03	2.530669007683173e-16	-9.094947017729286e-19	2.957834693272139e+05	1.515005420856285e+04	8.534704998557512e-03	3.756241240739671e+04	8.354990255132210e+03	8.504082960875496e+03	1.112308141040823e-17	-inf	
23	1.000000000000000e+00	6.000000000000001e-01	1.921967461134603e-03	6.612737537422909e-03	1.263288140762603e-15	-9.094947017729280e-19	2.957834693272139e+05	1.515005420856285e+04	8.534704998557512e-03	3.756241240739665e+04	8.354990255132197e+03	8.504082960875496e+03	5.552511880601048e-17	-inf	
24	0.000000000000000e+00	8.000000000000000e-01	1.921967461134603e-03	6.612737537422909e-03	-3.933564585167934e-16	0.000000000000000e+00	2.957834693272139e+05	1.515005420856285e+04	8.534704998557512e-03	3.756241240739665e+04	8.354990255132197e+03	8.504082960875496e+03	1.728913438445633e-17	-inf	
25	2.000000000000000e-01	8.000000000000000e-01	1.921967461134602e-03	6.612737537422909e-03	-2.528395270928745e-16	5.904894351260783e-16	2.957834693272139e+05	1.515005420856285e+04	8.534704998557512e-03	3.756241240739671e+04	8.354990255132210e+03	8.504082960875496e+03	2.823283717547866e-17	-inf	
26	3.999999999999999e-01	8.000000000000000e-01	1.921967461134602e-03	6.612737537422909e-03	-9.094947017729284e-19	0.000000000000000e+00	2.957834693272139e+05	1.515005420856285e+04	8.534704998557512e-03	3.756241240739671e+04	8.354990255132210e+03	8.504082960875496e+03	3.997487718949420e-20	-inf	
27	6.000000000000000e-01	8.000000000000000e-01	1.921967461134602e-03	6.612737537422909e-03	0.000000000000000e+00	-6.255049811443407e-16	2.957834693272139e+05	1.515005420856285e+04	8.534704998557512e-03	3.756241240739671e+04	8.354990255132210e+03	8.504082960875496e+03	2.749272178707504e-17	-inf	
28	8.000000000000000e-01	8.000000000000000e-01	1.921967461134602e-03	6.612737537422909e-03	0.000000000000000e+00	2.385149855399498e-16	2.957834693272139e+05	1.515005420856285e+04	8.534704998557512e-03	3.756241240739671e+04	8.354990255132210e+03	8.504082960875496e+03	1.048341154294482e-17	-inf	
29	1.000000000000000e+00	8.000000000000000e-01	1.921967461134602e-03	6.612737537422909e-03	-8.685674401931186e-16	-2.255546860396875e-16	2.957834693272139e+05	1.515005420856285e+04	8.534704998557512e-03	3.756241240739671e+04	8.354990255132210e+03	8.504082960875496e+03	3.944224121016809e-17	-inf	
30	0.000000000000000e+00	1.000000000000000e+00	1.921967461134602e-03	6.612737537422909e-03	1.818989403545857e-18	-4.793037078343333e-16	2.957834693272139e+05	1.515005420856285e+04	8.534704998557512e-03	3.756241240739671e+04	8.354990255132210e+03	8.504082960875496e+03	2.106691198563102e-17	-inf	
31	2.000000000000000e-01	1.000000000000000e+00	1.921967461134602e-03	6.612737537422909e-03	0.000000000000000e+00	0.000000000000000e+00	2.957834693272139e+05	1.515005420856285e+04	8.534704998557512e-03	3.756241240739671e+04	8.354990255132210e+03	8.504082960875496e+03	0.000000000000000e+00	-inf	
32	3.999999999999999e-01	1.000000000000000e+00	1.921967461134602e-03	6.612737537422909e-03	0.000000000000000e+00	0.000000000000000e+00	2.957834693272139e+05	1.515005420856285e+04	8.534704998557512e-03	3.756241240739671e+04	8.354990255132210e+03	8.504082960875496e+03	0.000000000000000e+00	-inf	
33	6.000000000000000e-01	1.000000000000000e+00	1.921967461134602e-03	6.612737537422909e-03	2.498836693121119e-16	-6.184563972055843e-16	2.957834693272139e+05	1.515005420856285e+04	8.534704998557512e-03	3.756241240739671e+04	8.354990255132210e+03	8.504082960875496e+03	2.931790203452909e-17	-inf	
34	8.000000000000000e-01	1.000000000000000e+00	1.921967461134603e-03	6.612737537422909e-03	0.000000000000000e+00	3.165041562169735e-16	2.957834693272139e+05	1.515005420856285e+04	8.534704998557512e-03	3.756241240739665e+04	8.354990255132197e+03	8.504082960875496e+03	1.391125726194374e-17	-inf	
35	1.000000000000000e+00	1.000000000000000e+00	1.921967461134602e-03	6.612737537422909e-03	-4.979483492206776e-16	2.319211489520968e-17	2.957834693272139e+05	1.515005420856285e+04	8.534704998557512e-03	3.756241240739671e+04	8.354990255132210e+03	8.504082960875496e+03	2.190997090726751e-17	-inf	
EXT_ITER= 7460
AOA= 0.000000000000000e+00
SIDESLIP_ANGLE= 0.000000000000000e+00
INITIAL_BCTHRUST= 4.000000000000000e+03
DCD_DCL_VALUE= 0.000000000000000e+00
DCMX_DCL_VALUE= 0.000000000000000e+00
DCMY_DCL_VALUE= 0.000000000000000e+00
DCMZ_DCL_VALUE= 0.000000000000000e+00
