"PointID"	"x"	"y"	"Density[0]"	"Density[1]"	"Momentum_x"	"Momentum_y"	"Energy"	"Electronic_Energy"	"Total_Density"	"Pressure"	"Temperature"	"Tve"	"Mach"	"C<sub>p</sub>"
0	0.000000000000000e+00	0.000000000000000e+00	1.907927680671402e-03	6.626777317886112e-03	0.000000000000000e+00	0.000000000000000e+00	2.957834693272139e+05	1.492909298606843e+04	8.534704998557513e-03	3.743230499433128e+04	8.318340463715131e+03	8.459162221043722e+03	0.000000000000000e+00	-inf	
1	2.000000000000000e-01	0.000000000000000e+00	1.907927680671402e-03	6.626777317886112e-03	0.000000000000000e+00	1.328317011939390e-15	2.957834693272139e+05	1.492909298606843e+04	8.534704998557513e-03	3.743230499433128e+04	8.318340463715131e+03	8.459162221043722e+03	5.847754113016169e-17	-inf	
2	4.000000000000000e-01	0.000000000000000e+00	1.907927680671402e-03	6.626777317886112e-03	0.000000000000000e+00	-1.048647391144178e-15	2.957834693272139e+05	1.492909298606843e+04	8.534704998557513e-03	3.743230499433128e+04	8.318340463715131e+03	8.459162221043722e+03	4.616542617122522e-17	-inf	
3	6.000000000000001e-01	0.000000000000000e+00	1.907927680671402e-03	6.626777317886112e-03	0.000000000000000e+00	-9.586074156686461e-16	2.957834693272139e+05	1.492909298606843e+04	8.534704998557513e-03	3.743230499433128e+04	8.318340463715131e+03	8.459162221043722e+03	4.220152574542128e-17	-inf	
4	8.000000000000000e-01	0.000000000000000e+00	1.907927680671402e-03	6.626777317886112e-03	3.014974936377259e-16	0.000000000000000e+00	2.957834693272139e+05	1.492909298606843e+04	8.534704998557513e-03	3.743230499433128e+04	8.318340463715131e+03	8.459162221043722e+03	1.327306051670537e-17	-inf	
5	1.000000000000000e+00	0.000000000000000e+00	1.907927680671403e-03	6.626777317886112e-03	5.552465154323729e-16	-9.958966984413540e-17	2.957834693272139e+05	1.492909298606843e+04	8.534704998557515e-03	3.743230499433124e+04	8.318340463715123e+03	8.459162221043722e+03	2.483412810959940e-17	-inf	
6	0.000000000000000e+00	2.000000000000000e-01	1.907927680671402e-03	6.626777317886112e-03	0.000000000000000e+00	0.000000000000000e+00	2.957834693272139e+05	1.492909298606843e+04	8.534704998557513e-03	3.743230499433128e+04	8.318340463715131e+03	8.459162221043722e+03	0.000000000000000e+00	-inf	
7	2.000000000000000e-01	2.000000000000000e-01	1.907927680671402e-03	6.626777317886112e-03	-6.364189175656173e-16	-1.818989403545857e-18	2.957834693272139e+05	1.492909298606843e+04	8.534704998557513e-03	3.743230499433128e+04	8.318340463715131e+03	8.459162221043722e+03	2.801768335766541e-17	-inf	
8	4.000000000000000e-01	2.000000000000000e-01	1.907927680671402e-03	6.626777317886112e-03	-6.632490112679222e-16	3.033164830412717e-16	2.957834693272139e+05	1.492909298606843e+04	8.534704998557513e-03	3.743230499433128e+04	8.318340463715131e+03	8.459162221043722e+03	3.210719905676572e-17	-inf	
9	5.999999999999999e-01	2.000000000000000e-01	1.907927680671402e-03	6.626777317886112e-03	0.000000000000000e+00	7.921698852442205e-16	2.957834693272139e+05	1.492909298606843e+04	8.534704998557513e-03	3.743230499433128e+04	8.318340463715131e+03	8.459162221043722e+03	3.487431586742193e-17	-inf	
10	7.999999999999999e-01	2.000000000000000e-01	1.907927680671402e-03	6.626777317886112e-03	2.862634573830296e-16	-4.849880497204046e-16	2.957834693272139e+05	1.492909298606843e+04	8.534704998557513e-03	3.743230499433128e+04	8.318340463715131e+03	8.459162221043722e+03	2.479286370863636e-17	-inf	
11	1.000000000000000e+00	2.000000000000000e-01	1.907927680671403e-03	6.626777317886112e-03	5.502442945726222e-16	-2.769411366898573e-16	2.957834693272139e+05	1.492909298606843e+04	8.534704998557515e-03	3.743230499433124e+04	8.318340463715123e+03	8.459162221043722e+03	2.711897882529752e-17	-inf	
12	0.000000000000000e+00	3.999999999999999e-01	1.907927680671402e-03	6.626777317886112e-03	-1.260104909306437e-15	0.000000000000000e+00	2.957834693272139e+05	1.492909298606843e+04	8.534704998557513e-03	3.743230499433128e+04	8.318340463715131e+03	8.459162221043722e+03	5.547458626212952e-17	-inf	
13	2.000000000000000e-01	3.999999999999999e-01	1.907927680671402e-03	6.626777317886112e-03	6.300700461900255e-16	0.000000000000000e+00	2.957834693272139e+05	1.492909298606843e+04	8.534704998557513e-03	3.743230499433128e+04	8.318340463715131e+03	8.459162221043722e+03	2.773806757708022e-17	-inf	
14	3.999999999999999e-01	4.000000000000001e-01	1.907927680671403e-03	6.626777317886112e-03	2.387599507522205e-16	0.000000000000000e+00	2.957834693272139e+05	1.492909298606843e+04	8.534704998557515e-03	3.743230499433124e+04	8.318340463715123e+03	8.459162221043722e+03	1.051111648413145e-17	-inf	
15	6.000000000000001e-01	4.000000000000000e-01	1.907927680671403e-03	6.626777317886112e-03	-7.432845450239254e-16	-9.094947017729280e-19	2.957834693272139e+05	1.492909298606843e+04	8.534704998557515e-03	3.743230499433124e+04	8.318340463715123e+03	8.459162221043722e+03	3.272222270840904e-17	-inf	
16	8.000000000000000e-01	4.000000000000000e-01	1.907927680671402e-03	6.626777317886112e-03	-3.094555722782390e-16	0.000000000000000e+00	2.957834693272139e+05	1.492909298606843e+04	8.534704998557513e-03	3.743230499433128e+04	8.318340463715131e+03	8.459162221043722e+03	1.362340525130921e-17	-inf	
17	1.000000000000000e+00	4.000000000000000e-01	1.907927680671402e-03	6.626777317886112e-03	0.000000000000000e+00	0.000000000000000e+00	2.957834693272139e+05	1.492909298606843e+04	8.534704998557513e-03	3.743230499433128e+04	8.318340463715131e+03	8.459162221043722e+03	0.000000000000000e+00	-inf	
18	0.000000000000000e+00	6.000000000000000e-01	1.907927680671402e-03	6.626777317886112e-03	1.048647391144178e-15	3.014974936377258e-16	2.957834693272139e+05	1.492909298606843e+04	8.534704998557513e-03	3.743230499433128e+04	8.318340463715131e+03	8.459162221043722e+03	4.803561917005930e-17	-inf	
19	2.000000000000000e-01	6.000000000000000e-01	1.907927680671402e-03	6.626777317886112e-03	1.526921932835170e-17	1.818989403545857e-18	2.957834693272139e+05	1.492909298606843e+04	8.534704998557513e-03	3.743230499433128e+04	8.318340463715131e+03	8.459162221043722e+03	6.769618167439532e-19	-inf	
20	4.000000000000001e-01	6.000000000000002e-01	1.907927680671402e-03	6.626777317886112e-03	0.000000000000000e+00	-3.033164830412719e-16	2.957834693272139e+05	1.492909298606843e+04	8.534704998557513e-03	3.743230499433128e+04	8.318340463715131e+03	8.459162221043722e+03	1.335313931318625e-17	-inf	
21	6.000000000000000e-01	6.000000000000001e-01	1.907927680671402e-03	6.626777317886112e-03	-1.526921932835129e-17	-3.146851668134337e-16	2.957834693272139e+05	1.492909298606843e+04	8.534704998557513e-03	3.743230499433128e+04	8.318340463715131e+03	8.459162221043722e+03	1.386993073139163e-17	-inf	
22	8.000000000000000e-01	6.000000000000001e-01	1.907927680671402e-03	6.626777317886112e-03	4.285993782104929e-16	-9.094947017729286e-19	2.957834693272139e+05	1.492909298606843e+04	8.534704998557513e-03	3.743230499433128e+04	8.318340463715131e+03	8.459162221043722e+03	1.886860890287898e-17	-inf	
23	1.000000000000000e+00	6.000000000000001e-01	1.907927680671403e-03	6.626777317886112e-03	1.251009962288663e-15	-9.094947017729280e-19	2.957834693272139e+05	1.492909298606843e+04	8.534704998557515e-03	3.743230499433124e+04	8.318340463715123e+03	8.459162221043722e+03	5.507420683420990e-17	-inf	
24	0.000000000000000e+00	8.000000000000000e-01	1.907927680671403e-03	6.626777317886112e-03	-5.202309694141173e-16	0.000000000000000e+00	2.957834693272139e+05	1.492909298606843e+04	8.534704998557515e-03	3.743230499433124e+04	8.318340463715123e+03	8.459162221043722e+03	2.290253579353094e-17	-inf	
25	2.000000000000000e-01	8.000000000000000e-01	1.907927680671402e-03	6.626777317886112e-03	-3.146851668134338e-16	6.355094228638442e-16	2.957834693272139e+05	1.492909298606843e+04	8.534704998557513e-03	3.743230499433128e+04	8.318340463715131e+03	8.459162221043722e+03	3.121962959224135e-17	-inf	
26	3.999999999999999e-01	8.000000000000000e-01	1.907927680671402e-03	6.626777317886112e-03	-9.094947017729284e-19	0.000000000000000e+00	2.957834693272139e+05	1.492909298606843e+04	8.534704998557513e-03	3.743230499433128e+04	8.318340463715131e+03	8.459162221043722e+03	4.003939824043850e-20	-inf	
27	6.000000000000000e-01	8.000000000000000e-01	1.907927680671402e-03	6.626777317886112e-03	0.000000000000000e+00	-6.475602276623371e-16	2.957834693272139e+05	1.492909298606843e+04	8.534704998557513e-03	3.743230499433128e+04	8.318340463715131e+03	8.459162221043722e+03	2.850805154719275e-17	-inf	
28	8.000000000000000e-01	8.000000000000000e-01	1.907927680671402e-03	6.626777317886112e-03	0.000000000000000e+00	2.964952727779739e-16	2.957834693272139e+05	1.492909298606843e+04	8.534704998557513e-03	3.743230499433128e+04	8.318340463715131e+03	8.459162221043722e+03	1.305284382638292e-17	-inf	
29	1.000000000000000e+00	8.000000000000000e-01	1.907927680671402e-03	6.626777317886112e-03	-9.567884262651000e-16	-2.883098204620199e-16	2.957834693272139e+05	1.492909298606843e+04	8.534704998557513e-03	3.743230499433128e+04	8.318340463715131e+03	8.459162221043722e+03	4.399222176972024e-17	-inf	
30	0.000000000000000e+00	1.000000000000000e+00	1.907927680671402e-03	6.626777317886112e-03	1.818989403545857e-18	-6.048139766789980e-16	2.957834693272139e+05	1.492909298606843e+04	8.534704998557513e-03	3.743230499433128e+04	8.318340463715131e+03	8.459162221043722e+03	2.662632024886216e-17	-inf	
31	2.000000000000000e-01	1.000000000000000e+00	1.907927680671402e-03	6.626777317886112e-03	0.000000000000000e+00	0.000000000000000e+00	2.957834693272139e+05	1.492909298606843e+04	8.534704998557513e-03	3.743230499433128e+04	8.318340463715131e+03	8.459162221043722e+03	0.000000000000000e+00	-inf	
32	3.999999999999999e-01	1.000000000000000e+00	1.907927680671402e-03	6.626777317886112e-03	0.000000000000000e+00	0.000000000000000e+00	2.957834693272139e+05	1.492909298606843e+04	8.534704998557513e-03	3.743230499433128e+04	8.318340463715131e+03	8.459162221043722e+03	0.000000000000000e+00	-inf	
33	6.000000000000000e-01	1.000000000000000e+00	1.907927680671402e-03	6.626777317886112e-03	3.117293090326711e-16	-7.084963726810967e-16	2.957834693272139e+05	1.492909298606843e+04	8.534704998557513e-03	3.743230499433128e+04	8.318340463715131e+03	8.459162221043722e+03	3.407629343771197e-17	-inf	
34	8.000000000000000e-01	1.000000000000000e+00	1.907927680671403e-03	6.626777317886112e-03	0.000000000000000e+00	4.019966581836285e-16	2.957834693272139e+05	1.492909298606843e+04	8.534704998557515e-03	3.743230499433124e+04	8.318340463715123e+03	8.459162221043722e+03	1.769741402227357e-17	-inf	
35	1.000000000000000e+00	1.000000000000000e+00	1.907927680671402e-03	6.626777317886112e-03	-6.216396286617960e-16	6.912159733474244e-17	2.957834693272139e+05	1.492909298606843e+04	8.534704998557513e-03	3.743230499433128e+04	8.318340463715131e+03	8.459162221043722e+03	2.753558788967193e-17	-inf	
EXT_ITER= 7938
AOA= 0.000000000000000e+00
SIDESLIP_ANGLE= 0.000000000000000e+00
INITIAL_BCTHRUST= 4.000000000000000e+03
DCD_DCL_VALUE= 0.000000000000000e+00
DCMX_DCL_VALUE= 0.000000000000000e+00
DCMY_DCL_VALUE= 0.000000000000000e+00
DCMZ_DCL_VALUE= 0.000000000000000e+00
