"PointID"	"x"	"y"	"Density[0]"	"Density[1]"	"Momentum_x"	"Momentum_y"	"Energy"	"Electronic_Energy"	"Total_Density"	"Pressure"	"Temperature"	"Tve"	"Mach"	"C<sub>p</sub>"
0	0.000000000000000e+00	0.000000000000000e+00	2.180474010793998e-03	6.354230987763484e-03	0.000000000000000e+00	0.000000000000000e+00	2.957834693272139e+05	1.993990679628281e+04	8.534704998557482e-03	3.948183119084810e+04	8.934400350036134e+03	9.458700067653033e+03	0.000000000000000e+00	-inf	
1	2.000000000000000e-01	0.000000000000000e+00	2.180474010793998e-03	6.354230987763484e-03	0.000000000000000e+00	6.052687240298780e-16	2.957834693272139e+05	1.993990679628281e+04	8.534704998557482e-03	3.948183119084810e+04	8.934400350036134e+03	9.458700067653033e+03	2.600745396979982e-17	-inf	
2	4.000000000000000e-01	0.000000000000000e+00	2.180474010793998e-03	6.354230987763484e-03	0.000000000000000e+00	-4.779394657816788e-16	2.957834693272139e+05	1.993990679628281e+04	8.534704998557482e-03	3.948183119084810e+04	8.934400350036134e+03	9.458700067653033e+03	2.053631414144263e-17	-inf	
3	6.000000000000001e-01	0.000000000000000e+00	2.180474010793998e-03	6.354230987763484e-03	0.000000000000000e+00	-1.095941115636376e-16	2.957834693272139e+05	1.993990679628281e+04	8.534704998557482e-03	3.948183119084810e+04	8.934400350036134e+03	9.458700067653033e+03	4.709088209407815e-18	-inf	
4	8.000000000000000e-01	0.000000000000000e+00	2.180474010793998e-03	6.354230987763484e-03	2.962678991025307e-16	0.000000000000000e+00	2.957834693272139e+05	1.993990679628281e+04	8.534704998557482e-03	3.948183119084810e+04	8.934400350036134e+03	9.458700067653033e+03	1.273016999348212e-17	-inf	
5	1.000000000000000e+00	0.000000000000000e+00	2.180474010793998e-03	6.354230987763483e-03	5.416040949057765e-16	1.996340870391596e-16	2.957834693272139e+05	1.993990679628280e+04	8.534704998557480e-03	3.948183119084813e+04	8.934400350036143e+03	9.458700067653033e+03	2.480246121563669e-17	-inf	
6	0.000000000000000e+00	2.000000000000000e-01	2.180474010793998e-03	6.354230987763484e-03	0.000000000000000e+00	0.000000000000000e+00	2.957834693272139e+05	1.993990679628281e+04	8.534704998557482e-03	3.948183119084810e+04	8.934400350036134e+03	9.458700067653033e+03	0.000000000000000e+00	-inf	
7	2.000000000000000e-01	2.000000000000000e-01	2.180474010793998e-03	6.354230987763484e-03	-2.514752850402161e-16	-1.818989403545857e-18	2.957834693272139e+05	1.993990679628281e+04	8.534704998557482e-03	3.948183119084810e+04	8.934400350036134e+03	9.458700067653033e+03	1.080578383051130e-17	-inf	
8	4.000000000000000e-01	2.000000000000000e-01	2.180474010793998e-03	6.354230987763484e-03	-3.017248673131661e-16	2.980868885060765e-16	2.957834693272139e+05	1.993990679628281e+04	8.534704998557482e-03	3.948183119084810e+04	8.934400350036134e+03	9.458700067653033e+03	1.822458169038190e-17	-inf	
9	5.999999999999999e-01	2.000000000000000e-01	2.180474010793998e-03	6.354230987763484e-03	0.000000000000000e+00	3.549303073668846e-16	2.957834693272139e+05	1.993990679628281e+04	8.534704998557482e-03	3.948183119084810e+04	8.934400350036134e+03	9.458700067653033e+03	1.525080227154689e-17	-inf	
10	7.999999999999999e-01	2.000000000000000e-01	2.180474010793998e-03	6.354230987763484e-03	2.837623469531536e-16	-1.364242052659411e-16	2.957834693272139e+05	1.993990679628281e+04	8.534704998557482e-03	3.948183119084810e+04	8.934400350036134e+03	9.458700067653033e+03	1.352875794993916e-17	-inf	
11	1.000000000000000e+00	2.000000000000000e-01	2.180474010793998e-03	6.354230987763483e-03	5.447873263619825e-16	-2.680735633475697e-16	2.957834693272139e+05	1.993990679628280e+04	8.534704998557480e-03	3.948183119084813e+04	8.934400350036143e+03	9.458700067653033e+03	2.608919332888210e-17	-inf	
12	0.000000000000000e+00	3.999999999999999e-01	2.180474010793998e-03	6.354230987763484e-03	-6.875779945403211e-16	0.000000000000000e+00	2.957834693272139e+05	1.993990679628281e+04	8.534704998557482e-03	3.948183119084810e+04	8.934400350036134e+03	9.458700067653033e+03	2.954415507313071e-17	-inf	
13	2.000000000000000e-01	3.999999999999999e-01	2.180474010793998e-03	6.354230987763484e-03	4.253122615083762e-16	0.000000000000000e+00	2.957834693272139e+05	1.993990679628281e+04	8.534704998557482e-03	3.948183119084810e+04	8.934400350036134e+03	9.458700067653033e+03	1.827500517509729e-17	-inf	
14	3.999999999999999e-01	4.000000000000001e-01	2.180474010793998e-03	6.354230987763483e-03	2.468239262854384e-16	0.000000000000000e+00	2.957834693272139e+05	1.993990679628280e+04	8.534704998557480e-03	3.948183119084813e+04	8.934400350036143e+03	9.458700067653033e+03	1.060563952284593e-17	-inf	
15	6.000000000000001e-01	4.000000000000000e-01	2.180474010793998e-03	6.354230987763483e-03	-3.092281986027963e-16	-9.094947017729280e-19	2.957834693272139e+05	1.993990679628280e+04	8.534704998557480e-03	3.948183119084813e+04	8.934400350036143e+03	9.458700067653033e+03	1.328711133870047e-17	-inf	
16	8.000000000000000e-01	4.000000000000000e-01	2.180474010793998e-03	6.354230987763484e-03	-2.996785042341794e-16	0.000000000000000e+00	2.957834693272139e+05	1.993990679628281e+04	8.534704998557482e-03	3.948183119084810e+04	8.934400350036134e+03	9.458700067653033e+03	1.287671838174171e-17	-inf	
17	1.000000000000000e+00	4.000000000000000e-01	2.180474010793998e-03	6.354230987763484e-03	0.000000000000000e+00	0.000000000000000e+00	2.957834693272139e+05	1.993990679628281e+04	8.534704998557482e-03	3.948183119084810e+04	8.934400350036134e+03	9.458700067653033e+03	0.000000000000000e+00	-inf	
18	0.000000000000000e+00	6.000000000000000e-01	2.180474010793998e-03	6.354230987763484e-03	4.779394657816788e-16	2.962678991025306e-16	2.957834693272139e+05	1.993990679628281e+04	8.534704998557482e-03	3.948183119084810e+04	8.934400350036134e+03	9.458700067653033e+03	2.416190030976390e-17	-inf	
19	2.000000000000000e-01	6.000000000000000e-01	2.180474010793998e-03	6.354230987763484e-03	-2.112614863259823e-17	1.818989403545857e-18	2.957834693272139e+05	1.993990679628281e+04	8.534704998557482e-03	3.948183119084810e+04	8.934400350036134e+03	9.458700067653033e+03	9.111162785747056e-19	-inf	
20	4.000000000000001e-01	6.000000000000002e-01	2.180474010793998e-03	6.354230987763484e-03	0.000000000000000e+00	-2.980868885060768e-16	2.957834693272139e+05	1.993990679628281e+04	8.534704998557482e-03	3.948183119084810e+04	8.934400350036134e+03	9.458700067653033e+03	1.280832913388724e-17	-inf	
21	6.000000000000000e-01	6.000000000000001e-01	2.180474010793998e-03	6.354230987763484e-03	2.112614863259829e-17	-3.019522409886118e-16	2.957834693272139e+05	1.993990679628281e+04	8.534704998557482e-03	3.948183119084810e+04	8.934400350036134e+03	9.458700067653033e+03	1.300613426366474e-17	-inf	
22	8.000000000000000e-01	6.000000000000001e-01	2.180474010793998e-03	6.354230987763484e-03	3.005879989359522e-16	-9.094947017729286e-19	2.957834693272139e+05	1.993990679628281e+04	8.534704998557482e-03	3.948183119084810e+04	8.934400350036134e+03	9.458700067653033e+03	1.291585707370033e-17	-inf	
23	1.000000000000000e+00	6.000000000000001e-01	2.180474010793998e-03	6.354230987763483e-03	6.193658919073656e-16	-9.094947017729280e-19	2.957834693272139e+05	1.993990679628280e+04	8.534704998557480e-03	3.948183119084813e+04	8.934400350036143e+03	9.458700067653033e+03	2.661321600070706e-17	-inf	
24	0.000000000000000e+00	8.000000000000000e-01	2.180474010793998e-03	6.354230987763483e-03	-5.070432962384086e-16	0.000000000000000e+00	2.957834693272139e+05	1.993990679628280e+04	8.534704998557480e-03	3.948183119084813e+04	8.934400350036143e+03	9.458700067653033e+03	2.178686038792421e-17	-inf	
25	2.000000000000000e-01	8.000000000000000e-01	2.180474010793998e-03	6.354230987763484e-03	-3.019522409886118e-16	2.505657903384432e-16	2.957834693272139e+05	1.993990679628281e+04	8.534704998557482e-03	3.948183119084810e+04	8.934400350036134e+03	9.458700067653033e+03	1.685975499031781e-17	-inf	
26	3.999999999999999e-01	8.000000000000000e-01	2.180474010793998e-03	6.354230987763484e-03	-9.094947017729284e-19	0.000000000000000e+00	2.957834693272139e+05	1.993990679628281e+04	8.534704998557482e-03	3.948183119084810e+04	8.934400350036134e+03	9.458700067653033e+03	3.907957020255457e-20	-inf	
27	6.000000000000000e-01	8.000000000000000e-01	2.180474010793998e-03	6.354230987763484e-03	0.000000000000000e+00	-2.482920535840111e-16	2.957834693272139e+05	1.993990679628281e+04	8.534704998557482e-03	3.948183119084810e+04	8.934400350036134e+03	9.458700067653033e+03	1.066872266529747e-17	-inf	
28	8.000000000000000e-01	8.000000000000000e-01	2.180474010793998e-03	6.354230987763484e-03	0.000000000000000e+00	2.955857780762007e-16	2.957834693272139e+05	1.993990679628281e+04	8.534704998557482e-03	3.948183119084810e+04	8.934400350036134e+03	9.458700067653033e+03	1.270086031583019e-17	-inf	
29	1.000000000000000e+00	8.000000000000000e-01	2.180474010793998e-03	6.354230987763484e-03	-1.077751221600918e-16	-2.846718416549271e-16	2.957834693272139e+05	1.993990679628281e+04	8.534704998557482e-03	3.948183119084810e+04	8.934400350036134e+03	9.458700067653033e+03	1.307918252614885e-17	-inf	
30	0.000000000000000e+00	1.000000000000000e+00	2.180474010793998e-03	6.354230987763484e-03	1.818989403545857e-18	-5.943547876086074e-16	2.957834693272139e+05	1.993990679628281e+04	8.534704998557482e-03	3.948183119084810e+04	8.934400350036134e+03	9.458700067653033e+03	2.553861872791624e-17	-inf	
31	2.000000000000000e-01	1.000000000000000e+00	2.180474010793998e-03	6.354230987763484e-03	0.000000000000000e+00	0.000000000000000e+00	2.957834693272139e+05	1.993990679628281e+04	8.534704998557482e-03	3.948183119084810e+04	8.934400350036134e+03	9.458700067653033e+03	0.000000000000000e+00	-inf	
32	3.999999999999999e-01	1.000000000000000e+00	2.180474010793998e-03	6.354230987763484e-03	0.000000000000000e+00	0.000000000000000e+00	2.957834693272139e+05	1.993990679628281e+04	8.534704998557482e-03	3.948183119084810e+04	8.934400350036134e+03	9.458700067653033e+03	0.000000000000000e+00	-inf	
33	6.000000000000000e-01	1.000000000000000e+00	2.180474010793998e-03	6.354230987763484e-03	3.019522409886114e-16	-8.731149137020095e-17	2.957834693272139e+05	1.993990679628281e+04	8.534704998557482e-03	3.948183119084810e+04	8.934400350036134e+03	9.458700067653033e+03	1.350593564674157e-17	-inf	
34	8.000000000000000e-01	1.000000000000000e+00	2.180474010793998e-03	6.354230987763483e-03	0.000000000000000e+00	6.957634468562885e-16	2.957834693272139e+05	1.993990679628280e+04	8.534704998557480e-03	3.948183119084813e+04	8.934400350036143e+03	9.458700067653033e+03	2.989587120495416e-17	-inf	
35	1.000000000000000e+00	1.000000000000000e+00	2.180474010793998e-03	6.354230987763484e-03	-6.020854925736769e-16	-1.959961082320678e-16	2.957834693272139e+05	1.993990679628281e+04	8.534704998557482e-03	3.948183119084810e+04	8.934400350036134e+03	9.458700067653033e+03	2.720691077752247e-17	-inf	
EXT_ITER= 2644
AOA= 0.000000000000000e+00
SIDESLIP_ANGLE= 0.000000000000000e+00
INITIAL_BCTHRUST= 4.000000000000000e+03
DCD_DCL_VALUE= 0.000000000000000e+00
DCMX_DCL_VALUE= 0.000000000000000e+00
DCMY_DCL_VALUE= 0.000000000000000e+00
DCMZ_DCL_VALUE= 0.000000000000000e+00
