"PointID"	"x"	"y"	"Density[0]"	"Density[1]"	"Momentum_x"	"Momentum_y"	"Energy"	"Electronic_Energy"	"Total_Density"	"Pressure"	"Temperature"	"Tve"	"Mach"	"C<sub>p</sub>"
0	0.000000000000000e+00	0.000000000000000e+00	1.995328058984451e-03	6.539376939573031e-03	0.000000000000000e+00	0.000000000000000e+00	2.957834693272139e+05	1.634269325637883e+04	8.534704998557482e-03	3.821547896801628e+04	8.541619480234769e+03	8.745855846367904e+03	0.000000000000000e+00	-inf	
1	2.000000000000000e-01	0.000000000000000e+00	1.995328058984451e-03	6.539376939573031e-03	0.000000000000000e+00	1.101852831197901e-15	2.957834693272139e+05	1.634269325637883e+04	8.534704998557482e-03	3.821547896801628e+04	8.541619480234769e+03	8.745855846367904e+03	4.804470581640525e-17	-inf	
2	4.000000000000000e-01	0.000000000000000e+00	1.995328058984451e-03	6.539376939573031e-03	0.000000000000000e+00	-8.189999789464982e-16	2.957834693272139e+05	1.634269325637883e+04	8.534704998557482e-03	3.821547896801628e+04	8.541619480234769e+03	8.745855846367904e+03	3.571131455854042e-17	-inf	
3	6.000000000000001e-01	0.000000000000000e+00	1.995328058984451e-03	6.539376939573031e-03	0.000000000000000e+00	-5.279616743791856e-16	2.957834693272139e+05	1.634269325637883e+04	8.534704998557482e-03	3.821547896801628e+04	8.541619480234769e+03	8.745855846367904e+03	2.302100844112531e-17	-inf	
4	8.000000000000000e-01	0.000000000000000e+00	1.995328058984451e-03	6.539376939573031e-03	7.548806024715241e-17	0.000000000000000e+00	2.957834693272139e+05	1.634269325637883e+04	8.534704998557482e-03	3.821547896801628e+04	8.541619480234769e+03	8.745855846367904e+03	3.291548149204793e-18	-inf	
5	1.000000000000000e+00	0.000000000000000e+00	1.995328058984452e-03	6.539376939573031e-03	7.685230229980964e-17	1.396074367221449e-16	2.957834693272139e+05	1.634269325637883e+04	8.534704998557482e-03	3.821547896801626e+04	8.541619480234764e+03	8.745855846367902e+03	6.948786848110758e-18	-inf	
6	0.000000000000000e+00	2.000000000000000e-01	1.995328058984451e-03	6.539376939573031e-03	0.000000000000000e+00	0.000000000000000e+00	2.957834693272139e+05	1.634269325637883e+04	8.534704998557482e-03	3.821547896801628e+04	8.541619480234769e+03	8.745855846367904e+03	0.000000000000000e+00	-inf	
7	2.000000000000000e-01	2.000000000000000e-01	1.995328058984451e-03	6.539376939573031e-03	-4.163211997365455e-16	-1.818989403545857e-18	2.957834693272139e+05	1.634269325637883e+04	8.534704998557482e-03	3.821547896801628e+04	8.541619480234769e+03	8.745855846367904e+03	1.815325959822474e-17	-inf	
8	4.000000000000000e-01	2.000000000000000e-01	1.995328058984451e-03	6.539376939573031e-03	-5.500169208971776e-16	7.730704965069823e-17	2.957834693272139e+05	1.634269325637883e+04	8.534704998557482e-03	3.821547896801628e+04	8.541619480234769e+03	8.745855846367904e+03	2.421843115335317e-17	-inf	
9	5.999999999999999e-01	2.000000000000000e-01	1.995328058984451e-03	6.539376939573031e-03	0.000000000000000e+00	3.399236447876404e-16	2.957834693272139e+05	1.634269325637883e+04	8.534704998557482e-03	3.821547896801628e+04	8.541619480234769e+03	8.745855846367904e+03	1.482188097307629e-17	-inf	
10	7.999999999999999e-01	2.000000000000000e-01	1.995328058984451e-03	6.539376939573031e-03	6.116351869422978e-17	-2.826254785759363e-16	2.957834693272139e+05	1.634269325637883e+04	8.534704998557482e-03	3.821547896801628e+04	8.541619480234769e+03	8.745855846367904e+03	1.260875455246826e-17	-inf	
11	1.000000000000000e+00	2.000000000000000e-01	1.995328058984452e-03	6.539376939573031e-03	8.731149137020041e-17	-3.774403012357568e-17	2.957834693272139e+05	1.634269325637883e+04	8.534704998557482e-03	3.821547896801626e+04	8.541619480234764e+03	8.745855846367902e+03	4.147592138394133e-18	-inf	
12	0.000000000000000e+00	3.999999999999999e-01	1.995328058984451e-03	6.539376939573031e-03	-1.202806743094710e-15	0.000000000000000e+00	2.957834693272139e+05	1.634269325637883e+04	8.534704998557482e-03	3.821547896801628e+04	8.541619480234769e+03	8.745855846367904e+03	5.244665575088457e-17	-inf	
13	2.000000000000000e-01	3.999999999999999e-01	1.995328058984451e-03	6.539376939573031e-03	3.459039894415461e-16	0.000000000000000e+00	2.957834693272139e+05	1.634269325637883e+04	8.534704998557482e-03	3.821547896801628e+04	8.541619480234769e+03	8.745855846367904e+03	1.508264528882002e-17	-inf	
14	3.999999999999999e-01	4.000000000000001e-01	1.995328058984452e-03	6.539376939573031e-03	4.668023255825121e-17	0.000000000000000e+00	2.957834693272139e+05	1.634269325637883e+04	8.534704998557482e-03	3.821547896801626e+04	8.541619480234764e+03	8.745855846367902e+03	2.035424311851452e-18	-inf	
15	6.000000000000001e-01	4.000000000000000e-01	1.995328058984452e-03	6.539376939573031e-03	-2.864908310584799e-16	-9.094947017729280e-19	2.957834693272139e+05	1.634269325637883e+04	8.534704998557482e-03	3.821547896801626e+04	8.541619480234764e+03	8.745855846367902e+03	1.249208303212029e-17	-inf	
16	8.000000000000000e-01	4.000000000000000e-01	1.995328058984451e-03	6.539376939573031e-03	-8.549250196665520e-17	0.000000000000000e+00	2.957834693272139e+05	1.634269325637883e+04	8.534704998557482e-03	3.821547896801628e+04	8.541619480234769e+03	8.745855846367904e+03	3.727777421990999e-18	-inf	
17	1.000000000000000e+00	4.000000000000000e-01	1.995328058984451e-03	6.539376939573031e-03	0.000000000000000e+00	0.000000000000000e+00	2.957834693272139e+05	1.634269325637883e+04	8.534704998557482e-03	3.821547896801628e+04	8.541619480234769e+03	8.745855846367904e+03	0.000000000000000e+00	-inf	
18	0.000000000000000e+00	6.000000000000000e-01	1.995328058984451e-03	6.539376939573031e-03	8.189999789464982e-16	7.548806024715235e-17	2.957834693272139e+05	1.634269325637883e+04	8.534704998557482e-03	3.821547896801628e+04	8.541619480234769e+03	8.745855846367904e+03	3.586268641244761e-17	-inf	
19	2.000000000000000e-01	6.000000000000000e-01	1.995328058984451e-03	6.539376939573031e-03	-7.722365169937381e-19	1.818989403545857e-18	2.957834693272139e+05	1.634269325637883e+04	8.534704998557482e-03	3.821547896801628e+04	8.541619480234769e+03	8.745855846367904e+03	8.616610306555381e-20	-inf	
20	4.000000000000001e-01	6.000000000000002e-01	1.995328058984451e-03	6.539376939573031e-03	0.000000000000000e+00	-7.730704965069838e-17	2.957834693272139e+05	1.634269325637883e+04	8.534704998557482e-03	3.821547896801628e+04	8.541619480234769e+03	8.745855846367904e+03	3.370862562438649e-18	-inf	
21	6.000000000000000e-01	6.000000000000001e-01	1.995328058984451e-03	6.539376939573031e-03	7.722365169940875e-19	-7.776179700158536e-17	2.957834693272139e+05	1.634269325637883e+04	8.534704998557482e-03	3.821547896801628e+04	8.541619480234769e+03	8.745855846367904e+03	3.390858357797703e-18	-inf	
22	8.000000000000000e-01	6.000000000000001e-01	1.995328058984451e-03	6.539376939573031e-03	8.640199666842792e-17	-9.094947017729286e-19	2.957834693272139e+05	1.634269325637883e+04	8.534704998557482e-03	3.821547896801628e+04	8.541619480234769e+03	8.745855846367904e+03	3.767643344966549e-18	-inf	
23	1.000000000000000e+00	6.000000000000001e-01	1.995328058984452e-03	6.539376939573031e-03	5.738911568187328e-16	-9.094947017729280e-19	2.957834693272139e+05	1.634269325637883e+04	8.534704998557482e-03	3.821547896801626e+04	8.541619480234764e+03	8.745855846367902e+03	2.502372879935494e-17	-inf	
24	0.000000000000000e+00	8.000000000000000e-01	1.995328058984452e-03	6.539376939573031e-03	-6.320988177321954e-17	0.000000000000000e+00	2.957834693272139e+05	1.634269325637883e+04	8.534704998557482e-03	3.821547896801626e+04	8.541619480234764e+03	8.745855846367902e+03	2.756175859876371e-18	-inf	
25	2.000000000000000e-01	8.000000000000000e-01	1.995328058984451e-03	6.539376939573031e-03	-7.776179700158541e-17	4.154117050347726e-16	2.957834693272139e+05	1.634269325637883e+04	8.534704998557482e-03	3.821547896801628e+04	8.541619480234769e+03	8.745855846367904e+03	1.842805201721941e-17	-inf	
26	3.999999999999999e-01	8.000000000000000e-01	1.995328058984451e-03	6.539376939573031e-03	-9.094947017729284e-19	0.000000000000000e+00	2.957834693272139e+05	1.634269325637883e+04	8.534704998557482e-03	3.821547896801628e+04	8.541619480234769e+03	8.745855846367904e+03	3.965720661692555e-20	-inf	
27	6.000000000000000e-01	8.000000000000000e-01	1.995328058984451e-03	6.539376939573031e-03	0.000000000000000e+00	-5.102265276946067e-16	2.957834693272139e+05	1.634269325637883e+04	8.534704998557482e-03	3.821547896801628e+04	8.541619480234769e+03	8.745855846367904e+03	2.224769291209497e-17	-inf	
28	8.000000000000000e-01	8.000000000000000e-01	1.995328058984451e-03	6.539376939573031e-03	0.000000000000000e+00	7.526068657170886e-17	2.957834693272139e+05	1.634269325637883e+04	8.534704998557482e-03	3.821547896801628e+04	8.541619480234769e+03	8.745855846367904e+03	3.281633847550548e-18	-inf	
29	1.000000000000000e+00	8.000000000000000e-01	1.995328058984451e-03	6.539376939573031e-03	-5.261426849756399e-16	-6.230038707144648e-17	2.957834693272139e+05	1.634269325637883e+04	8.534704998557482e-03	3.821547896801628e+04	8.541619480234769e+03	8.745855846367904e+03	2.310196525109709e-17	-inf	
30	0.000000000000000e+00	1.000000000000000e+00	1.995328058984451e-03	6.539376939573031e-03	1.818989403545857e-18	-1.527951098978509e-16	2.957834693272139e+05	1.634269325637883e+04	8.534704998557482e-03	3.821547896801628e+04	8.541619480234769e+03	8.745855846367904e+03	6.662882804519977e-18	-inf	
31	2.000000000000000e-01	1.000000000000000e+00	1.995328058984451e-03	6.539376939573031e-03	0.000000000000000e+00	0.000000000000000e+00	2.957834693272139e+05	1.634269325637883e+04	8.534704998557482e-03	3.821547896801628e+04	8.541619480234769e+03	8.745855846367904e+03	0.000000000000000e+00	-inf	
32	3.999999999999999e-01	1.000000000000000e+00	1.995328058984451e-03	6.539376939573031e-03	0.000000000000000e+00	0.000000000000000e+00	2.957834693272139e+05	1.634269325637883e+04	8.534704998557482e-03	3.821547896801628e+04	8.541619480234769e+03	8.745855846367904e+03	0.000000000000000e+00	-inf	
33	6.000000000000000e-01	1.000000000000000e+00	1.995328058984451e-03	6.539376939573031e-03	8.776623872108712e-17	-3.228706191293944e-16	2.957834693272139e+05	1.634269325637883e+04	8.534704998557482e-03	3.821547896801628e+04	8.541619480234769e+03	8.745855846367904e+03	1.458917701628965e-17	-inf	
34	8.000000000000000e-01	1.000000000000000e+00	1.995328058984452e-03	6.539376939573031e-03	0.000000000000000e+00	2.110027708113140e-16	2.957834693272139e+05	1.634269325637883e+04	8.534704998557482e-03	3.821547896801626e+04	8.541619480234764e+03	8.745855846367902e+03	9.200471935126496e-18	-inf	
35	1.000000000000000e+00	1.000000000000000e+00	1.995328058984451e-03	6.539376939573031e-03	-1.737134880386283e-16	-1.605258148629227e-16	2.957834693272139e+05	1.634269325637883e+04	8.534704998557482e-03	3.821547896801628e+04	8.541619480234769e+03	8.745855846367904e+03	1.031340918197118e-17	-inf	
EXT_ITER= 5447
AOA= 0.000000000000000e+00
SIDESLIP_ANGLE= 0.000000000000000e+00
INITIAL_BCTHRUST= 4.000000000000000e+03
DCD_DCL_VALUE= 0.000000000000000e+00
DCMX_DCL_VALUE= 0.000000000000000e+00
DCMY_DCL_VALUE= 0.000000000000000e+00
DCMZ_DCL_VALUE= 0.000000000000000e+00
