"PointID"	"x"	"y"	"Density[0]"	"Density[1]"	"Momentum_x"	"Momentum_y"	"Energy"	"Electronic_Energy"	"Total_Density"	"Pressure"	"Temperature"	"Tve"	"Mach"	"C<sub>p</sub>"
0	0.000000000000000e+00	0.000000000000000e+00	2.386261447706240e-03	6.148443550851243e-03	0.000000000000000e+00	0.000000000000000e+00	2.957834693272139e+05	2.556348124837227e+04	8.534704998557484e-03	3.987632282096344e+04	9.150139080571360e+03	1.053524507692033e+04	0.000000000000000e+00	-inf	
1	2.000000000000000e-01	0.000000000000000e+00	2.386261447706240e-03	6.148443550851243e-03	0.000000000000000e+00	3.146851668134379e-16	2.957834693272139e+05	2.556348124837227e+04	8.534704998557484e-03	3.987632282096344e+04	9.150139080571360e+03	1.053524507692033e+04	1.347911663539784e-17	-inf	
2	4.000000000000000e-01	0.000000000000000e+00	2.386261447706240e-03	6.148443550851243e-03	0.000000000000000e+00	-2.314664016012129e-16	2.957834693272139e+05	2.556348124837227e+04	8.534704998557484e-03	3.987632282096344e+04	9.150139080571360e+03	1.053524507692033e+04	9.914552554071501e-18	-inf	
3	6.000000000000001e-01	0.000000000000000e+00	2.386261447706240e-03	6.148443550851243e-03	0.000000000000000e+00	-9.003997547551973e-17	2.957834693272139e+05	2.556348124837227e+04	8.534704998557484e-03	3.987632282096344e+04	9.150139080571360e+03	1.053524507692033e+04	3.856741465041514e-18	-inf	
4	8.000000000000000e-01	0.000000000000000e+00	2.386261447706240e-03	6.148443550851243e-03	4.984030965715645e-16	0.000000000000000e+00	2.957834693272139e+05	2.556348124837227e+04	8.534704998557484e-03	3.987632282096344e+04	9.150139080571360e+03	1.053524507692033e+04	2.134842750346215e-17	-inf	
5	1.000000000000000e+00	0.000000000000000e+00	2.386261447706241e-03	6.148443550851243e-03	9.667928679846211e-16	7.548806024715288e-17	2.957834693272139e+05	2.556348124837227e+04	8.534704998557484e-03	3.987632282096345e+04	9.150139080571360e+03	1.053524507692033e+04	4.153731725764930e-17	-inf	
6	0.000000000000000e+00	2.000000000000000e-01	2.386261447706240e-03	6.148443550851243e-03	0.000000000000000e+00	0.000000000000000e+00	2.957834693272139e+05	2.556348124837227e+04	8.534704998557484e-03	3.987632282096344e+04	9.150139080571360e+03	1.053524507692033e+04	0.000000000000000e+00	-inf	
7	2.000000000000000e-01	2.000000000000000e-01	2.386261447706240e-03	6.148443550851243e-03	-1.302851160289737e-16	-1.818989403545857e-18	2.957834693272139e+05	2.556348124837227e+04	8.534704998557484e-03	3.987632282096344e+04	9.150139080571360e+03	1.053524507692033e+04	5.581131904511323e-18	-inf	
8	4.000000000000000e-01	2.000000000000000e-01	2.386261447706240e-03	6.148443550851243e-03	-1.564330887049460e-16	5.002220859751102e-16	2.957834693272139e+05	2.556348124837227e+04	8.534704998557484e-03	3.987632282096344e+04	9.150139080571360e+03	1.053524507692033e+04	2.244963623582092e-17	-inf	
9	5.999999999999999e-01	2.000000000000000e-01	2.386261447706240e-03	6.148443550851243e-03	0.000000000000000e+00	5.406946002040047e-16	2.957834693272139e+05	2.556348124837227e+04	8.534704998557484e-03	3.987632282096344e+04	9.150139080571360e+03	1.053524507692033e+04	2.315992728249677e-17	-inf	
10	7.999999999999999e-01	2.000000000000000e-01	2.386261447706240e-03	6.148443550851243e-03	4.877165338257319e-16	-7.867129170335874e-17	2.957834693272139e+05	2.556348124837227e+04	8.534704998557484e-03	3.987632282096344e+04	9.150139080571360e+03	1.053524507692033e+04	2.116071938987237e-17	-inf	
11	1.000000000000000e+00	2.000000000000000e-01	2.386261447706241e-03	6.148443550851243e-03	9.777068044058965e-16	-4.874891601502889e-16	2.957834693272139e+05	2.556348124837227e+04	8.534704998557484e-03	3.987632282096345e+04	9.150139080571360e+03	1.053524507692033e+04	4.679577127090170e-17	-inf	
12	0.000000000000000e+00	3.999999999999999e-01	2.386261447706240e-03	6.148443550851243e-03	-3.565219230949936e-16	0.000000000000000e+00	2.957834693272139e+05	2.556348124837227e+04	8.534704998557484e-03	3.987632282096344e+04	9.150139080571360e+03	1.053524507692033e+04	1.527113792218485e-17	-inf	
13	2.000000000000000e-01	3.999999999999999e-01	2.386261447706240e-03	6.148443550851243e-03	5.887568540693377e-16	0.000000000000000e+00	2.957834693272139e+05	2.556348124837227e+04	8.534704998557484e-03	3.987632282096344e+04	9.150139080571360e+03	1.053524507692033e+04	2.521860940015437e-17	-inf	
14	3.999999999999999e-01	4.000000000000001e-01	2.386261447706241e-03	6.148443550851243e-03	4.591538590666945e-16	0.000000000000000e+00	2.957834693272139e+05	2.556348124837227e+04	8.534704998557484e-03	3.987632282096345e+04	9.150139080571360e+03	1.053524507692033e+04	1.966723910956426e-17	-inf	
15	6.000000000000001e-01	4.000000000000000e-01	2.386261447706241e-03	6.148443550851243e-03	-5.222773324931035e-16	-9.094947017729280e-19	2.957834693272139e+05	2.556348124837227e+04	8.534704998557484e-03	3.987632282096345e+04	9.150139080571360e+03	1.053524507692033e+04	2.237108226632187e-17	-inf	
16	8.000000000000000e-01	4.000000000000000e-01	2.386261447706240e-03	6.148443550851243e-03	-4.974936018697911e-16	0.000000000000000e+00	2.957834693272139e+05	2.556348124837227e+04	8.534704998557484e-03	3.987632282096344e+04	9.150139080571360e+03	1.053524507692033e+04	2.130947051896676e-17	-inf	
17	1.000000000000000e+00	4.000000000000000e-01	2.386261447706240e-03	6.148443550851243e-03	0.000000000000000e+00	0.000000000000000e+00	2.957834693272139e+05	2.556348124837227e+04	8.534704998557484e-03	3.987632282096344e+04	9.150139080571360e+03	1.053524507692033e+04	0.000000000000000e+00	-inf	
18	0.000000000000000e+00	6.000000000000000e-01	2.386261447706240e-03	6.148443550851243e-03	2.314664016012129e-16	4.984030965715644e-16	2.957834693272139e+05	2.556348124837227e+04	8.534704998557484e-03	3.987632282096344e+04	9.150139080571360e+03	1.053524507692033e+04	2.353834550723616e-17	-inf	
19	2.000000000000000e-01	6.000000000000000e-01	2.386261447706240e-03	6.148443550851243e-03	-8.240009297780340e-18	1.818989403545857e-18	2.957834693272139e+05	2.556348124837227e+04	8.534704998557484e-03	3.987632282096344e+04	9.150139080571360e+03	1.053524507692033e+04	3.614472331800670e-19	-inf	
20	4.000000000000001e-01	6.000000000000002e-01	2.386261447706240e-03	6.148443550851243e-03	0.000000000000000e+00	-5.002220859751106e-16	2.957834693272139e+05	2.556348124837227e+04	8.534704998557484e-03	3.987632282096344e+04	9.150139080571360e+03	1.053524507692033e+04	2.142634147245290e-17	-inf	
21	6.000000000000000e-01	6.000000000000001e-01	2.386261447706240e-03	6.148443550851243e-03	8.240009297780174e-18	-4.974936018697907e-16	2.957834693272139e+05	2.556348124837227e+04	8.534704998557484e-03	3.987632282096344e+04	9.150139080571360e+03	1.053524507692033e+04	2.131239327983891e-17	-inf	
22	8.000000000000000e-01	6.000000000000001e-01	2.386261447706240e-03	6.148443550851243e-03	4.984030965715639e-16	-9.094947017729286e-19	2.957834693272139e+05	2.556348124837227e+04	8.534704998557484e-03	3.987632282096344e+04	9.150139080571360e+03	1.053524507692033e+04	2.134846304812642e-17	-inf	
23	1.000000000000000e+00	6.000000000000001e-01	2.386261447706241e-03	6.148443550851243e-03	1.045464159687980e-15	-9.094947017729280e-19	2.957834693272139e+05	2.556348124837227e+04	8.534704998557484e-03	3.987632282096345e+04	9.150139080571360e+03	1.053524507692033e+04	4.478107062261012e-17	-inf	
24	0.000000000000000e+00	8.000000000000000e-01	2.386261447706241e-03	6.148443550851243e-03	-9.572431736160060e-16	0.000000000000000e+00	2.957834693272139e+05	2.556348124837227e+04	8.534704998557484e-03	3.987632282096345e+04	9.150139080571360e+03	1.053524507692033e+04	4.100222618137573e-17	-inf	
25	2.000000000000000e-01	8.000000000000000e-01	2.386261447706240e-03	6.148443550851243e-03	-4.974936018697907e-16	1.293756213272007e-16	2.957834693272139e+05	2.556348124837227e+04	8.534704998557484e-03	3.987632282096344e+04	9.150139080571360e+03	1.053524507692033e+04	2.201824716982952e-17	-inf	
26	3.999999999999999e-01	8.000000000000000e-01	2.386261447706240e-03	6.148443550851243e-03	-9.094947017729284e-19	0.000000000000000e+00	2.957834693272139e+05	2.556348124837227e+04	8.534704998557484e-03	3.987632282096344e+04	9.150139080571360e+03	1.053524507692033e+04	3.895698449536891e-20	-inf	
27	6.000000000000000e-01	8.000000000000000e-01	2.386261447706240e-03	6.148443550851243e-03	0.000000000000000e+00	-1.152784534497200e-16	2.957834693272139e+05	2.556348124837227e+04	8.534704998557484e-03	3.987632282096344e+04	9.150139080571360e+03	1.053524507692033e+04	4.937797784788066e-18	-inf	
28	8.000000000000000e-01	8.000000000000000e-01	2.386261447706240e-03	6.148443550851243e-03	0.000000000000000e+00	4.963567334925750e-16	2.957834693272139e+05	2.556348124837227e+04	8.534704998557484e-03	3.987632282096344e+04	9.150139080571360e+03	1.053524507692033e+04	2.126077428834755e-17	-inf	
29	1.000000000000000e+00	8.000000000000000e-01	2.386261447706240e-03	6.148443550851243e-03	-8.822098607197387e-17	-4.890807758783912e-16	2.957834693272139e+05	2.556348124837227e+04	8.534704998557484e-03	3.987632282096344e+04	9.150139080571360e+03	1.053524507692033e+04	2.128720506550873e-17	-inf	
30	0.000000000000000e+00	1.000000000000000e+00	2.386261447706240e-03	6.148443550851243e-03	1.818989403545857e-18	-9.986251825466748e-16	2.957834693272139e+05	2.556348124837227e+04	8.534704998557484e-03	3.987632282096344e+04	9.150139080571360e+03	1.053524507692033e+04	4.277483993575508e-17	-inf	
31	2.000000000000000e-01	1.000000000000000e+00	2.386261447706240e-03	6.148443550851243e-03	0.000000000000000e+00	0.000000000000000e+00	2.957834693272139e+05	2.556348124837227e+04	8.534704998557484e-03	3.987632282096344e+04	9.150139080571360e+03	1.053524507692033e+04	0.000000000000000e+00	-inf	
32	3.999999999999999e-01	1.000000000000000e+00	2.386261447706240e-03	6.148443550851243e-03	0.000000000000000e+00	0.000000000000000e+00	2.957834693272139e+05	2.556348124837227e+04	8.534704998557484e-03	3.987632282096344e+04	9.150139080571360e+03	1.053524507692033e+04	0.000000000000000e+00	-inf	
33	6.000000000000000e-01	1.000000000000000e+00	2.386261447706240e-03	6.148443550851243e-03	4.997673386242230e-16	-8.731149137020095e-17	2.957834693272139e+05	2.556348124837227e+04	8.534704998557484e-03	3.987632282096344e+04	9.150139080571360e+03	1.053524507692033e+04	2.173109325589672e-17	-inf	
34	8.000000000000000e-01	1.000000000000000e+00	2.386261447706241e-03	6.148443550851243e-03	0.000000000000000e+00	1.000444171950223e-15	2.957834693272139e+05	2.556348124837227e+04	8.534704998557484e-03	3.987632282096345e+04	9.150139080571360e+03	1.053524507692033e+04	4.285268294490587e-17	-inf	
35	1.000000000000000e+00	1.000000000000000e+00	2.386261447706240e-03	6.148443550851243e-03	-9.977156878449000e-16	-6.912159733474239e-17	2.957834693272139e+05	2.556348124837227e+04	8.534704998557484e-03	3.987632282096344e+04	9.150139080571360e+03	1.053524507692033e+04	4.283824872195663e-17	-inf	
EXT_ITER= 1331
AOA= 0.000000000000000e+00
SIDESLIP_ANGLE= 0.000000000000000e+00
INITIAL_BCTHRUST= 4.000000000000000e+03
DCD_DCL_VALUE= 0.000000000000000e+00
DCMX_DCL_VALUE= 0.000000000000000e+00
DCMY_DCL_VALUE= 0.000000000000000e+00
DCMZ_DCL_VALUE= 0.000000000000000e+00
