"PointID"	"x"	"y"	"Density[0]"	"Density[1]"	"Momentum_x"	"Momentum_y"	"Energy"	"Electronic_Energy"	"Total_Density"	"Pressure"	"Temperature"	"Tve"	"Mach"	"C<sub>p</sub>"
0	0.000000000000000e+00	0.000000000000000e+00	2.850788324765839e-03	5.683916673791657e-03	0.000000000000000e+00	0.000000000000000e+00	2.957834693272139e+05	3.794417135543245e+04	8.534704998557496e-03	4.088276297900549e+04	9.687562669897370e+03	1.276989686459326e+04	0.000000000000000e+00	-inf	
1	2.000000000000000e-01	0.000000000000000e+00	2.850788324765839e-03	5.683916673791657e-03	0.000000000000000e+00	7.094058673828829e-17	2.957834693272139e+05	3.794417135543245e+04	8.534704998557496e-03	4.088276297900549e+04	9.687562669897370e+03	1.276989686459326e+04	3.013676203724505e-18	-inf	
2	4.000000000000000e-01	0.000000000000000e+00	2.850788324765839e-03	5.683916673791657e-03	0.000000000000000e+00	-5.684341886080794e-17	2.957834693272139e+05	3.794417135543245e+04	8.534704998557496e-03	4.088276297900549e+04	9.687562669897370e+03	1.276989686459326e+04	2.414804650420277e-18	-inf	
3	6.000000000000001e-01	0.000000000000000e+00	2.850788324765839e-03	5.683916673791657e-03	0.000000000000000e+00	-9.003997547551973e-17	2.957834693272139e+05	3.794417135543245e+04	8.534704998557496e-03	4.088276297900549e+04	9.687562669897370e+03	1.276989686459326e+04	3.825050566265716e-18	-inf	
4	8.000000000000000e-01	0.000000000000000e+00	2.850788324765839e-03	5.683916673791657e-03	-1.818989403545857e-18	0.000000000000000e+00	2.957834693272139e+05	3.794417135543245e+04	8.534704998557496e-03	4.088276297900549e+04	9.687562669897370e+03	1.276989686459326e+04	7.727374881344897e-20	-inf	
5	1.000000000000000e+00	0.000000000000000e+00	2.850788324765839e-03	5.683916673791657e-03	-2.728484105318784e-18	-4.547473508864640e-18	2.957834693272139e+05	3.794417135543245e+04	8.534704998557496e-03	4.088276297900549e+04	9.687562669897370e+03	1.276989686459326e+04	2.252897560327900e-19	-inf	
6	0.000000000000000e+00	2.000000000000000e-01	2.850788324765839e-03	5.683916673791657e-03	0.000000000000000e+00	0.000000000000000e+00	2.957834693272139e+05	3.794417135543245e+04	8.534704998557496e-03	4.088276297900549e+04	9.687562669897370e+03	1.276989686459326e+04	0.000000000000000e+00	-inf	
7	2.000000000000000e-01	2.000000000000000e-01	2.850788324765839e-03	5.683916673791657e-03	-3.956301952712232e-17	-1.818989403545857e-18	2.957834693272139e+05	3.794417135543245e+04	8.534704998557496e-03	4.088276297900549e+04	9.687562669897370e+03	1.276989686459326e+04	1.682479506921314e-18	-inf	
8	4.000000000000000e-01	2.000000000000000e-01	2.850788324765839e-03	5.683916673791657e-03	-3.456079866737122e-17	0.000000000000000e+00	2.957834693272139e+05	3.794417135543245e+04	8.534704998557496e-03	4.088276297900549e+04	9.687562669897370e+03	1.276989686459326e+04	1.468201227455528e-18	-inf	
9	5.999999999999999e-01	2.000000000000000e-01	2.850788324765839e-03	5.683916673791657e-03	0.000000000000000e+00	4.092726157978170e-17	2.957834693272139e+05	3.794417135543245e+04	8.534704998557496e-03	4.088276297900549e+04	9.687562669897370e+03	1.276989686459326e+04	1.738659348302598e-18	-inf	
10	7.999999999999999e-01	2.000000000000000e-01	2.850788324765839e-03	5.683916673791657e-03	0.000000000000000e+00	-4.274625098332755e-17	2.957834693272139e+05	3.794417135543245e+04	8.534704998557496e-03	4.088276297900549e+04	9.687562669897370e+03	1.276989686459326e+04	1.815933097116047e-18	-inf	
11	1.000000000000000e+00	2.000000000000000e-01	2.850788324765839e-03	5.683916673791657e-03	1.818989403545854e-18	0.000000000000000e+00	2.957834693272139e+05	3.794417135543245e+04	8.534704998557496e-03	4.088276297900549e+04	9.687562669897370e+03	1.276989686459326e+04	7.727374881344887e-20	-inf	
12	0.000000000000000e+00	3.999999999999999e-01	2.850788324765839e-03	5.683916673791657e-03	-1.059561327565459e-16	0.000000000000000e+00	2.957834693272139e+05	3.794417135543245e+04	8.534704998557496e-03	4.088276297900549e+04	9.687562669897370e+03	1.276989686459326e+04	4.501195868383393e-18	-inf	
13	2.000000000000000e-01	3.999999999999999e-01	2.850788324765839e-03	5.683916673791657e-03	5.763730490005451e-17	0.000000000000000e+00	2.957834693272139e+05	3.794417135543245e+04	8.534704998557496e-03	4.088276297900549e+04	9.687562669897370e+03	1.276989686459326e+04	2.448530273155438e-18	-inf	
14	3.999999999999999e-01	4.000000000000001e-01	2.850788324765839e-03	5.683916673791657e-03	-1.330328183823391e-17	0.000000000000000e+00	2.957834693272139e+05	3.794417135543245e+04	8.534704998557496e-03	4.088276297900549e+04	9.687562669897370e+03	1.276989686459326e+04	5.651459305690721e-19	-inf	
15	6.000000000000001e-01	4.000000000000000e-01	2.850788324765839e-03	5.683916673791657e-03	-4.229150363244109e-17	-9.094947017729280e-19	2.957834693272139e+05	3.794417135543245e+04	8.534704998557496e-03	4.088276297900549e+04	9.687562669897370e+03	1.276989686459326e+04	1.797030062151742e-18	-inf	
16	8.000000000000000e-01	4.000000000000000e-01	2.850788324765839e-03	5.683916673791657e-03	2.273736754432322e-18	0.000000000000000e+00	2.957834693272139e+05	3.794417135543245e+04	8.534704998557496e-03	4.088276297900549e+04	9.687562669897370e+03	1.276989686459326e+04	9.659218601681124e-20	-inf	
17	1.000000000000000e+00	4.000000000000000e-01	2.850788324765839e-03	5.683916673791657e-03	0.000000000000000e+00	0.000000000000000e+00	2.957834693272139e+05	3.794417135543245e+04	8.534704998557496e-03	4.088276297900549e+04	9.687562669897370e+03	1.276989686459326e+04	0.000000000000000e+00	-inf	
18	0.000000000000000e+00	6.000000000000000e-01	2.850788324765839e-03	5.683916673791657e-03	5.684341886080794e-17	-1.818989403545856e-18	2.957834693272139e+05	3.794417135543245e+04	8.534704998557496e-03	4.088276297900549e+04	9.687562669897370e+03	1.276989686459326e+04	2.416040714049968e-18	-inf	
19	2.000000000000000e-01	6.000000000000000e-01	2.850788324765839e-03	5.683916673791657e-03	3.861508832925325e-18	1.818989403545857e-18	2.957834693272139e+05	3.794417135543245e+04	8.534704998557496e-03	4.088276297900549e+04	9.687562669897370e+03	1.276989686459326e+04	1.813325113424395e-19	-inf	
20	4.000000000000001e-01	6.000000000000002e-01	2.850788324765839e-03	5.683916673791657e-03	0.000000000000000e+00	0.000000000000000e+00	2.957834693272139e+05	3.794417135543245e+04	8.534704998557496e-03	4.088276297900549e+04	9.687562669897370e+03	1.276989686459326e+04	0.000000000000000e+00	-inf	
21	6.000000000000000e-01	6.000000000000001e-01	2.850788324765839e-03	5.683916673791657e-03	-3.861508832925287e-18	2.273736754432320e-18	2.957834693272139e+05	3.794417135543245e+04	8.534704998557496e-03	4.088276297900549e+04	9.687562669897370e+03	1.276989686459326e+04	1.903688467517143e-19	-inf	
22	8.000000000000000e-01	6.000000000000001e-01	2.850788324765839e-03	5.683916673791657e-03	-1.364242052659393e-18	-9.094947017729286e-19	2.957834693272139e+05	3.794417135543245e+04	8.534704998557496e-03	4.088276297900549e+04	9.687562669897370e+03	1.276989686459326e+04	6.965361589855373e-20	-inf	
23	1.000000000000000e+00	6.000000000000001e-01	2.850788324765839e-03	5.683916673791657e-03	8.549250196665511e-17	-9.094947017729280e-19	2.957834693272139e+05	3.794417135543245e+04	8.534704998557496e-03	4.088276297900549e+04	9.687562669897370e+03	1.276989686459326e+04	3.632071703707106e-18	-inf	
24	0.000000000000000e+00	8.000000000000000e-01	2.850788324765839e-03	5.683916673791657e-03	2.728484105318784e-18	0.000000000000000e+00	2.957834693272139e+05	3.794417135543245e+04	8.534704998557496e-03	4.088276297900549e+04	9.687562669897370e+03	1.276989686459326e+04	1.159106232201734e-19	-inf	
25	2.000000000000000e-01	8.000000000000000e-01	2.850788324765839e-03	5.683916673791657e-03	2.273736754432320e-18	3.865352482534939e-17	2.957834693272139e+05	3.794417135543245e+04	8.534704998557496e-03	4.088276297900549e+04	9.687562669897370e+03	1.276989686459326e+04	1.644905655609709e-18	-inf	
26	3.999999999999999e-01	8.000000000000000e-01	2.850788324765839e-03	5.683916673791657e-03	-9.094947017729284e-19	0.000000000000000e+00	2.957834693272139e+05	3.794417135543245e+04	8.534704998557496e-03	4.088276297900549e+04	9.687562669897370e+03	1.276989686459326e+04	3.863687440672448e-20	-inf	
27	6.000000000000000e-01	8.000000000000000e-01	2.850788324765839e-03	5.683916673791657e-03	0.000000000000000e+00	-2.796696207951750e-17	2.957834693272139e+05	3.794417135543245e+04	8.534704998557496e-03	4.088276297900549e+04	9.687562669897370e+03	1.276989686459326e+04	1.188083888006776e-18	-inf	
28	8.000000000000000e-01	8.000000000000000e-01	2.850788324765839e-03	5.683916673791657e-03	0.000000000000000e+00	0.000000000000000e+00	2.957834693272139e+05	3.794417135543245e+04	8.534704998557496e-03	4.088276297900549e+04	9.687562669897370e+03	1.276989686459326e+04	0.000000000000000e+00	-inf	
29	1.000000000000000e+00	8.000000000000000e-01	2.850788324765839e-03	5.683916673791657e-03	-8.822098607197387e-17	-9.094947017729276e-19	2.957834693272139e+05	3.794417135543245e+04	8.534704998557496e-03	4.088276297900549e+04	9.687562669897370e+03	1.276989686459326e+04	3.747975971307255e-18	-inf	
30	0.000000000000000e+00	1.000000000000000e+00	2.850788324765839e-03	5.683916673791657e-03	1.818989403545857e-18	1.818989403545857e-18	2.957834693272139e+05	3.794417135543245e+04	8.534704998557496e-03	4.088276297900549e+04	9.687562669897370e+03	1.276989686459326e+04	1.092815835873914e-19	-inf	
31	2.000000000000000e-01	1.000000000000000e+00	2.850788324765839e-03	5.683916673791657e-03	0.000000000000000e+00	0.000000000000000e+00	2.957834693272139e+05	3.794417135543245e+04	8.534704998557496e-03	4.088276297900549e+04	9.687562669897370e+03	1.276989686459326e+04	0.000000000000000e+00	-inf	
32	3.999999999999999e-01	1.000000000000000e+00	2.850788324765839e-03	5.683916673791657e-03	0.000000000000000e+00	0.000000000000000e+00	2.957834693272139e+05	3.794417135543245e+04	8.534704998557496e-03	4.088276297900549e+04	9.687562669897370e+03	1.276989686459326e+04	0.000000000000000e+00	-inf	
33	6.000000000000000e-01	1.000000000000000e+00	2.850788324765839e-03	5.683916673791657e-03	0.000000000000000e+00	-8.731149137020095e-17	2.957834693272139e+05	3.794417135543245e+04	8.534704998557496e-03	4.088276297900549e+04	9.687562669897370e+03	1.276989686459326e+04	3.709139943045543e-18	-inf	
34	8.000000000000000e-01	1.000000000000000e+00	2.850788324765839e-03	5.683916673791657e-03	0.000000000000000e+00	-3.819877747446298e-17	2.957834693272139e+05	3.794417135543245e+04	8.534704998557496e-03	4.088276297900549e+04	9.687562669897370e+03	1.276989686459326e+04	1.622748725082428e-18	-inf	
35	1.000000000000000e+00	1.000000000000000e+00	2.850788324765839e-03	5.683916673791657e-03	1.818989403545856e-18	1.909938873723150e-17	2.957834693272139e+05	3.794417135543245e+04	8.534704998557496e-03	4.088276297900549e+04	9.687562669897370e+03	1.276989686459326e+04	8.150457584975495e-19	-inf	
EXT_ITER= 396
AOA= 0.000000000000000e+00
SIDESLIP_ANGLE= 0.000000000000000e+00
INITIAL_BCTHRUST= 4.000000000000000e+03
DCD_DCL_VALUE= 0.000000000000000e+00
DCMX_DCL_VALUE= 0.000000000000000e+00
DCMY_DCL_VALUE= 0.000000000000000e+00
DCMZ_DCL_VALUE= 0.000000000000000e+00
