"PointID"	"x"	"y"	"Density[0]"	"Density[1]"	"Momentum_x"	"Momentum_y"	"Energy"	"Electronic_Energy"	"Total_Density"	"Pressure"	"Temperature"	"Tve"	"Mach"	"C<sub>p</sub>"
0	0.000000000000000e+00	0.000000000000000e+00	1.891326015699915e-03	6.643378982857599e-03	0.000000000000000e+00	0.000000000000000e+00	2.957834693272139e+05	1.467046002619747e+04	8.534704998557515e-03	3.727655383572430e+04	8.274668209789183e+03	8.405800075997357e+03	0.000000000000000e+00	-inf	
1	2.000000000000000e-01	0.000000000000000e+00	1.891326015699915e-03	6.643378982857599e-03	0.000000000000000e+00	1.381067704642227e-15	2.957834693272139e+05	1.467046002619747e+04	8.534704998557515e-03	3.727655383572430e+04	8.274668209789183e+03	8.405800075997357e+03	6.091792078818839e-17	-inf	
2	4.000000000000000e-01	0.000000000000000e+00	1.891326015699915e-03	6.643378982857599e-03	0.000000000000000e+00	-1.097760105039923e-15	2.957834693272139e+05	1.467046002619747e+04	8.534704998557515e-03	3.727655383572430e+04	8.274668209789183e+03	8.405800075997357e+03	4.842142271408716e-17	-inf	
3	6.000000000000001e-01	0.000000000000000e+00	1.891326015699915e-03	6.643378982857599e-03	0.000000000000000e+00	-1.071839506039391e-15	2.957834693272139e+05	1.467046002619747e+04	8.534704998557515e-03	3.727655383572430e+04	8.274668209789183e+03	8.405800075997357e+03	4.727808340393665e-17	-inf	
4	8.000000000000000e-01	0.000000000000000e+00	1.891326015699915e-03	6.643378982857599e-03	3.415152605157342e-16	0.000000000000000e+00	2.957834693272139e+05	1.467046002619747e+04	8.534704998557515e-03	3.727655383572430e+04	8.274668209789183e+03	8.405800075997357e+03	1.506399687584071e-17	-inf	
5	1.000000000000000e+00	0.000000000000000e+00	1.891326015699916e-03	6.643378982857599e-03	6.557456799782830e-16	-1.164153218269347e-16	2.957834693272139e+05	1.467046002619747e+04	8.534704998557515e-03	3.727655383572435e+04	8.274668209789193e+03	8.405800075997358e+03	2.937675386732629e-17	-inf	
6	0.000000000000000e+00	2.000000000000000e-01	1.891326015699915e-03	6.643378982857599e-03	0.000000000000000e+00	0.000000000000000e+00	2.957834693272139e+05	1.467046002619747e+04	8.534704998557515e-03	3.727655383572430e+04	8.274668209789183e+03	8.405800075997357e+03	0.000000000000000e+00	-inf	
7	2.000000000000000e-01	2.000000000000000e-01	1.891326015699915e-03	6.643378982857599e-03	-6.891696102684542e-16	-1.818989403545857e-18	2.957834693272139e+05	1.467046002619747e+04	8.534704998557515e-03	3.727655383572430e+04	8.274668209789183e+03	8.405800075997357e+03	3.039889052571600e-17	-inf	
8	4.000000000000000e-01	2.000000000000000e-01	1.891326015699915e-03	6.643378982857599e-03	-6.896243576193406e-16	3.433342499192800e-16	2.957834693272139e+05	1.467046002619747e+04	8.534704998557515e-03	3.727655383572430e+04	8.274668209789183e+03	8.405800075997357e+03	3.398019661819489e-17	-inf	
9	5.999999999999999e-01	2.000000000000000e-01	1.891326015699915e-03	6.643378982857599e-03	0.000000000000000e+00	8.951701602200019e-16	2.957834693272139e+05	1.467046002619747e+04	8.534704998557515e-03	3.727655383572430e+04	8.274668209789183e+03	8.405800075997357e+03	3.948532336896456e-17	-inf	
10	7.999999999999999e-01	2.000000000000000e-01	1.891326015699915e-03	6.643378982857599e-03	3.269633452873678e-16	-5.359197530196953e-16	2.957834693272139e+05	1.467046002619747e+04	8.534704998557515e-03	3.727655383572430e+04	8.274668209789183e+03	8.405800075997357e+03	2.769118814044856e-17	-inf	
11	1.000000000000000e+00	2.000000000000000e-01	1.891326015699916e-03	6.643378982857599e-03	6.425580068025749e-16	-3.228706191293903e-16	2.957834693272139e+05	1.467046002619747e+04	8.534704998557515e-03	3.727655383572435e+04	8.274668209789193e+03	8.405800075997358e+03	3.171964989089712e-17	-inf	
12	0.000000000000000e+00	3.999999999999999e-01	1.891326015699915e-03	6.643378982857599e-03	-1.258285919902898e-15	0.000000000000000e+00	2.957834693272139e+05	1.467046002619747e+04	8.534704998557515e-03	3.727655383572430e+04	8.274668209789183e+03	8.405800075997357e+03	5.550210300326632e-17	-inf	
13	2.000000000000000e-01	3.999999999999999e-01	1.891326015699915e-03	6.643378982857599e-03	6.907131590182883e-16	0.000000000000000e+00	2.957834693272139e+05	1.467046002619747e+04	8.534704998557515e-03	3.727655383572430e+04	8.274668209789183e+03	8.405800075997357e+03	3.046686948583427e-17	-inf	
14	3.999999999999999e-01	4.000000000000001e-01	1.891326015699916e-03	6.643378982857599e-03	2.682528700447606e-16	0.000000000000000e+00	2.957834693272139e+05	1.467046002619747e+04	8.534704998557515e-03	3.727655383572435e+04	8.274668209789193e+03	8.405800075997358e+03	1.183244458882212e-17	-inf	
15	6.000000000000001e-01	4.000000000000000e-01	1.891326015699916e-03	6.643378982857599e-03	-8.424194675171712e-16	-9.094947017729280e-19	2.957834693272139e+05	1.467046002619747e+04	8.534704998557515e-03	3.727655383572435e+04	8.274668209789193e+03	8.405800075997358e+03	3.715854923557190e-17	-inf	
16	8.000000000000000e-01	4.000000000000000e-01	1.891326015699915e-03	6.643378982857599e-03	-3.547029336914423e-16	0.000000000000000e+00	2.957834693272139e+05	1.467046002619747e+04	8.534704998557515e-03	3.727655383572430e+04	8.274668209789183e+03	8.405800075997357e+03	1.564569582311022e-17	-inf	
17	1.000000000000000e+00	4.000000000000000e-01	1.891326015699915e-03	6.643378982857599e-03	0.000000000000000e+00	0.000000000000000e+00	2.957834693272139e+05	1.467046002619747e+04	8.534704998557515e-03	3.727655383572430e+04	8.274668209789183e+03	8.405800075997357e+03	0.000000000000000e+00	-inf	
18	0.000000000000000e+00	6.000000000000000e-01	1.891326015699915e-03	6.643378982857599e-03	1.097760105039923e-15	3.415152605157341e-16	2.957834693272139e+05	1.467046002619747e+04	8.534704998557515e-03	3.727655383572430e+04	8.274668209789183e+03	8.405800075997357e+03	5.071053322073881e-17	-inf	
19	2.000000000000000e-01	6.000000000000000e-01	1.891326015699915e-03	6.643378982857599e-03	2.559709136857975e-17	1.818989403545857e-18	2.957834693272139e+05	1.467046002619747e+04	8.534704998557515e-03	3.727655383572430e+04	8.274668209789183e+03	8.405800075997357e+03	1.131916847240116e-18	-inf	
20	4.000000000000001e-01	6.000000000000002e-01	1.891326015699915e-03	6.643378982857599e-03	0.000000000000000e+00	-3.433342499192802e-16	2.957834693272139e+05	1.467046002619747e+04	8.534704998557515e-03	3.727655383572430e+04	8.274668209789183e+03	8.405800075997357e+03	1.514423121339513e-17	-inf	
21	6.000000000000000e-01	6.000000000000001e-01	1.891326015699915e-03	6.643378982857599e-03	-2.559709136857932e-17	-3.610693966038533e-16	2.957834693272139e+05	1.467046002619747e+04	8.534704998557515e-03	3.727655383572430e+04	8.274668209789183e+03	8.405800075997357e+03	1.596648709777302e-17	-inf	
22	8.000000000000000e-01	6.000000000000001e-01	1.891326015699915e-03	6.643378982857599e-03	5.695710569852962e-16	-9.094947017729286e-19	2.957834693272139e+05	1.467046002619747e+04	8.534704998557515e-03	3.727655383572430e+04	8.274668209789183e+03	8.405800075997357e+03	2.512340897638030e-17	-inf	
23	1.000000000000000e+00	6.000000000000001e-01	1.891326015699916e-03	6.643378982857599e-03	1.257831172551954e-15	-9.094947017729280e-19	2.957834693272139e+05	1.467046002619747e+04	8.534704998557515e-03	3.727655383572435e+04	8.274668209789193e+03	8.405800075997358e+03	5.548205892254960e-17	-inf	
24	0.000000000000000e+00	8.000000000000000e-01	1.891326015699916e-03	6.643378982857599e-03	-6.029949872754531e-16	0.000000000000000e+00	2.957834693272139e+05	1.467046002619747e+04	8.534704998557515e-03	3.727655383572435e+04	8.274668209789193e+03	8.405800075997358e+03	2.659768289928741e-17	-inf	
25	2.000000000000000e-01	8.000000000000000e-01	1.891326015699915e-03	6.643378982857599e-03	-3.610693966038533e-16	6.882601155666810e-16	2.957834693272139e+05	1.467046002619747e+04	8.534704998557515e-03	3.727655383572430e+04	8.274668209789183e+03	8.405800075997357e+03	3.428268663229092e-17	-inf	
26	3.999999999999999e-01	8.000000000000000e-01	1.891326015699915e-03	6.643378982857599e-03	-9.094947017729284e-19	0.000000000000000e+00	2.957834693272139e+05	1.467046002619747e+04	8.534704998557515e-03	3.727655383572430e+04	8.274668209789183e+03	8.405800075997357e+03	4.011716877720568e-20	-inf	
27	6.000000000000000e-01	8.000000000000000e-01	1.891326015699915e-03	6.643378982857599e-03	0.000000000000000e+00	-6.759819370927449e-16	2.957834693272139e+05	1.467046002619747e+04	8.534704998557515e-03	3.727655383572430e+04	8.274668209789183e+03	8.405800075997357e+03	2.981708569365881e-17	-inf	
28	8.000000000000000e-01	8.000000000000000e-01	1.891326015699915e-03	6.643378982857599e-03	0.000000000000000e+00	3.371951606823121e-16	2.957834693272139e+05	1.467046002619747e+04	8.534704998557515e-03	3.727655383572430e+04	8.274668209789183e+03	8.405800075997357e+03	1.487344032414895e-17	-inf	
29	1.000000000000000e+00	8.000000000000000e-01	1.891326015699915e-03	6.643378982857599e-03	-1.070020516635845e-15	-3.312834451207907e-16	2.957834693272139e+05	1.467046002619747e+04	8.534704998557515e-03	3.727655383572430e+04	8.274668209789183e+03	8.405800075997357e+03	4.940817074203778e-17	-inf	
30	0.000000000000000e+00	1.000000000000000e+00	1.891326015699915e-03	6.643378982857599e-03	1.818989403545857e-18	-6.848495104350146e-16	2.957834693272139e+05	1.467046002619747e+04	8.534704998557515e-03	3.727655383572430e+04	8.274668209789183e+03	8.405800075997357e+03	3.020833464195305e-17	-inf	
31	2.000000000000000e-01	1.000000000000000e+00	1.891326015699915e-03	6.643378982857599e-03	0.000000000000000e+00	0.000000000000000e+00	2.957834693272139e+05	1.467046002619747e+04	8.534704998557515e-03	3.727655383572430e+04	8.274668209789183e+03	8.405800075997357e+03	0.000000000000000e+00	-inf	
32	3.999999999999999e-01	1.000000000000000e+00	1.891326015699915e-03	6.643378982857599e-03	0.000000000000000e+00	0.000000000000000e+00	2.957834693272139e+05	1.467046002619747e+04	8.534704998557515e-03	3.727655383572430e+04	8.274668209789183e+03	8.405800075997357e+03	0.000000000000000e+00	-inf	
33	6.000000000000000e-01	1.000000000000000e+00	1.891326015699915e-03	6.643378982857599e-03	3.569766704458744e-16	-8.139977580867475e-16	2.957834693272139e+05	1.467046002619747e+04	8.534704998557515e-03	3.727655383572430e+04	8.274668209789183e+03	8.405800075997357e+03	3.920581038608665e-17	-inf	
34	8.000000000000000e-01	1.000000000000000e+00	1.891326015699916e-03	6.643378982857599e-03	0.000000000000000e+00	4.329194780439068e-16	2.957834693272139e+05	1.467046002619747e+04	8.534704998557515e-03	3.727655383572435e+04	8.274668209789193e+03	8.405800075997358e+03	1.909577233794958e-17	-inf	
35	1.000000000000000e+00	1.000000000000000e+00	1.891326015699915e-03	6.643378982857599e-03	-7.121343514882027e-16	8.594724931754156e-17	2.957834693272139e+05	1.467046002619747e+04	8.534704998557515e-03	3.727655383572430e+04	8.274668209789183e+03	8.405800075997357e+03	3.163968770703730e-17	-inf	
EXT_ITER= 8550
AOA= 0.000000000000000e+00
SIDESLIP_ANGLE= 0.000000000000000e+00
INITIAL_BCTHRUST= 4.000000000000000e+03
DCD_DCL_VALUE= 0.000000000000000e+00
DCMX_DCL_VALUE= 0.000000000000000e+00
DCMY_DCL_VALUE= 0.000000000000000e+00
DCMZ_DCL_VALUE= 0.000000000000000e+00
