"PointID"	"x"	"y"	"Density[0]"	"Density[1]"	"Momentum_x"	"Momentum_y"	"Energy"	"Electronic_Energy"	"Total_Density"	"Pressure"	"Temperature"	"Tve"	"Mach"	"C<sub>p</sub>"
0	0.000000000000000e+00	0.000000000000000e+00	2.116489554683940e-03	6.418215443873543e-03	0.000000000000000e+00	0.000000000000000e+00	2.957834693272139e+05	1.855733872519996e+04	8.534704998557484e-03	3.913251382273324e+04	8.817460227170413e+03	9.187236313032277e+03	0.000000000000000e+00	-inf	
1	2.000000000000000e-01	0.000000000000000e+00	2.116489554683940e-03	6.418215443873543e-03	0.000000000000000e+00	7.403286872431465e-16	2.957834693272139e+05	1.855733872519996e+04	8.534704998557484e-03	3.913251382273324e+04	8.817460227170413e+03	9.187236313032277e+03	3.193440877715005e-17	-inf	
2	4.000000000000000e-01	0.000000000000000e+00	2.116489554683940e-03	6.418215443873543e-03	0.000000000000000e+00	-6.039044819772187e-16	2.957834693272139e+05	1.855733872519996e+04	8.534704998557484e-03	3.913251382273324e+04	8.817460227170413e+03	9.187236313032277e+03	2.604968971502202e-17	-inf	
3	6.000000000000001e-01	0.000000000000000e+00	2.116489554683940e-03	6.418215443873543e-03	0.000000000000000e+00	-1.800799509510412e-16	2.957834693272139e+05	1.855733872519996e+04	8.534704998557484e-03	3.913251382273324e+04	8.817460227170413e+03	9.187236313032277e+03	7.767829162009713e-18	-inf	
4	8.000000000000000e-01	0.000000000000000e+00	2.116489554683940e-03	6.418215443873543e-03	1.621174305910237e-16	0.000000000000000e+00	2.957834693272139e+05	1.855733872519996e+04	8.534704998557484e-03	3.913251382273324e+04	8.817460227170413e+03	9.187236313032277e+03	6.993007818829362e-18	-inf	
5	1.000000000000000e+00	0.000000000000000e+00	2.116489554683941e-03	6.418215443873543e-03	2.560227585490769e-16	3.196873876731891e-16	2.957834693272139e+05	1.855733872519996e+04	8.534704998557484e-03	3.913251382273324e+04	8.817460227170413e+03	9.187236313032277e+03	1.766698992800719e-17	-inf	
6	0.000000000000000e+00	2.000000000000000e-01	2.116489554683940e-03	6.418215443873543e-03	0.000000000000000e+00	0.000000000000000e+00	2.957834693272139e+05	1.855733872519996e+04	8.534704998557484e-03	3.913251382273324e+04	8.817460227170413e+03	9.187236313032277e+03	0.000000000000000e+00	-inf	
7	2.000000000000000e-01	2.000000000000000e-01	2.116489554683940e-03	6.418215443873543e-03	-3.174136509187479e-16	-1.818989403545857e-18	2.957834693272139e+05	1.855733872519996e+04	8.534704998557484e-03	3.913251382273324e+04	8.817460227170413e+03	9.187236313032277e+03	1.369200450482912e-17	-inf	
8	4.000000000000000e-01	2.000000000000000e-01	2.116489554683940e-03	6.418215443873543e-03	-3.692548489198004e-16	1.639364199945695e-16	2.957834693272139e+05	1.855733872519996e+04	8.534704998557484e-03	3.913251382273324e+04	8.817460227170413e+03	9.187236313032277e+03	1.742716328098351e-17	-inf	
9	5.999999999999999e-01	2.000000000000000e-01	2.116489554683940e-03	6.418215443873543e-03	0.000000000000000e+00	2.551132638473071e-16	2.957834693272139e+05	1.855733872519996e+04	8.534704998557484e-03	3.913251382273324e+04	8.817460227170413e+03	9.187236313032277e+03	1.100442464618037e-17	-inf	
10	7.999999999999999e-01	2.000000000000000e-01	2.116489554683940e-03	6.418215443873543e-03	1.518856151960791e-16	-1.750777300912915e-16	2.957834693272139e+05	1.855733872519996e+04	8.534704998557484e-03	3.913251382273324e+04	8.817460227170413e+03	9.187236313032277e+03	9.997885800012509e-18	-inf	
11	1.000000000000000e+00	2.000000000000000e-01	2.116489554683941e-03	6.418215443873543e-03	2.632987161632617e-16	-1.268745108973226e-16	2.957834693272139e+05	1.855733872519996e+04	8.534704998557484e-03	3.913251382273324e+04	8.817460227170413e+03	9.187236313032277e+03	1.260731532312614e-17	-inf	
12	0.000000000000000e+00	3.999999999999999e-01	2.116489554683940e-03	6.418215443873543e-03	-8.149072527885203e-16	0.000000000000000e+00	2.957834693272139e+05	1.855733872519996e+04	8.534704998557484e-03	3.913251382273324e+04	8.817460227170413e+03	9.187236313032277e+03	3.515138853111337e-17	-inf	
13	2.000000000000000e-01	3.999999999999999e-01	2.116489554683940e-03	6.418215443873543e-03	3.174843550776660e-16	0.000000000000000e+00	2.957834693272139e+05	1.855733872519996e+04	8.534704998557484e-03	3.913251382273324e+04	8.817460227170413e+03	9.187236313032277e+03	1.369482954004481e-17	-inf	
14	3.999999999999999e-01	4.000000000000001e-01	2.116489554683941e-03	6.418215443873543e-03	1.103469367488804e-16	0.000000000000000e+00	2.957834693272139e+05	1.855733872519996e+04	8.534704998557484e-03	3.913251382273324e+04	8.817460227170413e+03	9.187236313032277e+03	4.759864430712952e-18	-inf	
15	6.000000000000001e-01	4.000000000000000e-01	2.116489554683941e-03	6.418215443873543e-03	-2.019078237935915e-16	-9.094947017729280e-19	2.957834693272139e+05	1.855733872519996e+04	8.534704998557484e-03	3.913251382273324e+04	8.817460227170413e+03	9.187236313032277e+03	8.709472570647144e-18	-inf	
16	8.000000000000000e-01	4.000000000000000e-01	2.116489554683940e-03	6.418215443873543e-03	-1.653006620472293e-16	0.000000000000000e+00	2.957834693272139e+05	1.855733872519996e+04	8.534704998557484e-03	3.913251382273324e+04	8.817460227170413e+03	9.187236313032277e+03	7.130317930279044e-18	-inf	
17	1.000000000000000e+00	4.000000000000000e-01	2.116489554683940e-03	6.418215443873543e-03	0.000000000000000e+00	0.000000000000000e+00	2.957834693272139e+05	1.855733872519996e+04	8.534704998557484e-03	3.913251382273324e+04	8.817460227170413e+03	9.187236313032277e+03	0.000000000000000e+00	-inf	
18	0.000000000000000e+00	6.000000000000000e-01	2.116489554683940e-03	6.418215443873543e-03	6.039044819772187e-16	1.621174305910236e-16	2.957834693272139e+05	1.855733872519996e+04	8.534704998557484e-03	3.913251382273324e+04	8.817460227170413e+03	9.187236313032277e+03	2.697199459815926e-17	-inf	
19	2.000000000000000e-01	6.000000000000000e-01	2.116489554683940e-03	6.418215443873543e-03	-2.714343273536022e-17	1.818989403545857e-18	2.957834693272139e+05	1.855733872519996e+04	8.534704998557484e-03	3.913251382273324e+04	8.817460227170413e+03	9.187236313032277e+03	1.173470212584751e-18	-inf	
20	4.000000000000001e-01	6.000000000000002e-01	2.116489554683940e-03	6.418215443873543e-03	0.000000000000000e+00	-1.639364199945697e-16	2.957834693272139e+05	1.855733872519996e+04	8.534704998557484e-03	3.913251382273324e+04	8.817460227170413e+03	9.187236313032277e+03	7.071470739657748e-18	-inf	
21	6.000000000000000e-01	6.000000000000001e-01	2.116489554683940e-03	6.418215443873543e-03	2.714343273536041e-17	-1.668922777753320e-16	2.957834693272139e+05	1.855733872519996e+04	8.534704998557484e-03	3.913251382273324e+04	8.817460227170413e+03	9.187236313032277e+03	7.293564832308846e-18	-inf	
22	8.000000000000000e-01	6.000000000000001e-01	2.116489554683940e-03	6.418215443873543e-03	1.662101567490020e-16	-9.094947017729286e-19	2.957834693272139e+05	1.855733872519996e+04	8.534704998557484e-03	3.913251382273324e+04	8.817460227170413e+03	9.187236313032277e+03	7.169656726306763e-18	-inf	
23	1.000000000000000e+00	6.000000000000001e-01	2.116489554683941e-03	6.418215443873543e-03	4.047251422889559e-16	-9.094947017729280e-19	2.957834693272139e+05	1.855733872519996e+04	8.534704998557484e-03	3.913251382273324e+04	8.817460227170413e+03	9.187236313032277e+03	1.745804396455169e-17	-inf	
24	0.000000000000000e+00	8.000000000000000e-01	2.116489554683941e-03	6.418215443873543e-03	-2.232809492852551e-16	0.000000000000000e+00	2.957834693272139e+05	1.855733872519996e+04	8.534704998557484e-03	3.913251382273324e+04	8.817460227170413e+03	9.187236313032277e+03	9.631323531683734e-18	-inf	
25	2.000000000000000e-01	8.000000000000000e-01	2.116489554683940e-03	6.418215443873543e-03	-1.668922777753320e-16	3.165041562169750e-16	2.957834693272139e+05	1.855733872519996e+04	8.534704998557484e-03	3.913251382273324e+04	8.817460227170413e+03	9.187236313032277e+03	1.543428926337806e-17	-inf	
26	3.999999999999999e-01	8.000000000000000e-01	2.116489554683940e-03	6.418215443873543e-03	-9.094947017729284e-19	0.000000000000000e+00	2.957834693272139e+05	1.855733872519996e+04	8.534704998557484e-03	3.913251382273324e+04	8.817460227170413e+03	9.187236313032277e+03	3.923146041419016e-20	-inf	
27	6.000000000000000e-01	8.000000000000000e-01	2.116489554683940e-03	6.418215443873543e-03	0.000000000000000e+00	-3.160494088660886e-16	2.957834693272139e+05	1.855733872519996e+04	8.534704998557484e-03	3.913251382273324e+04	8.817460227170413e+03	9.187236313032277e+03	1.363293249393091e-17	-inf	
28	8.000000000000000e-01	8.000000000000000e-01	2.116489554683940e-03	6.418215443873543e-03	0.000000000000000e+00	1.618900569155801e-16	2.957834693272139e+05	1.855733872519996e+04	8.534704998557484e-03	3.913251382273324e+04	8.817460227170413e+03	9.187236313032277e+03	6.983199953725800e-18	-inf	
29	1.000000000000000e+00	8.000000000000000e-01	2.116489554683940e-03	6.418215443873543e-03	-1.782609615474953e-16	-1.523403625469661e-16	2.957834693272139e+05	1.855733872519996e+04	8.534704998557484e-03	3.913251382273324e+04	8.817460227170413e+03	9.187236313032277e+03	1.011473863239009e-17	-inf	
30	0.000000000000000e+00	1.000000000000000e+00	2.116489554683940e-03	6.418215443873543e-03	1.818989403545857e-18	-3.260538505855935e-16	2.957834693272139e+05	1.855733872519996e+04	8.534704998557484e-03	3.913251382273324e+04	8.817460227170413e+03	9.187236313032277e+03	1.406469742127746e-17	-inf	
31	2.000000000000000e-01	1.000000000000000e+00	2.116489554683940e-03	6.418215443873543e-03	0.000000000000000e+00	0.000000000000000e+00	2.957834693272139e+05	1.855733872519996e+04	8.534704998557484e-03	3.913251382273324e+04	8.817460227170413e+03	9.187236313032277e+03	0.000000000000000e+00	-inf	
32	3.999999999999999e-01	1.000000000000000e+00	2.116489554683940e-03	6.418215443873543e-03	0.000000000000000e+00	0.000000000000000e+00	2.957834693272139e+05	1.855733872519996e+04	8.534704998557484e-03	3.913251382273324e+04	8.817460227170413e+03	9.187236313032277e+03	0.000000000000000e+00	-inf	
33	6.000000000000000e-01	1.000000000000000e+00	2.116489554683940e-03	6.418215443873543e-03	1.675743988016612e-16	-1.482476363889880e-16	2.957834693272139e+05	1.855733872519996e+04	8.534704998557484e-03	3.913251382273324e+04	8.817460227170413e+03	9.187236313032277e+03	9.651023983930871e-18	-inf	
34	8.000000000000000e-01	1.000000000000000e+00	2.116489554683941e-03	6.418215443873543e-03	0.000000000000000e+00	5.570655048359209e-16	2.957834693272139e+05	1.855733872519996e+04	8.534704998557484e-03	3.913251382273324e+04	8.817460227170413e+03	9.187236313032277e+03	2.402926950369157e-17	-inf	
35	1.000000000000000e+00	1.000000000000000e+00	2.116489554683940e-03	6.418215443873543e-03	-3.333298081997764e-16	-3.146851668134378e-16	2.957834693272139e+05	1.855733872519996e+04	8.534704998557484e-03	3.913251382273324e+04	8.817460227170413e+03	9.187236313032277e+03	1.977352200200598e-17	-inf	
EXT_ITER= 3356
AOA= 0.000000000000000e+00
SIDESLIP_ANGLE= 0.000000000000000e+00
INITIAL_BCTHRUST= 4.000000000000000e+03
DCD_DCL_VALUE= 0.000000000000000e+00
DCMX_DCL_VALUE= 0.000000000000000e+00
DCMY_DCL_VALUE= 0.000000000000000e+00
DCMZ_DCL_VALUE= 0.000000000000000e+00
