"PointID"	"x"	"y"	"Density[0]"	"Density[1]"	"Momentum_x"	"Momentum_y"	"Energy"	"Electronic_Energy"	"Total_Density"	"Pressure"	"Temperature"	"Tve"	"Mach"	"C<sub>p</sub>"
0	0.000000000000000e+00	0.000000000000000e+00	2.485323887511139e-03	6.049381111046353e-03	0.000000000000000e+00	0.000000000000000e+00	2.957834693272139e+05	2.855733568312999e+04	8.534704998557491e-03	3.988796735607745e+04	9.214981561169685e+03	1.109425742846377e+04	0.000000000000000e+00	-inf	
1	2.000000000000000e-01	0.000000000000000e+00	2.485323887511139e-03	6.049381111046353e-03	0.000000000000000e+00	2.205524651799375e-16	2.957834693272139e+05	2.855733568312999e+04	8.534704998557491e-03	3.988796735607745e+04	9.214981561169685e+03	1.109425742846377e+04	9.454086126368049e-18	-inf	
2	4.000000000000000e-01	0.000000000000000e+00	2.485323887511139e-03	6.049381111046353e-03	0.000000000000000e+00	-1.709850039333117e-16	2.957834693272139e+05	2.855733568312999e+04	8.534704998557491e-03	3.988796735607745e+04	9.214981561169685e+03	1.109425742846377e+04	7.329353368070871e-18	-inf	
3	6.000000000000001e-01	0.000000000000000e+00	2.485323887511139e-03	6.049381111046353e-03	0.000000000000000e+00	-9.003997547551973e-17	2.957834693272139e+05	2.855733568312999e+04	8.534704998557491e-03	3.988796735607745e+04	9.214981561169685e+03	1.109425742846377e+04	3.859606294888349e-18	-inf	
4	8.000000000000000e-01	0.000000000000000e+00	2.485323887511139e-03	6.049381111046353e-03	3.285549610154703e-16	0.000000000000000e+00	2.957834693272139e+05	2.855733568312999e+04	8.534704998557491e-03	3.988796735607745e+04	9.214981561169685e+03	1.109425742846377e+04	1.408366438412544e-17	-inf	
5	1.000000000000000e+00	0.000000000000000e+00	2.485323887511139e-03	6.049381111046354e-03	6.380105332937080e-16	4.229150363244109e-17	2.957834693272139e+05	2.855733568313000e+04	8.534704998557492e-03	3.988796735607740e+04	9.214981561169672e+03	1.109425742846377e+04	2.740864216070182e-17	-inf	
6	0.000000000000000e+00	2.000000000000000e-01	2.485323887511139e-03	6.049381111046353e-03	0.000000000000000e+00	0.000000000000000e+00	2.957834693272139e+05	2.855733568312999e+04	8.534704998557491e-03	3.988796735607745e+04	9.214981561169685e+03	1.109425742846377e+04	0.000000000000000e+00	-inf	
7	2.000000000000000e-01	2.000000000000000e-01	2.485323887511139e-03	6.049381111046353e-03	-1.009539118967960e-16	-1.818989403545857e-18	2.957834693272139e+05	2.855733568312999e+04	8.534704998557491e-03	3.988796735607745e+04	9.214981561169685e+03	1.109425742846377e+04	4.328139752980504e-18	-inf	
8	4.000000000000000e-01	2.000000000000000e-01	2.485323887511139e-03	6.049381111046353e-03	-1.093667378881958e-16	3.303739504190160e-16	2.957834693272139e+05	2.855733568312999e+04	8.534704998557491e-03	3.988796735607745e+04	9.214981561169685e+03	1.109425742846377e+04	1.491743343959761e-17	-inf	
9	5.999999999999999e-01	2.000000000000000e-01	2.485323887511139e-03	6.049381111046353e-03	0.000000000000000e+00	3.710738383233547e-16	2.957834693272139e+05	2.855733568312999e+04	8.534704998557491e-03	3.988796735607745e+04	9.214981561169685e+03	1.109425742846377e+04	1.590625624560050e-17	-inf	
10	7.999999999999999e-01	2.000000000000000e-01	2.485323887511139e-03	6.049381111046353e-03	3.230979928048325e-16	-6.775735528208333e-17	2.957834693272139e+05	2.855733568312999e+04	8.534704998557491e-03	3.988796735607745e+04	9.214981561169685e+03	1.109425742846377e+04	1.415102045867035e-17	-inf	
11	1.000000000000000e+00	2.000000000000000e-01	2.485323887511139e-03	6.049381111046354e-03	6.411937647499141e-16	-3.192326403222977e-16	2.957834693272139e+05	2.855733568313000e+04	8.534704998557492e-03	3.988796735607740e+04	9.214981561169672e+03	1.109425742846377e+04	3.070314018020623e-17	-inf	
12	0.000000000000000e+00	3.999999999999999e-01	2.485323887511139e-03	6.049381111046353e-03	-2.642082108650391e-16	0.000000000000000e+00	2.957834693272139e+05	2.855733568312999e+04	8.534704998557491e-03	3.988796735607745e+04	9.214981561169685e+03	1.109425742846377e+04	1.132541039055639e-17	-inf	
13	2.000000000000000e-01	3.999999999999999e-01	2.485323887511139e-03	6.049381111046353e-03	4.059185011205305e-16	0.000000000000000e+00	2.957834693272139e+05	2.855733568312999e+04	8.534704998557491e-03	3.988796735607745e+04	9.214981561169685e+03	1.109425742846377e+04	1.739988925877037e-17	-inf	
14	3.999999999999999e-01	4.000000000000001e-01	2.485323887511139e-03	6.049381111046354e-03	2.972338842586654e-16	0.000000000000000e+00	2.957834693272139e+05	2.855733568313000e+04	8.534704998557492e-03	3.988796735607740e+04	9.214981561169672e+03	1.109425742846377e+04	1.274107155938493e-17	-inf	
15	6.000000000000001e-01	4.000000000000000e-01	2.485323887511139e-03	6.049381111046354e-03	-3.572040441213174e-16	-9.094947017729280e-19	2.957834693272139e+05	2.855733568313000e+04	8.534704998557492e-03	3.988796735607740e+04	9.214981561169672e+03	1.109425742846377e+04	1.531177056440097e-17	-inf	
16	8.000000000000000e-01	4.000000000000000e-01	2.485323887511139e-03	6.049381111046353e-03	-3.278728399891408e-16	0.000000000000000e+00	2.957834693272139e+05	2.855733568312999e+04	8.534704998557491e-03	3.988796735607745e+04	9.214981561169685e+03	1.109425742846377e+04	1.405442494249751e-17	-inf	
17	1.000000000000000e+00	4.000000000000000e-01	2.485323887511139e-03	6.049381111046353e-03	0.000000000000000e+00	0.000000000000000e+00	2.957834693272139e+05	2.855733568312999e+04	8.534704998557491e-03	3.988796735607745e+04	9.214981561169685e+03	1.109425742846377e+04	0.000000000000000e+00	-inf	
18	0.000000000000000e+00	6.000000000000000e-01	2.485323887511139e-03	6.049381111046353e-03	1.709850039333117e-16	3.285549610154702e-16	2.957834693272139e+05	2.855733568312999e+04	8.534704998557491e-03	3.988796735607745e+04	9.214981561169685e+03	1.109425742846377e+04	1.587668174647130e-17	-inf	
19	2.000000000000000e-01	6.000000000000000e-01	2.485323887511139e-03	6.049381111046353e-03	-7.390350380904072e-18	1.818989403545857e-18	2.957834693272139e+05	2.855733568312999e+04	8.534704998557491e-03	3.988796735607745e+04	9.214981561169685e+03	1.109425742846377e+04	3.262454116945865e-19	-inf	
20	4.000000000000001e-01	6.000000000000002e-01	2.485323887511139e-03	6.049381111046353e-03	0.000000000000000e+00	-3.303739504190163e-16	2.957834693272139e+05	2.855733568312999e+04	8.534704998557491e-03	3.988796735607745e+04	9.214981561169685e+03	1.109425742846377e+04	1.416163622846663e-17	-inf	
21	6.000000000000000e-01	6.000000000000001e-01	2.485323887511139e-03	6.049381111046353e-03	7.390350380903969e-18	-3.278728399891407e-16	2.957834693272139e+05	2.855733568312999e+04	8.534704998557491e-03	3.988796735607745e+04	9.214981561169685e+03	1.109425742846377e+04	1.405799476897177e-17	-inf	
22	8.000000000000000e-01	6.000000000000001e-01	2.485323887511139e-03	6.049381111046353e-03	3.287823346909137e-16	-9.094947017729286e-19	2.957834693272139e+05	2.855733568312999e+04	8.534704998557491e-03	3.988796735607745e+04	9.214981561169685e+03	1.109425742846377e+04	1.409346478700224e-17	-inf	
23	1.000000000000000e+00	6.000000000000001e-01	2.485323887511139e-03	6.049381111046354e-03	7.153175829444077e-16	-9.094947017729280e-19	2.957834693272139e+05	2.855733568313000e+04	8.534704998557492e-03	3.988796735607740e+04	9.214981561169672e+03	1.109425742846377e+04	3.066245257159736e-17	-inf	
24	0.000000000000000e+00	8.000000000000000e-01	2.485323887511139e-03	6.049381111046354e-03	-6.270965968724336e-16	0.000000000000000e+00	2.957834693272139e+05	2.855733568313000e+04	8.534704998557492e-03	3.988796735607740e+04	9.214981561169672e+03	1.109425742846377e+04	2.688079333662143e-17	-inf	
25	2.000000000000000e-01	8.000000000000000e-01	2.485323887511139e-03	6.049381111046353e-03	-3.278728399891407e-16	1.000444171950231e-16	2.957834693272139e+05	2.855733568312999e+04	8.534704998557491e-03	3.988796735607745e+04	9.214981561169685e+03	1.109425742846377e+04	1.469413747747518e-17	-inf	
26	3.999999999999999e-01	8.000000000000000e-01	2.485323887511139e-03	6.049381111046353e-03	-9.094947017729284e-19	0.000000000000000e+00	2.957834693272139e+05	2.855733568312999e+04	8.534704998557491e-03	3.988796735607745e+04	9.214981561169685e+03	1.109425742846377e+04	3.898592217058947e-20	-inf	
27	6.000000000000000e-01	8.000000000000000e-01	2.485323887511139e-03	6.049381111046353e-03	0.000000000000000e+00	-8.503775461576939e-17	2.957834693272139e+05	2.855733568312999e+04	8.534704998557491e-03	3.988796735607745e+04	9.214981561169685e+03	1.109425742846377e+04	3.645183722950141e-18	-inf	
28	8.000000000000000e-01	8.000000000000000e-01	2.485323887511139e-03	6.049381111046353e-03	0.000000000000000e+00	3.324203134980054e-16	2.957834693272139e+05	2.855733568312999e+04	8.534704998557491e-03	3.988796735607745e+04	9.214981561169685e+03	1.109425742846377e+04	1.424935455335045e-17	-inf	
29	1.000000000000000e+00	8.000000000000000e-01	2.485323887511139e-03	6.049381111046353e-03	-8.822098607197387e-17	-3.244622348574918e-16	2.957834693272139e+05	2.855733568312999e+04	8.534704998557491e-03	3.988796735607745e+04	9.214981561169685e+03	1.109425742846377e+04	1.441317306592563e-17	-inf	
30	0.000000000000000e+00	1.000000000000000e+00	2.485323887511139e-03	6.049381111046353e-03	1.818989403545857e-18	-6.589289114344864e-16	2.957834693272139e+05	2.855733568312999e+04	8.534704998557491e-03	3.988796735607745e+04	9.214981561169685e+03	1.109425742846377e+04	2.824540823398032e-17	-inf	
31	2.000000000000000e-01	1.000000000000000e+00	2.485323887511139e-03	6.049381111046353e-03	0.000000000000000e+00	0.000000000000000e+00	2.957834693272139e+05	2.855733568312999e+04	8.534704998557491e-03	3.988796735607745e+04	9.214981561169685e+03	1.109425742846377e+04	0.000000000000000e+00	-inf	
32	3.999999999999999e-01	1.000000000000000e+00	2.485323887511139e-03	6.049381111046353e-03	0.000000000000000e+00	0.000000000000000e+00	2.957834693272139e+05	2.855733568312999e+04	8.534704998557491e-03	3.988796735607745e+04	9.214981561169685e+03	1.109425742846377e+04	0.000000000000000e+00	-inf	
33	6.000000000000000e-01	1.000000000000000e+00	2.485323887511139e-03	6.049381111046353e-03	3.301465767435729e-16	-8.731149137020095e-17	2.957834693272139e+05	2.855733568312999e+04	8.534704998557491e-03	3.988796735607745e+04	9.214981561169685e+03	1.109425742846377e+04	1.463842209544304e-17	-inf	
34	8.000000000000000e-01	1.000000000000000e+00	2.485323887511139e-03	6.049381111046354e-03	0.000000000000000e+00	6.371010385919371e-16	2.957834693272139e+05	2.855733568313000e+04	8.534704998557492e-03	3.988796735607740e+04	9.214981561169672e+03	1.109425742846377e+04	2.730963848049797e-17	-inf	
35	1.000000000000000e+00	1.000000000000000e+00	2.485323887511139e-03	6.049381111046353e-03	-6.584741640836000e-16	-3.228706191293889e-17	2.957834693272139e+05	2.855733568312999e+04	8.534704998557491e-03	3.988796735607745e+04	9.214981561169685e+03	1.109425742846377e+04	2.825971822640892e-17	-inf	
EXT_ITER= 995
AOA= 0.000000000000000e+00
SIDESLIP_ANGLE= 0.000000000000000e+00
INITIAL_BCTHRUST= 4.000000000000000e+03
DCD_DCL_VALUE= 0.000000000000000e+00
DCMX_DCL_VALUE= 0.000000000000000e+00
DCMY_DCL_VALUE= 0.000000000000000e+00
DCMZ_DCL_VALUE= 0.000000000000000e+00
