"PointID"	"x"	"y"	"Density[0]"	"Density[1]"	"Momentum_x"	"Momentum_y"	"Energy"	"Electronic_Energy"	"Total_Density"	"Pressure"	"Temperature"	"Tve"	"Mach"	"C<sub>p</sub>"
0	0.000000000000000e+00	0.000000000000000e+00	3.153588880559187e-03	5.381116117998313e-03	0.000000000000000e+00	0.000000000000000e+00	2.957834693272139e+05	4.313733607209875e+04	8.534704998557501e-03	4.314847785859225e+04	1.044692380294709e+04	1.363401980628893e+04	0.000000000000000e+00	-inf	
1	2.000000000000000e-01	0.000000000000000e+00	3.153588880559187e-03	5.381116117998313e-03	0.000000000000000e+00	3.274180926382541e-17	2.957834693272139e+05	4.313733607209875e+04	8.534704998557501e-03	4.314847785859225e+04	1.044692380294709e+04	1.363401980628893e+04	1.357725005109019e-18	-inf	
2	4.000000000000000e-01	0.000000000000000e+00	3.153588880559187e-03	5.381116117998313e-03	0.000000000000000e+00	-2.364686224609614e-17	2.957834693272139e+05	4.313733607209875e+04	8.534704998557501e-03	4.314847785859225e+04	1.044692380294709e+04	1.363401980628893e+04	9.805791703565138e-19	-inf	
3	6.000000000000001e-01	0.000000000000000e+00	3.153588880559187e-03	5.381116117998313e-03	0.000000000000000e+00	-3.001332515850663e-17	2.957834693272139e+05	4.313733607209875e+04	8.534704998557501e-03	4.314847785859225e+04	1.044692380294709e+04	1.363401980628893e+04	1.244581254683267e-18	-inf	
4	8.000000000000000e-01	0.000000000000000e+00	3.153588880559187e-03	5.381116117998313e-03	-1.818989403545857e-18	0.000000000000000e+00	2.957834693272139e+05	4.313733607209875e+04	8.534704998557501e-03	4.314847785859225e+04	1.044692380294709e+04	1.363401980628893e+04	7.542916695050105e-20	-inf	
5	1.000000000000000e+00	0.000000000000000e+00	3.153588880559187e-03	5.381116117998313e-03	-2.728484105318784e-18	7.275957614183424e-18	2.957834693272139e+05	4.313733607209875e+04	8.534704998557501e-03	4.314847785859225e+04	1.044692380294709e+04	1.363401980628893e+04	3.222335424656310e-19	-inf	
6	0.000000000000000e+00	2.000000000000000e-01	3.153588880559187e-03	5.381116117998313e-03	0.000000000000000e+00	0.000000000000000e+00	2.957834693272139e+05	4.313733607209875e+04	8.534704998557501e-03	4.314847785859225e+04	1.044692380294709e+04	1.363401980628893e+04	0.000000000000000e+00	-inf	
7	2.000000000000000e-01	2.000000000000000e-01	3.153588880559187e-03	5.381116117998313e-03	-1.728039933368563e-17	-1.818989403545857e-18	2.957834693272139e+05	4.313733607209875e+04	8.534704998557501e-03	4.314847785859225e+04	1.044692380294709e+04	1.363401980628893e+04	7.205361055837162e-19	-inf	
8	4.000000000000000e-01	2.000000000000000e-01	3.153588880559187e-03	5.381116117998313e-03	-1.546140993013978e-17	0.000000000000000e+00	2.957834693272139e+05	4.313733607209875e+04	8.534704998557501e-03	4.314847785859225e+04	1.044692380294709e+04	1.363401980628893e+04	6.411479190792588e-19	-inf	
9	5.999999999999999e-01	2.000000000000000e-01	3.153588880559187e-03	5.381116117998313e-03	0.000000000000000e+00	1.091393642127514e-17	2.957834693272139e+05	4.313733607209875e+04	8.534704998557501e-03	4.314847785859225e+04	1.044692380294709e+04	1.363401980628893e+04	4.525750017030063e-19	-inf	
10	7.999999999999999e-01	2.000000000000000e-01	3.153588880559187e-03	5.381116117998313e-03	0.000000000000000e+00	-1.091393642127514e-17	2.957834693272139e+05	4.313733607209875e+04	8.534704998557501e-03	4.314847785859225e+04	1.044692380294709e+04	1.363401980628893e+04	4.525750017030063e-19	-inf	
11	1.000000000000000e+00	2.000000000000000e-01	3.153588880559187e-03	5.381116117998313e-03	1.818989403545854e-18	0.000000000000000e+00	2.957834693272139e+05	4.313733607209875e+04	8.534704998557501e-03	4.314847785859225e+04	1.044692380294709e+04	1.363401980628893e+04	7.542916695050095e-20	-inf	
12	0.000000000000000e+00	3.999999999999999e-01	3.153588880559187e-03	5.381116117998313e-03	-3.456079866737126e-17	0.000000000000000e+00	2.957834693272139e+05	4.313733607209875e+04	8.534704998557501e-03	4.314847785859225e+04	1.044692380294709e+04	1.363401980628893e+04	1.433154172059520e-18	-inf	
13	2.000000000000000e-01	3.999999999999999e-01	3.153588880559187e-03	5.381116117998313e-03	1.395414311303167e-17	0.000000000000000e+00	2.957834693272139e+05	4.313733607209875e+04	8.534704998557501e-03	4.314847785859225e+04	1.044692380294709e+04	1.363401980628893e+04	5.786451468448674e-19	-inf	
14	3.999999999999999e-01	4.000000000000001e-01	3.153588880559187e-03	5.381116117998313e-03	-5.145245624199843e-18	0.000000000000000e+00	2.957834693272139e+05	4.313733607209875e+04	8.534704998557501e-03	4.314847785859225e+04	1.044692380294709e+04	1.363401980628893e+04	2.133611061353942e-19	-inf	
15	6.000000000000001e-01	4.000000000000000e-01	3.153588880559187e-03	5.381116117998313e-03	-1.227817847393454e-17	-9.094947017729280e-19	2.957834693272139e+05	4.313733607209875e+04	8.534704998557501e-03	4.314847785859225e+04	1.044692380294709e+04	1.363401980628893e+04	5.105418024803729e-19	-inf	
16	8.000000000000000e-01	4.000000000000000e-01	3.153588880559187e-03	5.381116117998313e-03	2.273736754432322e-18	0.000000000000000e+00	2.957834693272139e+05	4.313733607209875e+04	8.534704998557501e-03	4.314847785859225e+04	1.044692380294709e+04	1.363401980628893e+04	9.428645868812636e-20	-inf	
17	1.000000000000000e+00	4.000000000000000e-01	3.153588880559187e-03	5.381116117998313e-03	0.000000000000000e+00	0.000000000000000e+00	2.957834693272139e+05	4.313733607209875e+04	8.534704998557501e-03	4.314847785859225e+04	1.044692380294709e+04	1.363401980628893e+04	0.000000000000000e+00	-inf	
18	0.000000000000000e+00	6.000000000000000e-01	3.153588880559187e-03	5.381116117998313e-03	2.364686224609614e-17	-1.818989403545856e-18	2.957834693272139e+05	4.313733607209875e+04	8.534704998557501e-03	4.314847785859225e+04	1.044692380294709e+04	1.363401980628893e+04	9.834760132122773e-19	-inf	
19	2.000000000000000e-01	6.000000000000000e-01	3.153588880559187e-03	5.381116117998313e-03	1.686978219890212e-19	1.818989403545857e-18	2.957834693272139e+05	4.313733607209875e+04	8.534704998557501e-03	4.314847785859225e+04	1.044692380294709e+04	1.363401980628893e+04	7.575286275014053e-20	-inf	
20	4.000000000000001e-01	6.000000000000002e-01	3.153588880559187e-03	5.381116117998313e-03	0.000000000000000e+00	0.000000000000000e+00	2.957834693272139e+05	4.313733607209875e+04	8.534704998557501e-03	4.314847785859225e+04	1.044692380294709e+04	1.363401980628893e+04	0.000000000000000e+00	-inf	
21	6.000000000000000e-01	6.000000000000001e-01	3.153588880559187e-03	5.381116117998313e-03	-1.686978219889924e-19	2.273736754432320e-18	2.957834693272139e+05	4.313733607209875e+04	8.534704998557501e-03	4.314847785859225e+04	1.044692380294709e+04	1.363401980628893e+04	9.454561481075046e-20	-inf	
22	8.000000000000000e-01	6.000000000000001e-01	3.153588880559187e-03	5.381116117998313e-03	-1.364242052659393e-18	-9.094947017729286e-19	2.957834693272139e+05	4.313733607209875e+04	8.534704998557501e-03	4.314847785859225e+04	1.044692380294709e+04	1.363401980628893e+04	6.799093227639133e-20	-inf	
23	1.000000000000000e+00	6.000000000000001e-01	3.153588880559187e-03	5.381116117998313e-03	2.546585164964200e-17	-9.094947017729280e-19	2.957834693272139e+05	4.313733607209875e+04	8.534704998557501e-03	4.314847785859225e+04	1.044692380294709e+04	1.363401980628893e+04	1.056681597392818e-18	-inf	
24	0.000000000000000e+00	8.000000000000000e-01	3.153588880559187e-03	5.381116117998313e-03	2.728484105318784e-18	0.000000000000000e+00	2.957834693272139e+05	4.313733607209875e+04	8.534704998557501e-03	4.314847785859225e+04	1.044692380294709e+04	1.363401980628893e+04	1.131437504257515e-19	-inf	
25	2.000000000000000e-01	8.000000000000000e-01	3.153588880559187e-03	5.381116117998313e-03	2.273736754432320e-18	1.637090463191271e-17	2.957834693272139e+05	4.313733607209875e+04	8.534704998557501e-03	4.314847785859225e+04	1.044692380294709e+04	1.363401980628893e+04	6.853788978853367e-19	-inf	
26	3.999999999999999e-01	8.000000000000000e-01	3.153588880559187e-03	5.381116117998313e-03	-9.094947017729284e-19	0.000000000000000e+00	2.957834693272139e+05	4.313733607209875e+04	8.534704998557501e-03	4.314847785859225e+04	1.044692380294709e+04	1.363401980628893e+04	3.771458347525052e-20	-inf	
27	6.000000000000000e-01	8.000000000000000e-01	3.153588880559187e-03	5.381116117998313e-03	0.000000000000000e+00	-1.273292582482099e-17	2.957834693272139e+05	4.313733607209875e+04	8.534704998557501e-03	4.314847785859225e+04	1.044692380294709e+04	1.363401980628893e+04	5.280041686535072e-19	-inf	
28	8.000000000000000e-01	8.000000000000000e-01	3.153588880559187e-03	5.381116117998313e-03	0.000000000000000e+00	0.000000000000000e+00	2.957834693272139e+05	4.313733607209875e+04	8.534704998557501e-03	4.314847785859225e+04	1.044692380294709e+04	1.363401980628893e+04	0.000000000000000e+00	-inf	
29	1.000000000000000e+00	8.000000000000000e-01	3.153588880559187e-03	5.381116117998313e-03	-2.819433575496077e-17	-9.094947017729276e-19	2.957834693272139e+05	4.313733607209875e+04	8.534704998557501e-03	4.314847785859225e+04	1.044692380294709e+04	1.363401980628893e+04	1.169760229301970e-18	-inf	
30	0.000000000000000e+00	1.000000000000000e+00	3.153588880559187e-03	5.381116117998313e-03	1.818989403545857e-18	1.818989403545857e-18	2.957834693272139e+05	4.313733607209875e+04	8.534704998557501e-03	4.314847785859225e+04	1.044692380294709e+04	1.363401980628893e+04	1.066729508999030e-19	-inf	
31	2.000000000000000e-01	1.000000000000000e+00	3.153588880559187e-03	5.381116117998313e-03	0.000000000000000e+00	0.000000000000000e+00	2.957834693272139e+05	4.313733607209875e+04	8.534704998557501e-03	4.314847785859225e+04	1.044692380294709e+04	1.363401980628893e+04	0.000000000000000e+00	-inf	
32	3.999999999999999e-01	1.000000000000000e+00	3.153588880559187e-03	5.381116117998313e-03	0.000000000000000e+00	0.000000000000000e+00	2.957834693272139e+05	4.313733607209875e+04	8.534704998557501e-03	4.314847785859225e+04	1.044692380294709e+04	1.363401980628893e+04	0.000000000000000e+00	-inf	
33	6.000000000000000e-01	1.000000000000000e+00	3.153588880559187e-03	5.381116117998313e-03	0.000000000000000e+00	-2.455635694786907e-17	2.957834693272139e+05	4.313733607209875e+04	8.534704998557501e-03	4.314847785859225e+04	1.044692380294709e+04	1.363401980628893e+04	1.018293753831764e-18	-inf	
34	8.000000000000000e-01	1.000000000000000e+00	3.153588880559187e-03	5.381116117998313e-03	0.000000000000000e+00	-2.728484105318786e-18	2.957834693272139e+05	4.313733607209875e+04	8.534704998557501e-03	4.314847785859225e+04	1.044692380294709e+04	1.363401980628893e+04	1.131437504257516e-19	-inf	
35	1.000000000000000e+00	1.000000000000000e+00	3.153588880559187e-03	5.381116117998313e-03	1.818989403545856e-18	7.275957614183424e-18	2.957834693272139e+05	4.313733607209875e+04	8.534704998557501e-03	4.314847785859225e+04	1.044692380294709e+04	1.363401980628893e+04	3.110024225892645e-19	-inf	
EXT_ITER= 209
AOA= 0.000000000000000e+00
SIDESLIP_ANGLE= 0.000000000000000e+00
INITIAL_BCTHRUST= 4.000000000000000e+03
DCD_DCL_VALUE= 0.000000000000000e+00
DCMX_DCL_VALUE= 0.000000000000000e+00
DCMY_DCL_VALUE= 0.000000000000000e+00
DCMZ_DCL_VALUE= 0.000000000000000e+00
