"PointID"	"x"	"y"	"Density[0]"	"Density[1]"	"Momentum_x"	"Momentum_y"	"Energy"	"Electronic_Energy"	"Total_Density"	"Pressure"	"Temperature"	"Tve"	"Mach"	"C<sub>p</sub>"
0	0.000000000000000e+00	0.000000000000000e+00	1.858527726877086e-03	6.676177271680420e-03	0.000000000000000e+00	0.000000000000000e+00	2.957834693272139e+05	1.416648934533972e+04	8.534704998557505e-03	3.696367031706003e+04	8.187521770534176e+03	8.301874609352755e+03	0.000000000000000e+00	-inf	
1	2.000000000000000e-01	0.000000000000000e+00	1.858527726877086e-03	6.676177271680420e-03	0.000000000000000e+00	1.512034941697546e-15	2.957834693272139e+05	1.416648934533972e+04	8.534704998557505e-03	3.696367031706003e+04	8.187521770534176e+03	8.301874609352755e+03	6.695740625848796e-17	-inf	
2	4.000000000000000e-01	0.000000000000000e+00	1.858527726877086e-03	6.676177271680420e-03	0.000000000000000e+00	-1.209173206007121e-15	2.957834693272139e+05	1.416648934533972e+04	8.534704998557505e-03	3.696367031706003e+04	8.187521770534176e+03	8.301874609352755e+03	5.354578744099705e-17	-inf	
3	6.000000000000001e-01	0.000000000000000e+00	1.858527726877086e-03	6.676177271680420e-03	0.000000000000000e+00	-1.253283699043118e-15	2.957834693272139e+05	1.416648934533972e+04	8.534704998557505e-03	3.696367031706003e+04	8.187521770534176e+03	8.301874609352755e+03	5.549913132282396e-17	-inf	
4	8.000000000000000e-01	0.000000000000000e+00	1.858527726877086e-03	6.676177271680420e-03	4.213234205963083e-16	0.000000000000000e+00	2.957834693272139e+05	1.416648934533972e+04	8.534704998557505e-03	3.696367031706003e+04	8.187521770534176e+03	8.301874609352755e+03	1.865745470631183e-17	-inf	
5	1.000000000000000e+00	0.000000000000000e+00	1.858527726877086e-03	6.676177271680420e-03	8.012648322619508e-16	-1.164153218269347e-16	2.957834693272139e+05	1.416648934533972e+04	8.534704998557506e-03	3.696367031706007e+04	8.187521770534185e+03	8.301874609352755e+03	3.585493447894406e-17	-inf	
6	0.000000000000000e+00	2.000000000000000e-01	1.858527726877086e-03	6.676177271680420e-03	0.000000000000000e+00	0.000000000000000e+00	2.957834693272139e+05	1.416648934533972e+04	8.534704998557505e-03	3.696367031706003e+04	8.187521770534176e+03	8.301874609352755e+03	0.000000000000000e+00	-inf	
7	2.000000000000000e-01	2.000000000000000e-01	1.858527726877086e-03	6.676177271680420e-03	-8.055849320954044e-16	-1.818989403545857e-18	2.957834693272139e+05	1.416648934533972e+04	8.534704998557505e-03	3.696367031706003e+04	8.187521770534176e+03	8.301874609352755e+03	3.567378874063775e-17	-inf	
8	4.000000000000000e-01	2.000000000000000e-01	1.858527726877086e-03	6.676177271680420e-03	-7.551079761470001e-16	4.231424099998541e-16	2.957834693272139e+05	1.416648934533972e+04	8.534704998557505e-03	3.696367031706003e+04	8.187521770534176e+03	8.301874609352755e+03	3.833068349496187e-17	-inf	
9	5.999999999999999e-01	2.000000000000000e-01	1.858527726877086e-03	6.676177271680420e-03	0.000000000000000e+00	1.067519406205970e-15	2.957834693272139e+05	1.416648934533972e+04	8.534704998557505e-03	3.696367031706003e+04	8.187521770534176e+03	8.301874609352755e+03	4.727293569678024e-17	-inf	
10	7.999999999999999e-01	2.000000000000000e-01	1.858527726877086e-03	6.676177271680420e-03	4.035882739117360e-16	-6.571099220309541e-16	2.957834693272139e+05	1.416648934533972e+04	8.534704998557505e-03	3.696367031706003e+04	8.187521770534176e+03	8.301874609352755e+03	3.414894925383582e-17	-inf	
11	1.000000000000000e+00	2.000000000000000e-01	1.858527726877086e-03	6.676177271680420e-03	7.953531167004272e-16	-3.967670636484402e-16	2.957834693272139e+05	1.416648934533972e+04	8.534704998557506e-03	3.696367031706007e+04	8.187521770534185e+03	8.301874609352755e+03	3.935983567607827e-17	-inf	
12	0.000000000000000e+00	3.999999999999999e-01	1.858527726877086e-03	6.676177271680420e-03	-1.253283699043162e-15	0.000000000000000e+00	2.957834693272139e+05	1.416648934533972e+04	8.534704998557505e-03	3.696367031706003e+04	8.187521770534176e+03	8.301874609352755e+03	5.549913132282591e-17	-inf	
13	2.000000000000000e-01	3.999999999999999e-01	1.858527726877086e-03	6.676177271680420e-03	8.046921417323266e-16	0.000000000000000e+00	2.957834693272139e+05	1.416648934533972e+04	8.534704998557505e-03	3.696367031706003e+04	8.187521770534176e+03	8.301874609352755e+03	3.563416238681200e-17	-inf	
14	3.999999999999999e-01	4.000000000000001e-01	1.858527726877086e-03	6.676177271680420e-03	3.247063128716589e-16	0.000000000000000e+00	2.957834693272139e+05	1.416648934533972e+04	8.534704998557506e-03	3.696367031706007e+04	8.187521770534185e+03	8.301874609352755e+03	1.437896169332859e-17	-inf	
15	6.000000000000001e-01	4.000000000000000e-01	1.858527726877086e-03	6.676177271680420e-03	-1.039779817801895e-15	-9.094947017729280e-19	2.957834693272139e+05	1.416648934533972e+04	8.534704998557506e-03	3.696367031706007e+04	8.187521770534185e+03	8.301874609352755e+03	4.604456179777840e-17	-inf	
16	8.000000000000000e-01	4.000000000000000e-01	1.858527726877086e-03	6.676177271680420e-03	-4.408775566844276e-16	0.000000000000000e+00	2.957834693272139e+05	1.416648934533972e+04	8.534704998557505e-03	3.696367031706003e+04	8.187521770534176e+03	8.301874609352755e+03	1.952337003536900e-17	-inf	
17	1.000000000000000e+00	4.000000000000000e-01	1.858527726877086e-03	6.676177271680420e-03	0.000000000000000e+00	0.000000000000000e+00	2.957834693272139e+05	1.416648934533972e+04	8.534704998557505e-03	3.696367031706003e+04	8.187521770534176e+03	8.301874609352755e+03	0.000000000000000e+00	-inf	
18	0.000000000000000e+00	6.000000000000000e-01	1.858527726877086e-03	6.676177271680420e-03	1.209173206007121e-15	4.213234205963082e-16	2.957834693272139e+05	1.416648934533972e+04	8.534704998557505e-03	3.696367031706003e+04	8.187521770534176e+03	8.301874609352755e+03	5.670319187483640e-17	-inf	
19	2.000000000000000e-01	6.000000000000000e-01	1.858527726877086e-03	6.676177271680420e-03	5.141985932761995e-17	1.818989403545857e-18	2.957834693272139e+05	1.416648934533972e+04	8.534704998557505e-03	3.696367031706003e+04	8.187521770534176e+03	8.301874609352755e+03	2.278448666773875e-18	-inf	
20	4.000000000000001e-01	6.000000000000002e-01	1.858527726877086e-03	6.676177271680420e-03	0.000000000000000e+00	-4.231424099998545e-16	2.957834693272139e+05	1.416648934533972e+04	8.534704998557505e-03	3.696367031706003e+04	8.187521770534176e+03	8.301874609352755e+03	1.873800496947994e-17	-inf	
21	6.000000000000000e-01	6.000000000000001e-01	1.858527726877086e-03	6.676177271680420e-03	-5.141985932761941e-17	-4.426965460879736e-16	2.957834693272139e+05	1.416648934533972e+04	8.534704998557505e-03	3.696367031706003e+04	8.187521770534176e+03	8.301874609352755e+03	1.973571714059619e-17	-inf	
22	8.000000000000000e-01	6.000000000000001e-01	1.858527726877086e-03	6.676177271680420e-03	8.546976459911059e-16	-9.094947017729286e-19	2.957834693272139e+05	1.416648934533972e+04	8.534704998557505e-03	3.696367031706003e+04	8.187521770534176e+03	8.301874609352755e+03	3.784857633474762e-17	-inf	
23	1.000000000000000e+00	6.000000000000001e-01	1.858527726877086e-03	6.676177271680420e-03	1.254647941095734e-15	-9.094947017729280e-19	2.957834693272139e+05	1.416648934533972e+04	8.534704998557506e-03	3.696367031706007e+04	8.187521770534185e+03	8.301874609352755e+03	5.555955861792421e-17	-inf	
24	0.000000000000000e+00	8.000000000000000e-01	1.858527726877086e-03	6.676177271680420e-03	-7.562448445241915e-16	0.000000000000000e+00	2.957834693272139e+05	1.416648934533972e+04	8.534704998557506e-03	3.696367031706007e+04	8.187521770534185e+03	8.301874609352755e+03	3.348877191213887e-17	-inf	
25	2.000000000000000e-01	8.000000000000000e-01	1.858527726877086e-03	6.676177271680420e-03	-4.426965460879736e-16	8.046754373936313e-16	2.957834693272139e+05	1.416648934533972e+04	8.534704998557505e-03	3.696367031706003e+04	8.187521770534176e+03	8.301874609352755e+03	4.067006887353843e-17	-inf	
26	3.999999999999999e-01	8.000000000000000e-01	1.858527726877086e-03	6.676177271680420e-03	-9.094947017729284e-19	0.000000000000000e+00	2.957834693272139e+05	1.416648934533972e+04	8.534704998557505e-03	3.696367031706003e+04	8.187521770534176e+03	8.301874609352755e+03	4.027513158405151e-20	-inf	
27	6.000000000000000e-01	8.000000000000000e-01	1.858527726877086e-03	6.676177271680420e-03	0.000000000000000e+00	-7.405560609186314e-16	2.957834693272139e+05	1.416648934533972e+04	8.534704998557505e-03	3.696367031706003e+04	8.187521770534176e+03	8.301874609352755e+03	3.279402589231502e-17	-inf	
28	8.000000000000000e-01	8.000000000000000e-01	1.858527726877086e-03	6.676177271680420e-03	0.000000000000000e+00	4.138200893066802e-16	2.957834693272139e+05	1.416648934533972e+04	8.534704998557505e-03	3.696367031706003e+04	8.187521770534176e+03	8.301874609352755e+03	1.832518487074334e-17	-inf	
29	1.000000000000000e+00	8.000000000000000e-01	1.858527726877086e-03	6.676177271680420e-03	-1.320586306974320e-15	-4.174580681137759e-16	2.957834693272139e+05	1.416648934533972e+04	8.534704998557505e-03	3.696367031706003e+04	8.187521770534176e+03	8.301874609352755e+03	6.133183204848890e-17	-inf	
30	0.000000000000000e+00	1.000000000000000e+00	1.858527726877086e-03	6.676177271680420e-03	1.818989403545857e-18	-8.444658305961627e-16	2.957834693272139e+05	1.416648934533972e+04	8.534704998557505e-03	3.696367031706003e+04	8.187521770534176e+03	8.301874609352755e+03	3.739554642880171e-17	-inf	
31	2.000000000000000e-01	1.000000000000000e+00	1.858527726877086e-03	6.676177271680420e-03	0.000000000000000e+00	0.000000000000000e+00	2.957834693272139e+05	1.416648934533972e+04	8.534704998557505e-03	3.696367031706003e+04	8.187521770534176e+03	8.301874609352755e+03	0.000000000000000e+00	-inf	
32	3.999999999999999e-01	1.000000000000000e+00	1.858527726877086e-03	6.676177271680420e-03	0.000000000000000e+00	0.000000000000000e+00	2.957834693272139e+05	1.416648934533972e+04	8.534704998557505e-03	3.696367031706003e+04	8.187521770534176e+03	8.301874609352755e+03	0.000000000000000e+00	-inf	
33	6.000000000000000e-01	1.000000000000000e+00	1.858527726877086e-03	6.676177271680420e-03	4.431512934388596e-16	-1.046828401740632e-15	2.957834693272139e+05	1.416648934533972e+04	8.534704998557505e-03	3.696367031706003e+04	8.187521770534176e+03	8.301874609352755e+03	5.033929974535980e-17	-inf	
34	8.000000000000000e-01	1.000000000000000e+00	1.858527726877086e-03	6.676177271680420e-03	0.000000000000000e+00	4.624780558515241e-16	2.957834693272139e+05	1.416648934533972e+04	8.534704998557506e-03	3.696367031706007e+04	8.187521770534185e+03	8.301874609352755e+03	2.047990441048973e-17	-inf	
35	1.000000000000000e+00	1.000000000000000e+00	1.858527726877086e-03	6.676177271680420e-03	-8.844835974741732e-16	8.594724931754156e-17	2.957834693272139e+05	1.416648934533972e+04	8.534704998557505e-03	3.696367031706003e+04	8.187521770534176e+03	8.301874609352755e+03	3.935204975596995e-17	-inf	
EXT_ITER= 9928
AOA= 0.000000000000000e+00
SIDESLIP_ANGLE= 0.000000000000000e+00
INITIAL_BCTHRUST= 4.000000000000000e+03
DCD_DCL_VALUE= 0.000000000000000e+00
DCMX_DCL_VALUE= 0.000000000000000e+00
DCMY_DCL_VALUE= 0.000000000000000e+00
DCMZ_DCL_VALUE= 0.000000000000000e+00
