"PointID"	"x"	"y"	"Density[0]"	"Density[1]"	"Momentum_x"	"Momentum_y"	"Energy"	"Electronic_Energy"	"Total_Density"	"Pressure"	"Temperature"	"Tve"	"Mach"	"C<sub>p</sub>"
0	0.000000000000000e+00	0.000000000000000e+00	2.214934463143262e-03	6.319770535414215e-03	0.000000000000000e+00	0.000000000000000e+00	2.957834693272139e+05	2.076364875725819e+04	8.534704998557477e-03	3.962070234442092e+04	8.986625253247019e+03	9.618700397593120e+03	0.000000000000000e+00	-inf	
1	2.000000000000000e-01	0.000000000000000e+00	2.214934463143262e-03	6.319770535414215e-03	0.000000000000000e+00	5.488800525199612e-16	2.957834693272139e+05	2.076364875725819e+04	8.534704998557477e-03	3.962070234442092e+04	8.986625253247019e+03	9.618700397593120e+03	2.355032921221031e-17	-inf	
2	4.000000000000000e-01	0.000000000000000e+00	2.214934463143262e-03	6.319770535414215e-03	0.000000000000000e+00	-4.188223101664407e-16	2.957834693272139e+05	2.076364875725819e+04	8.534704998557477e-03	3.962070234442092e+04	8.986625253247019e+03	9.618700397593120e+03	1.797005236490978e-17	-inf	
3	6.000000000000001e-01	0.000000000000000e+00	2.214934463143262e-03	6.319770535414215e-03	0.000000000000000e+00	-9.003997547551973e-17	2.957834693272139e+05	2.076364875725819e+04	8.534704998557477e-03	3.962070234442092e+04	8.986625253247019e+03	9.618700397593120e+03	3.863268586592908e-18	-inf	
4	8.000000000000000e-01	0.000000000000000e+00	2.214934463143262e-03	6.319770535414215e-03	4.422417987370857e-16	0.000000000000000e+00	2.957834693272139e+05	2.076364875725819e+04	8.534704998557477e-03	3.962070234442092e+04	8.986625253247019e+03	9.618700397593120e+03	1.897489242657376e-17	-inf	
5	1.000000000000000e+00	0.000000000000000e+00	2.214934463143263e-03	6.319770535414214e-03	8.321876521222270e-16	1.700755092315388e-16	2.957834693272139e+05	2.076364875725818e+04	8.534704998557477e-03	3.962070234442088e+04	8.986625253247008e+03	9.618700397593118e+03	3.644401825364064e-17	-inf	
6	0.000000000000000e+00	2.000000000000000e-01	2.214934463143262e-03	6.319770535414215e-03	0.000000000000000e+00	0.000000000000000e+00	2.957834693272139e+05	2.076364875725819e+04	8.534704998557477e-03	3.962070234442092e+04	8.986625253247019e+03	9.618700397593120e+03	0.000000000000000e+00	-inf	
7	2.000000000000000e-01	2.000000000000000e-01	2.214934463143262e-03	6.319770535414215e-03	-2.237356966361442e-16	-1.818989403545857e-18	2.957834693272139e+05	2.076364875725819e+04	8.534704998557477e-03	3.962070234442092e+04	8.986625253247019e+03	9.618700397593120e+03	9.599954348187593e-18	-inf	
8	4.000000000000000e-01	2.000000000000000e-01	2.214934463143262e-03	6.319770535414215e-03	-2.735305315582077e-16	4.440607881406315e-16	2.957834693272139e+05	2.076364875725819e+04	8.534704998557477e-03	3.962070234442092e+04	8.986625253247019e+03	9.618700397593120e+03	2.237747702497663e-17	-inf	
9	5.999999999999999e-01	2.000000000000000e-01	2.214934463143262e-03	6.319770535414215e-03	0.000000000000000e+00	4.865796654485158e-16	2.957834693272139e+05	2.076364875725819e+04	8.534704998557477e-03	3.962070234442092e+04	8.986625253247019e+03	9.618700397593120e+03	2.087725953360814e-17	-inf	
10	7.999999999999999e-01	2.000000000000000e-01	2.214934463143262e-03	6.319770535414215e-03	4.304183676140381e-16	-1.223270373884603e-16	2.957834693272139e+05	2.076364875725819e+04	8.534704998557477e-03	3.962070234442092e+04	8.986625253247019e+03	9.618700397593120e+03	1.919894948993013e-17	-inf	
11	1.000000000000000e+00	2.000000000000000e-01	2.214934463143263e-03	6.319770535414214e-03	8.390088623855249e-16	-4.165485734120004e-16	2.957834693272139e+05	2.076364875725818e+04	8.534704998557477e-03	3.962070234442088e+04	8.986625253247008e+03	9.618700397593118e+03	4.019114451606632e-17	-inf	
12	0.000000000000000e+00	3.999999999999999e-01	2.214934463143262e-03	6.319770535414215e-03	-6.266418495215400e-16	0.000000000000000e+00	2.957834693272139e+05	2.076364875725819e+04	8.534704998557477e-03	3.962070234442092e+04	8.986625253247019e+03	9.618700397593120e+03	2.688678844608572e-17	-inf	
13	2.000000000000000e-01	3.999999999999999e-01	2.214934463143262e-03	6.319770535414215e-03	5.697240935772552e-16	0.000000000000000e+00	2.957834693272139e+05	2.076364875725819e+04	8.534704998557477e-03	3.962070234442092e+04	8.986625253247019e+03	9.618700397593120e+03	2.444466673961435e-17	-inf	
14	3.999999999999999e-01	4.000000000000001e-01	2.214934463143263e-03	6.319770535414214e-03	3.816860639857013e-16	0.000000000000000e+00	2.957834693272139e+05	2.076364875725818e+04	8.534704998557477e-03	3.962070234442088e+04	8.986625253247008e+03	9.618700397593118e+03	1.637667906003770e-17	-inf	
15	6.000000000000001e-01	4.000000000000000e-01	2.214934463143263e-03	6.319770535414214e-03	-4.470166459213943e-16	-9.094947017729280e-19	2.957834693272139e+05	2.076364875725818e+04	8.534704998557477e-03	3.962070234442088e+04	8.986625253247008e+03	9.618700397593118e+03	1.917980242814442e-17	-inf	
16	8.000000000000000e-01	4.000000000000000e-01	2.214934463143262e-03	6.319770535414215e-03	-4.433786671143022e-16	0.000000000000000e+00	2.957834693272139e+05	2.076364875725819e+04	8.534704998557477e-03	3.962070234442092e+04	8.986625253247019e+03	9.618700397593120e+03	1.902367107034389e-17	-inf	
17	1.000000000000000e+00	4.000000000000000e-01	2.214934463143262e-03	6.319770535414215e-03	0.000000000000000e+00	0.000000000000000e+00	2.957834693272139e+05	2.076364875725819e+04	8.534704998557477e-03	3.962070234442092e+04	8.986625253247019e+03	9.618700397593120e+03	0.000000000000000e+00	-inf	
18	0.000000000000000e+00	6.000000000000000e-01	2.214934463143262e-03	6.319770535414215e-03	4.188223101664407e-16	4.422417987370856e-16	2.957834693272139e+05	2.076364875725819e+04	8.534704998557477e-03	3.962070234442092e+04	8.986625253247019e+03	9.618700397593120e+03	2.613368180332893e-17	-inf	
19	2.000000000000000e-01	6.000000000000000e-01	2.214934463143262e-03	6.319770535414215e-03	-1.902068922875591e-17	1.818989403545857e-18	2.957834693272139e+05	2.076364875725819e+04	8.534704998557477e-03	3.962070234442092e+04	8.986625253247019e+03	9.618700397593120e+03	8.198278741641038e-19	-inf	
20	4.000000000000001e-01	6.000000000000002e-01	2.214934463143262e-03	6.319770535414215e-03	0.000000000000000e+00	-4.440607881406319e-16	2.957834693272139e+05	2.076364875725819e+04	8.534704998557477e-03	3.962070234442092e+04	8.986625253247019e+03	9.618700397593120e+03	1.905293825660596e-17	-inf	
21	6.000000000000000e-01	6.000000000000001e-01	2.214934463143262e-03	6.319770535414215e-03	1.902068922875587e-17	-4.433786671143018e-16	2.957834693272139e+05	2.076364875725819e+04	8.534704998557477e-03	3.962070234442092e+04	8.986625253247019e+03	9.618700397593120e+03	1.904116823055532e-17	-inf	
22	8.000000000000000e-01	6.000000000000001e-01	2.214934463143262e-03	6.319770535414215e-03	4.442881618160750e-16	-9.094947017729286e-19	2.957834693272139e+05	2.076364875725819e+04	8.534704998557477e-03	3.962070234442092e+04	8.986625253247019e+03	9.618700397593120e+03	1.906273392688928e-17	-inf	
23	1.000000000000000e+00	6.000000000000001e-01	2.214934463143263e-03	6.319770535414214e-03	8.949427865445614e-16	-9.094947017729280e-19	2.957834693272139e+05	2.076364875725818e+04	8.534704998557477e-03	3.962070234442088e+04	8.986625253247008e+03	9.618700397593118e+03	3.839856820454450e-17	-inf	
24	0.000000000000000e+00	8.000000000000000e-01	2.214934463143263e-03	6.319770535414214e-03	-8.067218004725885e-16	0.000000000000000e+00	2.957834693272139e+05	2.076364875725818e+04	8.534704998557477e-03	3.962070234442088e+04	8.986625253247008e+03	9.618700397593118e+03	3.461332561927195e-17	-inf	
25	2.000000000000000e-01	8.000000000000000e-01	2.214934463143262e-03	6.319770535414215e-03	-4.433786671143018e-16	2.228262019343713e-16	2.957834693272139e+05	2.076364875725819e+04	8.534704998557477e-03	3.962070234442092e+04	8.986625253247019e+03	9.618700397593120e+03	2.129097002184798e-17	-inf	
26	3.999999999999999e-01	8.000000000000000e-01	2.214934463143262e-03	6.319770535414215e-03	-9.094947017729284e-19	0.000000000000000e+00	2.957834693272139e+05	2.076364875725819e+04	8.534704998557477e-03	3.962070234442092e+04	8.986625253247019e+03	9.618700397593120e+03	3.902291501609006e-20	-inf	
27	6.000000000000000e-01	8.000000000000000e-01	2.214934463143262e-03	6.319770535414215e-03	0.000000000000000e+00	-2.089564077323339e-16	2.957834693272139e+05	2.076364875725819e+04	8.534704998557477e-03	3.962070234442092e+04	8.986625253247019e+03	9.618700397593120e+03	8.965514724946843e-18	-inf	
28	8.000000000000000e-01	8.000000000000000e-01	2.214934463143262e-03	6.319770535414215e-03	0.000000000000000e+00	4.415596777107561e-16	2.957834693272139e+05	2.076364875725819e+04	8.534704998557477e-03	3.962070234442092e+04	8.986625253247019e+03	9.618700397593120e+03	1.894562524031170e-17	-inf	
29	1.000000000000000e+00	8.000000000000000e-01	2.214934463143262e-03	6.319770535414215e-03	-8.822098607197387e-17	-4.281446308596061e-16	2.957834693272139e+05	2.076364875725819e+04	8.534704998557477e-03	3.962070234442092e+04	8.986625253247019e+03	9.618700397593120e+03	1.875596384236973e-17	-inf	
30	0.000000000000000e+00	1.000000000000000e+00	2.214934463143262e-03	6.319770535414215e-03	1.818989403545857e-18	-8.863025868777175e-16	2.957834693272139e+05	2.076364875725819e+04	8.534704998557477e-03	3.962070234442092e+04	8.986625253247019e+03	9.618700397593120e+03	3.802791077117135e-17	-inf	
31	2.000000000000000e-01	1.000000000000000e+00	2.214934463143262e-03	6.319770535414215e-03	0.000000000000000e+00	0.000000000000000e+00	2.957834693272139e+05	2.076364875725819e+04	8.534704998557477e-03	3.962070234442092e+04	8.986625253247019e+03	9.618700397593120e+03	0.000000000000000e+00	-inf	
32	3.999999999999999e-01	1.000000000000000e+00	2.214934463143262e-03	6.319770535414215e-03	0.000000000000000e+00	0.000000000000000e+00	2.957834693272139e+05	2.076364875725819e+04	8.534704998557477e-03	3.962070234442092e+04	8.986625253247019e+03	9.618700397593120e+03	0.000000000000000e+00	-inf	
33	6.000000000000000e-01	1.000000000000000e+00	2.214934463143262e-03	6.319770535414215e-03	4.456524038687340e-16	-8.731149137020095e-17	2.957834693272139e+05	2.076364875725819e+04	8.534704998557477e-03	3.962070234442092e+04	8.986625253247019e+03	9.618700397593120e+03	1.948474755205055e-17	-inf	
34	8.000000000000000e-01	1.000000000000000e+00	2.214934463143263e-03	6.319770535414214e-03	0.000000000000000e+00	9.385985322296597e-16	2.957834693272139e+05	2.076364875725818e+04	8.534704998557477e-03	3.962070234442088e+04	8.986625253247008e+03	9.618700397593118e+03	4.027164829660486e-17	-inf	
35	1.000000000000000e+00	1.000000000000000e+00	2.214934463143262e-03	6.319770535414215e-03	-8.894858183339222e-16	-1.687112671788793e-16	2.957834693272139e+05	2.076364875725819e+04	8.534704998557477e-03	3.962070234442092e+04	8.986625253247019e+03	9.618700397593120e+03	3.884484226336574e-17	-inf	
EXT_ITER= 2337
AOA= 0.000000000000000e+00
SIDESLIP_ANGLE= 0.000000000000000e+00
INITIAL_BCTHRUST= 4.000000000000000e+03
DCD_DCL_VALUE= 0.000000000000000e+00
DCMX_DCL_VALUE= 0.000000000000000e+00
DCMY_DCL_VALUE= 0.000000000000000e+00
DCMZ_DCL_VALUE= 0.000000000000000e+00
