"PointID"	"x"	"y"	"Density[0]"	"Density[1]"	"Momentum_x"	"Momentum_y"	"Energy"	"Electronic_Energy"	"Total_Density"	"Pressure"	"Temperature"	"Tve"	"Mach"	"C<sub>p</sub>"
0	0.000000000000000e+00	0.000000000000000e+00	1.857091901126737e-03	6.677613097430761e-03	0.000000000000000e+00	0.000000000000000e+00	2.957834693272139e+05	1.414465017395934e+04	8.534704998557498e-03	3.694980854169701e+04	8.183678866074884e+03	8.297332040930660e+03	0.000000000000000e+00	-inf	
1	2.000000000000000e-01	0.000000000000000e+00	1.857091901126737e-03	6.677613097430761e-03	0.000000000000000e+00	1.516127667855525e-15	2.957834693272139e+05	1.414465017395934e+04	8.534704998557498e-03	3.694980854169701e+04	8.183678866074884e+03	8.297332040930660e+03	6.715040066447812e-17	-inf	
2	4.000000000000000e-01	0.000000000000000e+00	1.857091901126737e-03	6.677613097430761e-03	0.000000000000000e+00	-1.215994416270419e-15	2.957834693272139e+05	1.414465017395934e+04	8.534704998557498e-03	3.694980854169701e+04	8.183678866074884e+03	8.297332040930660e+03	5.385727995705164e-17	-inf	
3	6.000000000000001e-01	0.000000000000000e+00	1.857091901126737e-03	6.677613097430761e-03	0.000000000000000e+00	-1.253283699043118e-15	2.957834693272139e+05	1.414465017395934e+04	8.534704998557498e-03	3.694980854169701e+04	8.183678866074884e+03	8.297332040930660e+03	5.550884949948968e-17	-inf	
4	8.000000000000000e-01	0.000000000000000e+00	1.857091901126737e-03	6.677613097430761e-03	4.260982677806162e-16	0.000000000000000e+00	2.957834693272139e+05	1.414465017395934e+04	8.534704998557498e-03	3.694980854169701e+04	8.183678866074884e+03	8.297332040930660e+03	1.887220318614687e-17	-inf	
5	1.000000000000000e+00	0.000000000000000e+00	1.857091901126738e-03	6.677613097430761e-03	8.089955372270206e-16	-1.164153218269347e-16	2.957834693272139e+05	1.414465017395934e+04	8.534704998557499e-03	3.694980854169703e+04	8.183678866074887e+03	8.297332040930662e+03	3.620008727267627e-17	-inf	
6	0.000000000000000e+00	2.000000000000000e-01	1.857091901126737e-03	6.677613097430761e-03	0.000000000000000e+00	0.000000000000000e+00	2.957834693272139e+05	1.414465017395934e+04	8.534704998557498e-03	3.694980854169701e+04	8.183678866074884e+03	8.297332040930660e+03	0.000000000000000e+00	-inf	
7	2.000000000000000e-01	2.000000000000000e-01	1.857091901126737e-03	6.677613097430761e-03	-8.124061423587023e-16	-1.818989403545857e-18	2.957834693272139e+05	1.414465017395934e+04	8.534704998557498e-03	3.694980854169701e+04	8.183678866074884e+03	8.297332040930660e+03	3.598215101625687e-17	-inf	
8	4.000000000000000e-01	2.000000000000000e-01	1.857091901126737e-03	6.677613097430761e-03	-7.571543392259895e-16	4.279172571841620e-16	2.957834693272139e+05	1.414465017395934e+04	8.534704998557498e-03	3.694980854169701e+04	8.183678866074884e+03	8.297332040930660e+03	3.852010037850735e-17	-inf	
9	5.999999999999999e-01	2.000000000000000e-01	1.857091901126737e-03	6.677613097430761e-03	0.000000000000000e+00	1.071157385013061e-15	2.957834693272139e+05	1.414465017395934e+04	8.534704998557498e-03	3.694980854169701e+04	8.183678866074884e+03	8.297332040930660e+03	4.744234216111934e-17	-inf	
10	7.999999999999999e-01	2.000000000000000e-01	1.857091901126737e-03	6.677613097430761e-03	4.079083737451574e-16	-6.625668902415924e-16	2.957834693272139e+05	1.414465017395934e+04	8.534704998557498e-03	3.694980854169701e+04	8.183678866074884e+03	8.297332040930660e+03	3.446103757413367e-17	-inf	
11	1.000000000000000e+00	2.000000000000000e-01	1.857091901126738e-03	6.677613097430761e-03	8.035385690163836e-16	-3.997229214292022e-16	2.957834693272139e+05	1.414465017395934e+04	8.534704998557499e-03	3.694980854169703e+04	8.183678866074887e+03	8.297332040930662e+03	3.974960718974902e-17	-inf	
12	0.000000000000000e+00	3.999999999999999e-01	1.857091901126737e-03	6.677613097430761e-03	-1.253283699043162e-15	0.000000000000000e+00	2.957834693272139e+05	1.414465017395934e+04	8.534704998557498e-03	3.694980854169701e+04	8.183678866074884e+03	8.297332040930660e+03	5.550884949949162e-17	-inf	
13	2.000000000000000e-01	3.999999999999999e-01	1.857091901126737e-03	6.677613097430761e-03	8.122241275877143e-16	0.000000000000000e+00	2.957834693272139e+05	1.414465017395934e+04	8.534704998557498e-03	3.694980854169701e+04	8.183678866074884e+03	8.297332040930660e+03	3.597399925694685e-17	-inf	
14	3.999999999999999e-01	4.000000000000001e-01	1.857091901126738e-03	6.677613097430761e-03	3.274634515427387e-16	0.000000000000000e+00	2.957834693272139e+05	1.414465017395934e+04	8.534704998557499e-03	3.694980854169703e+04	8.183678866074887e+03	8.297332040930662e+03	1.450359520525762e-17	-inf	
15	6.000000000000001e-01	4.000000000000000e-01	1.857091901126738e-03	6.677613097430761e-03	-1.049784259521397e-15	-9.094947017729280e-19	2.957834693272139e+05	1.414465017395934e+04	8.534704998557499e-03	3.694980854169703e+04	8.183678866074887e+03	8.297332040930662e+03	4.649572828751728e-17	-inf	
16	8.000000000000000e-01	4.000000000000000e-01	1.857091901126737e-03	6.677613097430761e-03	-4.454250301932923e-16	0.000000000000000e+00	2.957834693272139e+05	1.414465017395934e+04	8.534704998557498e-03	3.694980854169701e+04	8.183678866074884e+03	8.297332040930660e+03	1.972819959533716e-17	-inf	
17	1.000000000000000e+00	4.000000000000000e-01	1.857091901126737e-03	6.677613097430761e-03	0.000000000000000e+00	0.000000000000000e+00	2.957834693272139e+05	1.414465017395934e+04	8.534704998557498e-03	3.694980854169701e+04	8.183678866074884e+03	8.297332040930660e+03	0.000000000000000e+00	-inf	
18	0.000000000000000e+00	6.000000000000000e-01	1.857091901126737e-03	6.677613097430761e-03	1.215994416270419e-15	4.260982677806161e-16	2.957834693272139e+05	1.414465017395934e+04	8.534704998557498e-03	3.694980854169701e+04	8.183678866074884e+03	8.297332040930660e+03	5.706808790796699e-17	-inf	
19	2.000000000000000e-01	6.000000000000000e-01	1.857091901126737e-03	6.677613097430761e-03	5.329615786268751e-17	1.818989403545857e-18	2.957834693272139e+05	1.414465017395934e+04	8.534704998557498e-03	3.694980854169701e+04	8.183678866074884e+03	8.297332040930660e+03	2.361900144132503e-18	-inf	
20	4.000000000000001e-01	6.000000000000002e-01	1.857091901126737e-03	6.677613097430761e-03	0.000000000000000e+00	-4.279172571841624e-16	2.957834693272139e+05	1.414465017395934e+04	8.534704998557498e-03	3.694980854169701e+04	8.183678866074884e+03	8.297332040930660e+03	1.895276755407067e-17	-inf	
21	6.000000000000000e-01	6.000000000000001e-01	1.857091901126737e-03	6.677613097430761e-03	-5.329615786268697e-17	-4.463345248950652e-16	2.957834693272139e+05	1.414465017395934e+04	8.534704998557498e-03	3.694980854169701e+04	8.183678866074884e+03	8.297332040930660e+03	1.990891643289390e-17	-inf	
22	8.000000000000000e-01	6.000000000000001e-01	1.857091901126737e-03	6.677613097430761e-03	8.687948138685865e-16	-9.094947017729286e-19	2.957834693272139e+05	1.414465017395934e+04	8.534704998557498e-03	3.694980854169701e+04	8.183678866074884e+03	8.297332040930660e+03	3.847957731422157e-17	-inf	
23	1.000000000000000e+00	6.000000000000001e-01	1.857091901126738e-03	6.677613097430761e-03	1.255557435797507e-15	-9.094947017729280e-19	2.957834693272139e+05	1.414465017395934e+04	8.534704998557499e-03	3.694980854169703e+04	8.183678866074887e+03	8.297332040930662e+03	5.560956954909860e-17	-inf	
24	0.000000000000000e+00	8.000000000000000e-01	1.857091901126738e-03	6.677613097430761e-03	-7.639755494892614e-16	0.000000000000000e+00	2.957834693272139e+05	1.414465017395934e+04	8.534704998557499e-03	3.694980854169703e+04	8.183678866074887e+03	8.297332040930662e+03	3.383703452799024e-17	-inf	
25	2.000000000000000e-01	8.000000000000000e-01	1.857091901126737e-03	6.677613097430761e-03	-4.463345248950652e-16	8.114966476569292e-16	2.957834693272139e+05	1.414465017395934e+04	8.534704998557498e-03	3.694980854169701e+04	8.183678866074884e+03	8.297332040930660e+03	4.101956025684919e-17	-inf	
26	3.999999999999999e-01	8.000000000000000e-01	1.857091901126737e-03	6.677613097430761e-03	-9.094947017729284e-19	0.000000000000000e+00	2.957834693272139e+05	1.414465017395934e+04	8.534704998557498e-03	3.694980854169701e+04	8.183678866074884e+03	8.297332040930660e+03	4.028218396189308e-20	-inf	
27	6.000000000000000e-01	8.000000000000000e-01	1.857091901126737e-03	6.677613097430761e-03	0.000000000000000e+00	-7.441940397257235e-16	2.957834693272139e+05	1.414465017395934e+04	8.534704998557498e-03	3.694980854169701e+04	8.183678866074884e+03	8.297332040930660e+03	3.296089702682011e-17	-inf	
28	8.000000000000000e-01	8.000000000000000e-01	1.857091901126737e-03	6.677613097430761e-03	0.000000000000000e+00	4.181401891401016e-16	2.957834693272139e+05	1.414465017395934e+04	8.534704998557498e-03	3.694980854169701e+04	8.183678866074884e+03	8.297332040930660e+03	1.851973407648024e-17	-inf	
29	1.000000000000000e+00	8.000000000000000e-01	1.857091901126737e-03	6.677613097430761e-03	-1.334683474851802e-15	-4.220055416226405e-16	2.957834693272139e+05	1.414465017395934e+04	8.534704998557498e-03	3.694980854169701e+04	8.183678866074884e+03	8.297332040930660e+03	6.199861607737141e-17	-inf	
30	0.000000000000000e+00	1.000000000000000e+00	1.857091901126737e-03	6.677613097430761e-03	1.818989403545857e-18	-8.540155249647785e-16	2.957834693272139e+05	1.414465017395934e+04	8.534704998557498e-03	3.694980854169701e+04	8.183678866074884e+03	8.297332040930660e+03	3.782505653816914e-17	-inf	
31	2.000000000000000e-01	1.000000000000000e+00	1.857091901126737e-03	6.677613097430761e-03	0.000000000000000e+00	0.000000000000000e+00	2.957834693272139e+05	1.414465017395934e+04	8.534704998557498e-03	3.694980854169701e+04	8.183678866074884e+03	8.297332040930660e+03	0.000000000000000e+00	-inf	
32	3.999999999999999e-01	1.000000000000000e+00	1.857091901126737e-03	6.677613097430761e-03	0.000000000000000e+00	0.000000000000000e+00	2.957834693272139e+05	1.414465017395934e+04	8.534704998557498e-03	3.694980854169701e+04	8.183678866074884e+03	8.297332040930660e+03	0.000000000000000e+00	-inf	
33	6.000000000000000e-01	1.000000000000000e+00	1.857091901126737e-03	6.677613097430761e-03	4.476987669477244e-16	-1.060470822267228e-15	2.957834693272139e+05	1.414465017395934e+04	8.534704998557498e-03	3.694980854169701e+04	8.183678866074884e+03	8.297332040930660e+03	5.098308470470206e-17	-inf	
34	8.000000000000000e-01	1.000000000000000e+00	1.857091901126738e-03	6.677613097430761e-03	0.000000000000000e+00	4.638422979041832e-16	2.957834693272139e+05	1.414465017395934e+04	8.534704998557499e-03	3.694980854169703e+04	8.183678866074887e+03	8.297332040930662e+03	2.054391382056501e-17	-inf	
35	1.000000000000000e+00	1.000000000000000e+00	1.857091901126737e-03	6.677613097430761e-03	-8.935785444919027e-16	8.594724931754156e-17	2.957834693272139e+05	1.414465017395934e+04	8.534704998557498e-03	3.694980854169701e+04	8.183678866074884e+03	8.297332040930660e+03	3.975989297683148e-17	-inf	
EXT_ITER= 9994
AOA= 0.000000000000000e+00
SIDESLIP_ANGLE= 0.000000000000000e+00
INITIAL_BCTHRUST= 4.000000000000000e+03
DCD_DCL_VALUE= 0.000000000000000e+00
DCMX_DCL_VALUE= 0.000000000000000e+00
DCMY_DCL_VALUE= 0.000000000000000e+00
DCMZ_DCL_VALUE= 0.000000000000000e+00
