"PointID"	"x"	"y"	"Density[0]"	"Density[1]"	"Momentum_x"	"Momentum_y"	"Energy"	"Electronic_Energy"	"Total_Density"	"Pressure"	"Temperature"	"Tve"	"Mach"	"C<sub>p</sub>"
0	0.000000000000000e+00	0.000000000000000e+00	1.905170674609168e-03	6.629534323948347e-03	0.000000000000000e+00	0.000000000000000e+00	2.957834693272139e+05	1.488592115987882e+04	8.534704998557515e-03	3.740659638187401e+04	8.311116087627915e+03	8.450232552301239e+03	0.000000000000000e+00	-inf	
1	2.000000000000000e-01	0.000000000000000e+00	1.905170674609168e-03	6.629534323948347e-03	0.000000000000000e+00	1.334683474851802e-15	2.957834693272139e+05	1.488592115987882e+04	8.534704998557515e-03	3.740659638187401e+04	8.311116087627915e+03	8.450232552301239e+03	5.877659563894460e-17	-inf	
2	4.000000000000000e-01	0.000000000000000e+00	1.905170674609168e-03	6.629534323948347e-03	0.000000000000000e+00	-1.058651832863681e-15	2.957834693272139e+05	1.488592115987882e+04	8.534704998557515e-03	3.740659638187401e+04	8.311116087627915e+03	8.450232552301239e+03	4.662075456472200e-17	-inf	
3	6.000000000000001e-01	0.000000000000000e+00	1.905170674609168e-03	6.629534323948347e-03	0.000000000000000e+00	-9.777068044058801e-16	2.957834693272139e+05	1.488592115987882e+04	8.534704998557515e-03	3.740659638187401e+04	8.311116087627915e+03	8.450232552301239e+03	4.305610924147387e-17	-inf	
4	8.000000000000000e-01	0.000000000000000e+00	1.905170674609168e-03	6.629534323948347e-03	3.133209247607740e-16	0.000000000000000e+00	2.957834693272139e+05	1.488592115987882e+04	8.534704998557515e-03	3.740659638187401e+04	8.311116087627915e+03	8.450232552301239e+03	1.379798105459351e-17	-inf	
5	1.000000000000000e+00	0.000000000000000e+00	1.905170674609169e-03	6.629534323948347e-03	5.857145879417663e-16	-1.082298695109782e-16	2.957834693272139e+05	1.488592115987882e+04	8.534704998557515e-03	3.740659638187400e+04	8.311116087627912e+03	8.450232552301239e+03	2.623027370249357e-17	-inf	
6	0.000000000000000e+00	2.000000000000000e-01	1.905170674609168e-03	6.629534323948347e-03	0.000000000000000e+00	0.000000000000000e+00	2.957834693272139e+05	1.488592115987882e+04	8.534704998557515e-03	3.740659638187401e+04	8.311116087627915e+03	8.450232552301239e+03	0.000000000000000e+00	-inf	
7	2.000000000000000e-01	2.000000000000000e-01	1.905170674609168e-03	6.629534323948347e-03	-6.468781066360074e-16	-1.818989403545857e-18	2.957834693272139e+05	1.488592115987882e+04	8.534704998557515e-03	3.740659638187401e+04	8.311116087627915e+03	8.450232552301239e+03	2.848723606457723e-17	-inf	
8	4.000000000000000e-01	2.000000000000000e-01	1.905170674609168e-03	6.629534323948347e-03	-6.664322427241279e-16	3.151399141643198e-16	2.957834693272139e+05	1.488592115987882e+04	8.534704998557515e-03	3.740659638187401e+04	8.311116087627915e+03	8.450232552301239e+03	3.246414602053982e-17	-inf	
9	5.999999999999999e-01	2.000000000000000e-01	1.905170674609168e-03	6.629534323948347e-03	0.000000000000000e+00	8.128608897095543e-16	2.957834693272139e+05	1.488592115987882e+04	8.534704998557515e-03	3.740659638187401e+04	8.311116087627915e+03	8.450232552301239e+03	3.579664896238878e-17	-inf	
10	7.999999999999999e-01	2.000000000000000e-01	1.905170674609168e-03	6.629534323948347e-03	2.976321411551913e-16	-4.931735020363620e-16	2.957834693272139e+05	1.488592115987882e+04	8.534704998557515e-03	3.740659638187401e+04	8.311116087627915e+03	8.450232552301239e+03	2.536691210704334e-17	-inf	
11	1.000000000000000e+00	2.000000000000000e-01	1.905170674609169e-03	6.629534323948347e-03	5.779838829766966e-16	-2.921751729445540e-16	2.957834693272139e+05	1.488592115987882e+04	8.534704998557515e-03	3.740659638187400e+04	8.311116087627912e+03	8.450232552301239e+03	2.852047605161534e-17	-inf	
12	0.000000000000000e+00	3.999999999999999e-01	1.905170674609168e-03	6.629534323948347e-03	-1.260559656657325e-15	0.000000000000000e+00	2.957834693272139e+05	1.488592115987882e+04	8.534704998557515e-03	3.740659638187401e+04	8.311116087627915e+03	8.450232552301239e+03	5.551234177552191e-17	-inf	
13	2.000000000000000e-01	3.999999999999999e-01	1.905170674609168e-03	6.629534323948347e-03	6.464811883893228e-16	0.000000000000000e+00	2.957834693272139e+05	1.488592115987882e+04	8.534704998557515e-03	3.740659638187401e+04	8.311116087627915e+03	8.450232552301239e+03	2.846964401230991e-17	-inf	
14	3.999999999999999e-01	4.000000000000001e-01	1.905170674609169e-03	6.629534323948347e-03	2.499414984163235e-16	0.000000000000000e+00	2.957834693272139e+05	1.488592115987882e+04	8.534704998557515e-03	3.740659638187400e+04	8.311116087627912e+03	8.450232552301239e+03	1.100688714786055e-17	-inf	
15	6.000000000000001e-01	4.000000000000000e-01	1.905170674609169e-03	6.629534323948347e-03	-7.664766599191346e-16	-9.094947017729280e-19	2.957834693272139e+05	1.488592115987882e+04	8.534704998557515e-03	3.740659638187400e+04	8.311116087627912e+03	8.450232552301239e+03	3.375401079837275e-17	-inf	
16	8.000000000000000e-01	4.000000000000000e-01	1.905170674609168e-03	6.629534323948347e-03	-3.212790034012871e-16	0.000000000000000e+00	2.957834693272139e+05	1.488592115987882e+04	8.534704998557515e-03	3.740659638187401e+04	8.311116087627915e+03	8.450232552301239e+03	1.414843775772179e-17	-inf	
17	1.000000000000000e+00	4.000000000000000e-01	1.905170674609168e-03	6.629534323948347e-03	0.000000000000000e+00	0.000000000000000e+00	2.957834693272139e+05	1.488592115987882e+04	8.534704998557515e-03	3.740659638187401e+04	8.311116087627915e+03	8.450232552301239e+03	0.000000000000000e+00	-inf	
18	0.000000000000000e+00	6.000000000000000e-01	1.905170674609168e-03	6.629534323948347e-03	1.058651832863681e-15	3.133209247607739e-16	2.957834693272139e+05	1.488592115987882e+04	8.534704998557515e-03	3.740659638187401e+04	8.311116087627915e+03	8.450232552301239e+03	4.861973917419723e-17	-inf	
19	2.000000000000000e-01	6.000000000000000e-01	1.905170674609168e-03	6.629534323948347e-03	1.671393651578029e-17	1.818989403545857e-18	2.957834693272139e+05	1.488592115987882e+04	8.534704998557515e-03	3.740659638187401e+04	8.311116087627915e+03	8.450232552301239e+03	7.403919688806322e-19	-inf	
20	4.000000000000001e-01	6.000000000000002e-01	1.905170674609168e-03	6.629534323948347e-03	0.000000000000000e+00	-3.151399141643199e-16	2.957834693272139e+05	1.488592115987882e+04	8.534704998557515e-03	3.740659638187401e+04	8.311116087627915e+03	8.450232552301239e+03	1.387808544387998e-17	-inf	
21	6.000000000000000e-01	6.000000000000001e-01	1.905170674609168e-03	6.629534323948347e-03	-1.671393651577988e-17	-3.258264769101521e-16	2.957834693272139e+05	1.488592115987882e+04	8.534704998557515e-03	3.740659638187401e+04	8.311116087627915e+03	8.450232552301239e+03	1.436756481891141e-17	-inf	
22	8.000000000000000e-01	6.000000000000001e-01	1.905170674609168e-03	6.629534323948347e-03	4.588400770444429e-16	-9.094947017729286e-19	2.957834693272139e+05	1.488592115987882e+04	8.534704998557515e-03	3.740659638187401e+04	8.311116087627915e+03	8.450232552301239e+03	2.020637189241188e-17	-inf	
23	1.000000000000000e+00	6.000000000000001e-01	1.905170674609169e-03	6.629534323948347e-03	1.260559656657278e-15	-9.094947017729280e-19	2.957834693272139e+05	1.488592115987882e+04	8.534704998557515e-03	3.740659638187400e+04	8.311116087627912e+03	8.450232552301239e+03	5.551235622436162e-17	-inf	
24	0.000000000000000e+00	8.000000000000000e-01	1.905170674609169e-03	6.629534323948347e-03	-5.488800525199646e-16	0.000000000000000e+00	2.957834693272139e+05	1.488592115987882e+04	8.534704998557515e-03	3.740659638187400e+04	8.311116087627912e+03	8.450232552301239e+03	2.417149946719076e-17	-inf	
25	2.000000000000000e-01	8.000000000000000e-01	1.905170674609168e-03	6.629534323948347e-03	-3.258264769101521e-16	6.459686119342343e-16	2.957834693272139e+05	1.488592115987882e+04	8.534704998557515e-03	3.740659638187401e+04	8.311116087627915e+03	8.450232552301239e+03	3.186096385405804e-17	-inf	
26	3.999999999999999e-01	8.000000000000000e-01	1.905170674609168e-03	6.629534323948347e-03	-9.094947017729284e-19	0.000000000000000e+00	2.957834693272139e+05	1.488592115987882e+04	8.534704998557515e-03	3.740659638187401e+04	8.311116087627915e+03	8.450232552301239e+03	4.005219464323224e-20	-inf	
27	6.000000000000000e-01	8.000000000000000e-01	1.905170674609168e-03	6.629534323948347e-03	0.000000000000000e+00	-6.516529538203158e-16	2.957834693272139e+05	1.488592115987882e+04	8.534704998557515e-03	3.740659638187401e+04	8.311116087627915e+03	8.450232552301239e+03	2.869739746187644e-17	-inf	
28	8.000000000000000e-01	8.000000000000000e-01	1.905170674609168e-03	6.629534323948347e-03	0.000000000000000e+00	3.078639565501356e-16	2.957834693272139e+05	1.488592115987882e+04	8.534704998557515e-03	3.740659638187401e+04	8.311116087627915e+03	8.450232552301239e+03	1.355766788673408e-17	-inf	
29	1.000000000000000e+00	8.000000000000000e-01	1.905170674609168e-03	6.629534323948347e-03	-9.758878150023340e-16	-3.001332515850679e-16	2.957834693272139e+05	1.488592115987882e+04	8.534704998557515e-03	3.740659638187401e+04	8.311116087627915e+03	8.450232552301239e+03	4.496256230978448e-17	-inf	
30	0.000000000000000e+00	1.000000000000000e+00	1.905170674609168e-03	6.629534323948347e-03	1.818989403545857e-18	-6.284608389250941e-16	2.957834693272139e+05	1.488592115987882e+04	8.534704998557515e-03	3.740659638187401e+04	8.311116087627915e+03	8.450232552301239e+03	2.767618242354083e-17	-inf	
31	2.000000000000000e-01	1.000000000000000e+00	1.905170674609168e-03	6.629534323948347e-03	0.000000000000000e+00	0.000000000000000e+00	2.957834693272139e+05	1.488592115987882e+04	8.534704998557515e-03	3.740659638187401e+04	8.311116087627915e+03	8.450232552301239e+03	0.000000000000000e+00	-inf	
32	3.999999999999999e-01	1.000000000000000e+00	1.905170674609168e-03	6.629534323948347e-03	0.000000000000000e+00	0.000000000000000e+00	2.957834693272139e+05	1.488592115987882e+04	8.534704998557515e-03	3.740659638187401e+04	8.311116087627915e+03	8.450232552301239e+03	0.000000000000000e+00	-inf	
33	6.000000000000000e-01	1.000000000000000e+00	1.905170674609168e-03	6.629534323948347e-03	3.235527401557191e-16	-7.294147508218723e-16	2.957834693272139e+05	1.488592115987882e+04	8.534704998557515e-03	3.740659638187401e+04	8.311116087627915e+03	8.450232552301239e+03	3.514022756821615e-17	-inf	
34	8.000000000000000e-01	1.000000000000000e+00	1.905170674609169e-03	6.629534323948347e-03	0.000000000000000e+00	4.210960469208596e-16	2.957834693272139e+05	1.488592115987882e+04	8.534704998557515e-03	3.740659638187400e+04	8.311116087627912e+03	8.450232552301239e+03	1.854416611981625e-17	-inf	
35	1.000000000000000e+00	1.000000000000000e+00	1.905170674609168e-03	6.629534323948347e-03	-6.452864909078921e-16	7.912603905424462e-17	2.957834693272139e+05	1.488592115987882e+04	8.534704998557515e-03	3.740659638187401e+04	8.311116087627915e+03	8.450232552301239e+03	2.862987493610932e-17	-inf	
EXT_ITER= 8036
AOA= 0.000000000000000e+00
SIDESLIP_ANGLE= 0.000000000000000e+00
INITIAL_BCTHRUST= 4.000000000000000e+03
DCD_DCL_VALUE= 0.000000000000000e+00
DCMX_DCL_VALUE= 0.000000000000000e+00
DCMY_DCL_VALUE= 0.000000000000000e+00
DCMZ_DCL_VALUE= 0.000000000000000e+00
