"PointID"	"x"	"y"	"Density[0]"	"Density[1]"	"Momentum_x"	"Momentum_y"	"Energy"	"Electronic_Energy"	"Total_Density"	"Pressure"	"Temperature"	"Tve"	"Mach"	"C<sub>p</sub>"
0	0.000000000000000e+00	0.000000000000000e+00	2.035283200006840e-03	6.499421798550640e-03	0.000000000000000e+00	0.000000000000000e+00	2.957834693272139e+05	1.702951344725245e+04	8.534704998557480e-03	3.854600774686850e+04	8.638393439542311e+03	8.883616607094735e+03	0.000000000000000e+00	-inf	
1	2.000000000000000e-01	0.000000000000000e+00	2.035283200006840e-03	6.499421798550640e-03	0.000000000000000e+00	9.617906471248518e-16	2.957834693272139e+05	1.702951344725245e+04	8.534704998557480e-03	3.854600774686850e+04	8.638393439542311e+03	8.883616607094735e+03	4.177190680424307e-17	-inf	
2	4.000000000000000e-01	0.000000000000000e+00	2.035283200006840e-03	6.499421798550640e-03	0.000000000000000e+00	-7.544258551206257e-16	2.957834693272139e+05	1.702951344725245e+04	8.534704998557480e-03	3.854600774686850e+04	8.638393439542311e+03	8.883616607094735e+03	3.276576519538488e-17	-inf	
3	6.000000000000001e-01	0.000000000000000e+00	2.035283200006840e-03	6.499421798550640e-03	0.000000000000000e+00	-3.788045432884309e-16	2.957834693272139e+05	1.702951344725245e+04	8.534704998557480e-03	3.854600774686850e+04	8.638393439542311e+03	8.883616607094735e+03	1.645200868460320e-17	-inf	
4	8.000000000000000e-01	0.000000000000000e+00	2.035283200006840e-03	6.499421798550640e-03	1.302851160289714e-16	0.000000000000000e+00	2.957834693272139e+05	1.702951344725245e+04	8.534704998557480e-03	3.854600774686850e+04	8.638393439542311e+03	8.883616607094735e+03	5.658463971355006e-18	-inf	
5	1.000000000000000e+00	0.000000000000000e+00	2.035283200006840e-03	6.499421798550640e-03	2.082742867059981e-16	2.514752850402178e-16	2.957834693272139e+05	1.702951344725244e+04	8.534704998557480e-03	3.854600774686852e+04	8.638393439542315e+03	8.883616607094735e+03	1.418139688703874e-17	-inf	
6	0.000000000000000e+00	2.000000000000000e-01	2.035283200006840e-03	6.499421798550640e-03	0.000000000000000e+00	0.000000000000000e+00	2.957834693272139e+05	1.702951344725245e+04	8.534704998557480e-03	3.854600774686850e+04	8.638393439542311e+03	8.883616607094735e+03	0.000000000000000e+00	-inf	
7	2.000000000000000e-01	2.000000000000000e-01	2.035283200006840e-03	6.499421798550640e-03	-3.817604010691771e-16	-1.818989403545857e-18	2.957834693272139e+05	1.702951344725245e+04	8.534704998557480e-03	3.854600774686850e+04	8.638393439542311e+03	8.883616607094735e+03	1.658057391230720e-17	-inf	
8	4.000000000000000e-01	2.000000000000000e-01	2.035283200006840e-03	6.499421798550640e-03	-4.799858288606528e-16	1.321041054325172e-16	2.957834693272139e+05	1.702951344725245e+04	8.534704998557480e-03	3.854600774686850e+04	8.638393439542311e+03	8.883616607094735e+03	2.162158876281467e-17	-inf	
9	5.999999999999999e-01	2.000000000000000e-01	2.035283200006840e-03	6.499421798550640e-03	0.000000000000000e+00	3.221884981030648e-16	2.957834693272139e+05	1.702951344725245e+04	8.534704998557480e-03	3.854600774686850e+04	8.638393439542311e+03	8.883616607094735e+03	1.399309502165829e-17	-inf	
10	7.999999999999999e-01	2.000000000000000e-01	2.035283200006840e-03	6.499421798550640e-03	1.161879481514918e-16	-2.503384166630000e-16	2.957834693272139e+05	1.702951344725245e+04	8.534704998557480e-03	3.854600774686850e+04	8.638393439542311e+03	8.883616607094735e+03	1.198651049466745e-17	-inf	
11	1.000000000000000e+00	2.000000000000000e-01	2.035283200006840e-03	6.499421798550640e-03	2.173692337237290e-16	-1.039097696775563e-16	2.957834693272139e+05	1.702951344725244e+04	8.534704998557480e-03	3.854600774686852e+04	8.638393439542315e+03	8.883616607094735e+03	1.046386755550684e-17	-inf	
12	0.000000000000000e+00	3.999999999999999e-01	2.035283200006840e-03	6.499421798550640e-03	-1.040916686179107e-15	0.000000000000000e+00	2.957834693272139e+05	1.702951344725245e+04	8.534704998557480e-03	3.854600774686850e+04	8.638393439542311e+03	8.883616607094735e+03	4.520846083920261e-17	-inf	
13	2.000000000000000e-01	3.999999999999999e-01	2.035283200006840e-03	6.499421798550640e-03	3.483598332781198e-16	0.000000000000000e+00	2.957834693272139e+05	1.702951344725245e+04	8.534704998557480e-03	3.854600774686850e+04	8.638393439542311e+03	8.883616607094735e+03	1.512975254389878e-17	-inf	
14	3.999999999999999e-01	4.000000000000001e-01	2.035283200006840e-03	6.499421798550640e-03	9.597505353613098e-17	0.000000000000000e+00	2.957834693272139e+05	1.702951344725244e+04	8.534704998557480e-03	3.854600774686852e+04	8.638393439542315e+03	8.883616607094735e+03	4.168330191012015e-18	-inf	
15	6.000000000000001e-01	4.000000000000000e-01	2.035283200006840e-03	6.499421798550640e-03	-2.714841684792226e-16	-9.094947017729280e-19	2.957834693272139e+05	1.702951344725244e+04	8.534704998557480e-03	3.854600774686852e+04	8.638393439542315e+03	8.883616607094735e+03	1.179100156081683e-17	-inf	
16	8.000000000000000e-01	4.000000000000000e-01	2.035283200006840e-03	6.499421798550640e-03	-1.368789526168255e-16	0.000000000000000e+00	2.957834693272139e+05	1.702951344725245e+04	8.534704998557480e-03	3.854600774686850e+04	8.638393439542311e+03	8.883616607094735e+03	5.944843474268278e-18	-inf	
17	1.000000000000000e+00	4.000000000000000e-01	2.035283200006840e-03	6.499421798550640e-03	0.000000000000000e+00	0.000000000000000e+00	2.957834693272139e+05	1.702951344725245e+04	8.534704998557480e-03	3.854600774686850e+04	8.638393439542311e+03	8.883616607094735e+03	0.000000000000000e+00	-inf	
18	0.000000000000000e+00	6.000000000000000e-01	2.035283200006840e-03	6.499421798550640e-03	7.544258551206257e-16	1.302851160289713e-16	2.957834693272139e+05	1.702951344725245e+04	8.534704998557480e-03	3.854600774686850e+04	8.638393439542311e+03	8.883616607094735e+03	3.325076816186684e-17	-inf	
19	2.000000000000000e-01	6.000000000000000e-01	2.035283200006840e-03	6.499421798550640e-03	-2.769286340589828e-17	1.818989403545857e-18	2.957834693272139e+05	1.702951344725245e+04	8.534704998557480e-03	3.854600774686850e+04	8.638393439542311e+03	8.883616607094735e+03	1.205331394058928e-18	-inf	
20	4.000000000000001e-01	6.000000000000002e-01	2.035283200006840e-03	6.499421798550640e-03	0.000000000000000e+00	-1.321041054325174e-16	2.957834693272139e+05	1.702951344725245e+04	8.534704998557480e-03	3.854600774686850e+04	8.638393439542311e+03	8.883616607094735e+03	5.737465213537978e-18	-inf	
21	6.000000000000000e-01	6.000000000000001e-01	2.035283200006840e-03	6.499421798550640e-03	2.769286340589856e-17	-1.346052158623933e-16	2.957834693272139e+05	1.702951344725245e+04	8.534704998557480e-03	3.854600774686850e+04	8.638393439542311e+03	8.883616607094735e+03	5.968531924043625e-18	-inf	
22	8.000000000000000e-01	6.000000000000001e-01	2.035283200006840e-03	6.499421798550640e-03	1.377884473185982e-16	-9.094947017729286e-19	2.957834693272139e+05	1.702951344725245e+04	8.534704998557480e-03	3.854600774686850e+04	8.638393439542311e+03	8.883616607094735e+03	5.984474459025934e-18	-inf	
23	1.000000000000000e+00	6.000000000000001e-01	2.035283200006840e-03	6.499421798550640e-03	5.438778316602181e-16	-9.094947017729280e-19	2.957834693272139e+05	1.702951344725244e+04	8.534704998557480e-03	3.854600774686852e+04	8.638393439542315e+03	8.883616607094735e+03	2.362140443995958e-17	-inf	
24	0.000000000000000e+00	8.000000000000000e-01	2.035283200006840e-03	6.499421798550640e-03	-1.714397512841982e-16	0.000000000000000e+00	2.957834693272139e+05	1.702951344725244e+04	8.534704998557480e-03	3.854600774686852e+04	8.638393439542315e+03	8.883616607094735e+03	7.445867075744716e-18	-inf	
25	2.000000000000000e-01	8.000000000000000e-01	2.035283200006840e-03	6.499421798550640e-03	-1.346052158623933e-16	3.808509063674042e-16	2.957834693272139e+05	1.702951344725245e+04	8.534704998557480e-03	3.854600774686850e+04	8.638393439542311e+03	8.883616607094735e+03	1.754359341905047e-17	-inf	
26	3.999999999999999e-01	8.000000000000000e-01	2.035283200006840e-03	6.499421798550640e-03	-9.094947017729284e-19	0.000000000000000e+00	2.957834693272139e+05	1.702951344725245e+04	8.534704998557480e-03	3.854600774686850e+04	8.638393439542311e+03	8.883616607094735e+03	3.950062109148363e-20	-inf	
27	6.000000000000000e-01	8.000000000000000e-01	2.035283200006840e-03	6.499421798550640e-03	0.000000000000000e+00	-4.356479621492186e-16	2.957834693272139e+05	1.702951344725245e+04	8.534704998557480e-03	3.854600774686850e+04	8.638393439542311e+03	8.883616607094735e+03	1.892079750282005e-17	-inf	
28	8.000000000000000e-01	8.000000000000000e-01	2.035283200006840e-03	6.499421798550640e-03	0.000000000000000e+00	1.300577423535279e-16	2.957834693272139e+05	1.702951344725245e+04	8.534704998557480e-03	3.854600774686850e+04	8.638393439542311e+03	8.883616607094735e+03	5.648588816082122e-18	-inf	
29	1.000000000000000e+00	8.000000000000000e-01	2.035283200006840e-03	6.499421798550640e-03	-3.769855538848850e-16	-1.166426955023788e-16	2.957834693272139e+05	1.702951344725245e+04	8.534704998557480e-03	3.854600774686850e+04	8.638393439542311e+03	8.883616607094735e+03	1.713882345074744e-17	-inf	
30	0.000000000000000e+00	1.000000000000000e+00	2.035283200006840e-03	6.499421798550640e-03	1.818989403545857e-18	-2.623892214614890e-16	2.957834693272139e+05	1.702951344725245e+04	8.534704998557480e-03	3.854600774686850e+04	8.638393439542311e+03	8.883616607094735e+03	1.139620301606471e-17	-inf	
31	2.000000000000000e-01	1.000000000000000e+00	2.035283200006840e-03	6.499421798550640e-03	0.000000000000000e+00	0.000000000000000e+00	2.957834693272139e+05	1.702951344725245e+04	8.534704998557480e-03	3.854600774686850e+04	8.638393439542311e+03	8.883616607094735e+03	0.000000000000000e+00	-inf	
32	3.999999999999999e-01	1.000000000000000e+00	2.035283200006840e-03	6.499421798550640e-03	0.000000000000000e+00	0.000000000000000e+00	2.957834693272139e+05	1.702951344725245e+04	8.534704998557480e-03	3.854600774686850e+04	8.638393439542311e+03	8.883616607094735e+03	0.000000000000000e+00	-inf	
33	6.000000000000000e-01	1.000000000000000e+00	2.035283200006840e-03	6.499421798550640e-03	1.391526893712574e-16	-2.582964953035149e-16	2.957834693272139e+05	1.702951344725245e+04	8.534704998557480e-03	3.854600774686850e+04	8.638393439542311e+03	8.883616607094735e+03	1.274254771884652e-17	-inf	
34	8.000000000000000e-01	1.000000000000000e+00	2.035283200006840e-03	6.499421798550640e-03	0.000000000000000e+00	4.852154233958547e-16	2.957834693272139e+05	1.702951344725244e+04	8.534704998557480e-03	3.854600774686852e+04	8.638393439542315e+03	8.883616607094735e+03	2.107358135230640e-17	-inf	
35	1.000000000000000e+00	1.000000000000000e+00	2.035283200006840e-03	6.499421798550640e-03	-2.764863893389688e-16	-2.596607373561743e-16	2.957834693272139e+05	1.702951344725245e+04	8.534704998557480e-03	3.854600774686850e+04	8.638393439542311e+03	8.883616607094735e+03	1.647352316702455e-17	-inf	
EXT_ITER= 4621
AOA= 0.000000000000000e+00
SIDESLIP_ANGLE= 0.000000000000000e+00
INITIAL_BCTHRUST= 4.000000000000000e+03
DCD_DCL_VALUE= 0.000000000000000e+00
DCMX_DCL_VALUE= 0.000000000000000e+00
DCMY_DCL_VALUE= 0.000000000000000e+00
DCMZ_DCL_VALUE= 0.000000000000000e+00
