"PointID"	"x"	"y"	"Density[0]"	"Density[1]"	"Momentum_x"	"Momentum_y"	"Energy"	"Electronic_Energy"	"Total_Density"	"Pressure"	"Temperature"	"Tve"	"Mach"	"C<sub>p</sub>"
0	0.000000000000000e+00	0.000000000000000e+00	2.003994882518169e-03	6.530710116039313e-03	0.000000000000000e+00	0.000000000000000e+00	2.957834693272139e+05	1.648891430304836e+04	8.534704998557482e-03	3.828900046522554e+04	8.562975691289477e+03	8.775219108807250e+03	0.000000000000000e+00	-inf	
1	2.000000000000000e-01	0.000000000000000e+00	2.003994882518169e-03	6.530710116039313e-03	0.000000000000000e+00	1.069565769284958e-15	2.957834693272139e+05	1.648891430304836e+04	8.534704998557482e-03	3.828900046522554e+04	8.562975691289477e+03	8.775219108807250e+03	4.659560872699498e-17	-inf	
2	4.000000000000000e-01	0.000000000000000e+00	2.003994882518169e-03	6.530710116039313e-03	0.000000000000000e+00	-8.062670531216782e-16	2.957834693272139e+05	1.648891430304836e+04	8.534704998557482e-03	3.828900046522554e+04	8.562975691289477e+03	8.775219108807250e+03	3.512500606843546e-17	-inf	
3	6.000000000000001e-01	0.000000000000000e+00	2.003994882518169e-03	6.530710116039313e-03	0.000000000000000e+00	-4.934008757118172e-16	2.957834693272139e+05	1.648891430304836e+04	8.534704998557482e-03	3.828900046522554e+04	8.562975691289477e+03	8.775219108807250e+03	2.149499807346522e-17	-inf	
4	8.000000000000000e-01	0.000000000000000e+00	2.003994882518169e-03	6.530710116039313e-03	9.731593308970277e-17	0.000000000000000e+00	2.957834693272139e+05	1.648891430304836e+04	8.534704998557482e-03	3.828900046522554e+04	8.562975691289477e+03	8.775219108807250e+03	4.239566440296309e-18	-inf	
5	1.000000000000000e+00	0.000000000000000e+00	2.003994882518170e-03	6.530710116039313e-03	1.241460267920019e-16	1.582520781084904e-16	2.957834693272139e+05	1.648891430304836e+04	8.534704998557484e-03	3.828900046522557e+04	8.562975691289483e+03	8.775219108807249e+03	8.762514098789626e-18	-inf	
6	0.000000000000000e+00	2.000000000000000e-01	2.003994882518169e-03	6.530710116039313e-03	0.000000000000000e+00	0.000000000000000e+00	2.957834693272139e+05	1.648891430304836e+04	8.534704998557482e-03	3.828900046522554e+04	8.562975691289477e+03	8.775219108807250e+03	0.000000000000000e+00	-inf	
7	2.000000000000000e-01	2.000000000000000e-01	2.003994882518169e-03	6.530710116039313e-03	-4.074536263942602e-16	-1.818989403545857e-18	2.957834693272139e+05	1.648891430304836e+04	8.534704998557482e-03	3.828900046522554e+04	8.562975691289477e+03	8.775219108807250e+03	1.775088497004016e-17	-inf	
8	4.000000000000000e-01	2.000000000000000e-01	2.003994882518169e-03	6.530710116039313e-03	-5.338733899407060e-16	9.913492249324857e-17	2.957834693272139e+05	1.648891430304836e+04	8.534704998557482e-03	3.828900046522554e+04	8.562975691289477e+03	8.775219108807250e+03	2.365576392918256e-17	-inf	
9	5.999999999999999e-01	2.000000000000000e-01	2.003994882518169e-03	6.530710116039313e-03	0.000000000000000e+00	3.444711182965040e-16	2.957834693272139e+05	1.648891430304836e+04	8.534704998557482e-03	3.828900046522554e+04	8.562975691289477e+03	8.775219108807250e+03	1.500687653516141e-17	-inf	
10	7.999999999999999e-01	2.000000000000000e-01	2.003994882518169e-03	6.530710116039313e-03	8.321876521222335e-17	-2.762590156635263e-16	2.957834693272139e+05	1.648891430304836e+04	8.534704998557482e-03	3.828900046522554e+04	8.562975691289477e+03	8.775219108807250e+03	1.256941384547302e-17	-inf	
11	1.000000000000000e+00	2.000000000000000e-01	2.003994882518170e-03	6.530710116039313e-03	1.273292582482092e-16	-6.139089236967179e-17	2.957834693272139e+05	1.648891430304836e+04	8.534704998557484e-03	3.828900046522557e+04	8.562975691289483e+03	8.775219108807249e+03	6.158180664755453e-18	-inf	
12	0.000000000000000e+00	3.999999999999999e-01	2.003994882518169e-03	6.530710116039313e-03	-1.162334228865809e-15	0.000000000000000e+00	2.957834693272139e+05	1.648891430304836e+04	8.534704998557482e-03	3.828900046522554e+04	8.562975691289477e+03	8.775219108807250e+03	5.063706458596959e-17	-inf	
13	2.000000000000000e-01	3.999999999999999e-01	2.003994882518169e-03	6.530710116039313e-03	3.526349855645570e-16	0.000000000000000e+00	2.957834693272139e+05	1.648891430304836e+04	8.534704998557482e-03	3.828900046522554e+04	8.562975691289477e+03	8.775219108807250e+03	1.536253522941416e-17	-inf	
14	3.999999999999999e-01	4.000000000000001e-01	2.003994882518170e-03	6.530710116039313e-03	6.455253877798047e-17	0.000000000000000e+00	2.957834693272139e+05	1.648891430304836e+04	8.534704998557484e-03	3.828900046522557e+04	8.562975691289483e+03	8.775219108807249e+03	2.812229902649006e-18	-inf	
15	6.000000000000001e-01	4.000000000000000e-01	2.003994882518170e-03	6.530710116039313e-03	-2.896740625146842e-16	-9.094947017729280e-19	2.957834693272139e+05	1.648891430304836e+04	8.534704998557484e-03	3.828900046522557e+04	8.562975691289483e+03	8.775219108807249e+03	1.261970623119929e-17	-inf	
16	8.000000000000000e-01	4.000000000000000e-01	2.003994882518169e-03	6.530710116039313e-03	-1.041371433530003e-16	0.000000000000000e+00	2.957834693272139e+05	1.648891430304836e+04	8.534704998557482e-03	3.828900046522554e+04	8.562975691289477e+03	8.775219108807250e+03	4.536732312279723e-18	-inf	
17	1.000000000000000e+00	4.000000000000000e-01	2.003994882518169e-03	6.530710116039313e-03	0.000000000000000e+00	0.000000000000000e+00	2.957834693272139e+05	1.648891430304836e+04	8.534704998557482e-03	3.828900046522554e+04	8.562975691289477e+03	8.775219108807250e+03	0.000000000000000e+00	-inf	
18	0.000000000000000e+00	6.000000000000000e-01	2.003994882518169e-03	6.530710116039313e-03	8.062670531216782e-16	9.731593308970269e-17	2.957834693272139e+05	1.648891430304836e+04	8.534704998557482e-03	3.828900046522554e+04	8.562975691289477e+03	8.775219108807250e+03	3.537993746333244e-17	-inf	
19	2.000000000000000e-01	6.000000000000000e-01	2.003994882518169e-03	6.530710116039313e-03	-8.910743438078956e-18	1.818989403545857e-18	2.957834693272139e+05	1.648891430304836e+04	8.534704998557482e-03	3.828900046522554e+04	8.562975691289477e+03	8.775219108807250e+03	3.962020256076672e-19	-inf	
20	4.000000000000001e-01	6.000000000000002e-01	2.003994882518169e-03	6.530710116039313e-03	0.000000000000000e+00	-9.913492249324873e-17	2.957834693272139e+05	1.648891430304836e+04	8.534704998557482e-03	3.828900046522554e+04	8.562975691289477e+03	8.775219108807250e+03	4.318810672825217e-18	-inf	
21	6.000000000000000e-01	6.000000000000001e-01	2.003994882518169e-03	6.530710116039313e-03	8.910743438079278e-18	-9.958966984413565e-17	2.957834693272139e+05	1.648891430304836e+04	8.534704998557482e-03	3.828900046522554e+04	8.562975691289477e+03	8.775219108807250e+03	4.355953962227203e-18	-inf	
22	8.000000000000000e-01	6.000000000000001e-01	2.003994882518169e-03	6.530710116039313e-03	1.050466380547730e-16	-9.094947017729286e-19	2.957834693272139e+05	1.648891430304836e+04	8.534704998557482e-03	3.828900046522554e+04	8.562975691289477e+03	8.775219108807250e+03	4.576525949642704e-18	-inf	
23	1.000000000000000e+00	6.000000000000001e-01	2.003994882518170e-03	6.530710116039313e-03	5.802576197311414e-16	-9.094947017729280e-19	2.957834693272139e+05	1.648891430304836e+04	8.534704998557484e-03	3.828900046522557e+04	8.562975691289483e+03	8.775219108807249e+03	2.527894122851694e-17	-inf	
24	0.000000000000000e+00	8.000000000000000e-01	2.003994882518170e-03	6.530710116039313e-03	-9.777068044059083e-17	0.000000000000000e+00	2.957834693272139e+05	1.648891430304836e+04	8.534704998557484e-03	3.828900046522557e+04	8.562975691289483e+03	8.775219108807249e+03	4.259377498428602e-18	-inf	
25	2.000000000000000e-01	8.000000000000000e-01	2.003994882518169e-03	6.530710116039313e-03	-9.958966984413568e-17	4.065441316924873e-16	2.957834693272139e+05	1.648891430304836e+04	8.534704998557482e-03	3.828900046522554e+04	8.562975691289477e+03	8.775219108807250e+03	1.823475266540473e-17	-inf	
26	3.999999999999999e-01	8.000000000000000e-01	2.003994882518169e-03	6.530710116039313e-03	-9.094947017729284e-19	0.000000000000000e+00	2.957834693272139e+05	1.648891430304836e+04	8.534704998557482e-03	3.828900046522554e+04	8.562975691289477e+03	8.775219108807250e+03	3.962211626445172e-20	-inf	
27	6.000000000000000e-01	8.000000000000000e-01	2.003994882518169e-03	6.530710116039313e-03	0.000000000000000e+00	-4.929461283609188e-16	2.957834693272139e+05	1.648891430304836e+04	8.534704998557482e-03	3.828900046522554e+04	8.562975691289477e+03	8.775219108807250e+03	2.147518701533247e-17	-inf	
28	8.000000000000000e-01	8.000000000000000e-01	2.003994882518169e-03	6.530710116039313e-03	0.000000000000000e+00	9.708855941425921e-17	2.957834693272139e+05	1.648891430304836e+04	8.534704998557482e-03	3.828900046522554e+04	8.562975691289477e+03	8.775219108807250e+03	4.229660911230182e-18	-inf	
29	1.000000000000000e+00	8.000000000000000e-01	2.003994882518169e-03	6.530710116039313e-03	-4.915818863082715e-16	-8.412825991399681e-17	2.957834693272139e+05	1.648891430304836e+04	8.534704998557482e-03	3.828900046522554e+04	8.562975691289477e+03	8.775219108807250e+03	2.172710456912926e-17	-inf	
30	0.000000000000000e+00	1.000000000000000e+00	2.003994882518169e-03	6.530710116039313e-03	1.818989403545857e-18	-1.964508555829517e-16	2.957834693272139e+05	1.648891430304836e+04	8.534704998557482e-03	3.828900046522554e+04	8.562975691289477e+03	8.775219108807250e+03	8.558743976705436e-18	-inf	
31	2.000000000000000e-01	1.000000000000000e+00	2.003994882518169e-03	6.530710116039313e-03	0.000000000000000e+00	0.000000000000000e+00	2.957834693272139e+05	1.648891430304836e+04	8.534704998557482e-03	3.828900046522554e+04	8.562975691289477e+03	8.775219108807250e+03	0.000000000000000e+00	-inf	
32	3.999999999999999e-01	1.000000000000000e+00	2.003994882518169e-03	6.530710116039313e-03	0.000000000000000e+00	0.000000000000000e+00	2.957834693272139e+05	1.648891430304836e+04	8.534704998557482e-03	3.828900046522554e+04	8.562975691289477e+03	8.775219108807250e+03	0.000000000000000e+00	-inf	
33	6.000000000000000e-01	1.000000000000000e+00	2.003994882518169e-03	6.530710116039313e-03	1.064108801074322e-16	-3.101376933045731e-16	2.957834693272139e+05	1.648891430304836e+04	8.534704998557482e-03	3.828900046522554e+04	8.562975691289477e+03	8.775219108807250e+03	1.428430870860301e-17	-inf	
34	8.000000000000000e-01	1.000000000000000e+00	2.003994882518170e-03	6.530710116039313e-03	0.000000000000000e+00	2.860360837075808e-16	2.957834693272139e+05	1.648891430304836e+04	8.534704998557484e-03	3.828900046522557e+04	8.562975691289483e+03	8.775219108807249e+03	1.246115556516983e-17	-inf	
35	1.000000000000000e+00	1.000000000000000e+00	2.003994882518169e-03	6.530710116039313e-03	-2.110027708113185e-16	-1.732587406877440e-16	2.957834693272139e+05	1.648891430304836e+04	8.534704998557482e-03	3.828900046522554e+04	8.562975691289477e+03	8.775219108807250e+03	1.189417719776148e-17	-inf	
EXT_ITER= 5254
AOA= 0.000000000000000e+00
SIDESLIP_ANGLE= 0.000000000000000e+00
INITIAL_BCTHRUST= 4.000000000000000e+03
DCD_DCL_VALUE= 0.000000000000000e+00
DCMX_DCL_VALUE= 0.000000000000000e+00
DCMY_DCL_VALUE= 0.000000000000000e+00
DCMZ_DCL_VALUE= 0.000000000000000e+00
