"PointID"	"x"	"y"	"Density[0]"	"Density[1]"	"Momentum_x"	"Momentum_y"	"Energy"	"Electronic_Energy"	"Total_Density"	"Pressure"	"Temperature"	"Tve"	"Mach"	"C<sub>p</sub>"
0	0.000000000000000e+00	0.000000000000000e+00	2.086320765126593e-03	6.448384233430887e-03	0.000000000000000e+00	0.000000000000000e+00	2.957834693272139e+05	1.796455778664891e+04	8.534704998557480e-03	3.893068456187203e+04	8.754320840461123e+03	9.070007905903167e+03	0.000000000000000e+00	-inf	
1	2.000000000000000e-01	0.000000000000000e+00	2.086320765126593e-03	6.448384233430887e-03	0.000000000000000e+00	8.180904842447253e-16	2.957834693272139e+05	1.796455778664891e+04	8.534704998557480e-03	3.893068456187203e+04	8.754320840461123e+03	9.070007905903167e+03	3.537066792812889e-17	-inf	
2	4.000000000000000e-01	0.000000000000000e+00	2.086320765126593e-03	6.448384233430887e-03	0.000000000000000e+00	-6.803020369261383e-16	2.957834693272139e+05	1.796455778664891e+04	8.534704998557480e-03	3.893068456187203e+04	8.754320840461123e+03	9.070007905903167e+03	2.941329584240212e-17	-inf	
3	6.000000000000001e-01	0.000000000000000e+00	2.086320765126593e-03	6.448384233430887e-03	0.000000000000000e+00	-2.128217602148674e-16	2.957834693272139e+05	1.796455778664891e+04	8.534704998557480e-03	3.893068456187203e+04	8.754320840461123e+03	9.070007905903167e+03	9.201485597757072e-18	-inf	
4	8.000000000000000e-01	0.000000000000000e+00	2.086320765126593e-03	6.448384233430887e-03	1.500666257925325e-16	0.000000000000000e+00	2.957834693272139e+05	1.796455778664891e+04	8.534704998557480e-03	3.893068456187203e+04	8.754320840461123e+03	9.070007905903167e+03	6.488227024059377e-18	-inf	
5	1.000000000000000e+00	0.000000000000000e+00	2.086320765126593e-03	6.448384233430887e-03	2.469278115313476e-16	3.988134267274358e-16	2.957834693272139e+05	1.796455778664890e+04	8.534704998557480e-03	3.893068456187203e+04	8.754320840461121e+03	9.070007905903165e+03	2.028048896448980e-17	-inf	
6	0.000000000000000e+00	2.000000000000000e-01	2.086320765126593e-03	6.448384233430887e-03	0.000000000000000e+00	0.000000000000000e+00	2.957834693272139e+05	1.796455778664891e+04	8.534704998557480e-03	3.893068456187203e+04	8.754320840461123e+03	9.070007905903167e+03	0.000000000000000e+00	-inf	
7	2.000000000000000e-01	2.000000000000000e-01	2.086320765126593e-03	6.448384233430887e-03	-3.415152605157285e-16	-1.818989403545857e-18	2.957834693272139e+05	1.796455778664891e+04	8.534704998557480e-03	3.893068456187203e+04	8.754320840461123e+03	9.070007905903167e+03	1.476584124296710e-17	-inf	
8	4.000000000000000e-01	2.000000000000000e-01	2.086320765126593e-03	6.448384233430887e-03	-4.081357474205898e-16	1.518856151960783e-16	2.957834693272139e+05	1.796455778664891e+04	8.534704998557480e-03	3.893068456187203e+04	8.754320840461123e+03	9.070007905903167e+03	1.882831718385598e-17	-inf	
9	5.999999999999999e-01	2.000000000000000e-01	2.086320765126593e-03	6.448384233430887e-03	0.000000000000000e+00	2.632987161632648e-16	2.957834693272139e+05	1.796455778664891e+04	8.534704998557480e-03	3.893068456187203e+04	8.754320840461123e+03	9.070007905903167e+03	1.138388923312250e-17	-inf	
10	7.999999999999999e-01	2.000000000000000e-01	2.086320765126593e-03	6.448384233430887e-03	1.386979420203716e-16	-2.132765075657554e-16	2.957834693272139e+05	1.796455778664891e+04	8.534704998557480e-03	3.893068456187203e+04	8.754320840461123e+03	9.070007905903167e+03	1.099954076358615e-17	-inf	
11	1.000000000000000e+00	2.000000000000000e-01	2.086320765126593e-03	6.448384233430887e-03	2.637534635141483e-16	-1.271018845727659e-16	2.957834693272139e+05	1.796455778664890e+04	8.534704998557480e-03	3.893068456187203e+04	8.754320840461121e+03	9.070007905903165e+03	1.265857949609584e-17	-inf	
12	0.000000000000000e+00	3.999999999999999e-01	2.086320765126593e-03	6.448384233430887e-03	-8.944880391936461e-16	0.000000000000000e+00	2.957834693272139e+05	1.796455778664891e+04	8.534704998557480e-03	3.893068456187203e+04	8.754320840461123e+03	9.070007905903167e+03	3.867376532219527e-17	-inf	
13	2.000000000000000e-01	3.999999999999999e-01	2.086320765126593e-03	6.448384233430887e-03	3.291609130599162e-16	0.000000000000000e+00	2.957834693272139e+05	1.796455778664891e+04	8.534704998557480e-03	3.893068456187203e+04	8.754320840461123e+03	9.070007905903167e+03	1.423148365001541e-17	-inf	
14	3.999999999999999e-01	4.000000000000001e-01	2.086320765126593e-03	6.448384233430887e-03	1.083810742045367e-16	0.000000000000000e+00	2.957834693272139e+05	1.796455778664890e+04	8.534704998557480e-03	3.893068456187203e+04	8.754320840461121e+03	9.070007905903165e+03	4.685925407043114e-18	-inf	
15	6.000000000000001e-01	4.000000000000000e-01	2.086320765126593e-03	6.448384233430887e-03	-2.153228706447425e-16	-9.094947017729280e-19	2.957834693272139e+05	1.796455778664890e+04	8.534704998557480e-03	3.893068456187203e+04	8.754320840461121e+03	9.070007905903165e+03	9.309705761102719e-18	-inf	
16	8.000000000000000e-01	4.000000000000000e-01	2.086320765126593e-03	6.448384233430887e-03	-1.557509676786136e-16	0.000000000000000e+00	2.957834693272139e+05	1.796455778664891e+04	8.534704998557480e-03	3.893068456187203e+04	8.754320840461123e+03	9.070007905903167e+03	6.733993199213155e-18	-inf	
17	1.000000000000000e+00	4.000000000000000e-01	2.086320765126593e-03	6.448384233430887e-03	0.000000000000000e+00	0.000000000000000e+00	2.957834693272139e+05	1.796455778664891e+04	8.534704998557480e-03	3.893068456187203e+04	8.754320840461123e+03	9.070007905903167e+03	0.000000000000000e+00	-inf	
18	0.000000000000000e+00	6.000000000000000e-01	2.086320765126593e-03	6.448384233430887e-03	6.803020369261383e-16	1.500666257925324e-16	2.957834693272139e+05	1.796455778664891e+04	8.534704998557480e-03	3.893068456187203e+04	8.754320840461123e+03	9.070007905903167e+03	3.012040939675960e-17	-inf	
19	2.000000000000000e-01	6.000000000000000e-01	2.086320765126593e-03	6.448384233430887e-03	-4.312596262253901e-17	1.818989403545857e-18	2.957834693272139e+05	1.796455778664891e+04	8.534704998557480e-03	3.893068456187203e+04	8.754320840461123e+03	9.070007905903167e+03	1.866236545620166e-18	-inf	
20	4.000000000000001e-01	6.000000000000002e-01	2.086320765126593e-03	6.448384233430887e-03	0.000000000000000e+00	-1.518856151960785e-16	2.957834693272139e+05	1.796455778664891e+04	8.534704998557480e-03	3.893068456187203e+04	8.754320840461123e+03	9.070007905903167e+03	6.566872200108587e-18	-inf	
21	6.000000000000000e-01	6.000000000000001e-01	2.086320765126593e-03	6.448384233430887e-03	4.312596262253921e-17	-1.587068254593756e-16	2.957834693272139e+05	1.796455778664891e+04	8.534704998557480e-03	3.893068456187203e+04	8.754320840461123e+03	9.070007905903167e+03	7.110614451900868e-18	-inf	
22	8.000000000000000e-01	6.000000000000001e-01	2.086320765126593e-03	6.448384233430887e-03	1.566604623803863e-16	-9.094947017729286e-19	2.957834693272139e+05	1.796455778664891e+04	8.534704998557480e-03	3.893068456187203e+04	8.754320840461123e+03	9.070007905903167e+03	6.773429930218002e-18	-inf	
23	1.000000000000000e+00	6.000000000000001e-01	2.086320765126593e-03	6.448384233430887e-03	4.315552359912580e-16	-9.094947017729280e-19	2.957834693272139e+05	1.796455778664890e+04	8.534704998557480e-03	3.893068456187203e+04	8.754320840461121e+03	9.070007905903165e+03	1.865860945344258e-17	-inf	
24	0.000000000000000e+00	8.000000000000000e-01	2.086320765126593e-03	6.448384233430887e-03	-2.146407496184121e-16	0.000000000000000e+00	2.957834693272139e+05	1.796455778664890e+04	8.534704998557480e-03	3.893068456187203e+04	8.754320840461121e+03	9.070007905903165e+03	9.280130773806225e-18	-inf	
25	2.000000000000000e-01	8.000000000000000e-01	2.086320765126593e-03	6.448384233430887e-03	-1.587068254593756e-16	3.406057658139556e-16	2.957834693272139e+05	1.796455778664891e+04	8.534704998557480e-03	3.893068456187203e+04	8.754320840461123e+03	9.070007905903167e+03	1.624648784215120e-17	-inf	
26	3.999999999999999e-01	8.000000000000000e-01	2.086320765126593e-03	6.448384233430887e-03	-9.094947017729284e-19	0.000000000000000e+00	2.957834693272139e+05	1.796455778664891e+04	8.534704998557480e-03	3.893068456187203e+04	8.754320840461123e+03	9.070007905903167e+03	3.932258802460247e-20	-inf	
27	6.000000000000000e-01	8.000000000000000e-01	2.086320765126593e-03	6.448384233430887e-03	0.000000000000000e+00	-3.510649548843434e-16	2.957834693272139e+05	1.796455778664891e+04	8.534704998557480e-03	3.893068456187203e+04	8.754320840461123e+03	9.070007905903167e+03	1.517851897749625e-17	-inf	
28	8.000000000000000e-01	8.000000000000000e-01	2.086320765126593e-03	6.448384233430887e-03	0.000000000000000e+00	1.498392521170889e-16	2.957834693272139e+05	1.796455778664891e+04	8.534704998557480e-03	3.893068456187203e+04	8.754320840461123e+03	9.070007905903167e+03	6.478396377053212e-18	-inf	
29	1.000000000000000e+00	8.000000000000000e-01	2.086320765126593e-03	6.448384233430887e-03	-2.110027708113215e-16	-1.391526893712586e-16	2.957834693272139e+05	1.796455778664891e+04	8.534704998557480e-03	3.893068456187203e+04	8.754320840461123e+03	9.070007905903167e+03	1.092807194754861e-17	-inf	
30	0.000000000000000e+00	1.000000000000000e+00	2.086320765126593e-03	6.448384233430887e-03	1.818989403545857e-18	-3.019522409886111e-16	2.957834693272139e+05	1.796455778664891e+04	8.534704998557480e-03	3.893068456187203e+04	8.754320840461123e+03	9.070007905903167e+03	1.305533610507929e-17	-inf	
31	2.000000000000000e-01	1.000000000000000e+00	2.086320765126593e-03	6.448384233430887e-03	0.000000000000000e+00	0.000000000000000e+00	2.957834693272139e+05	1.796455778664891e+04	8.534704998557480e-03	3.893068456187203e+04	8.754320840461123e+03	9.070007905903167e+03	0.000000000000000e+00	-inf	
32	3.999999999999999e-01	1.000000000000000e+00	2.086320765126593e-03	6.448384233430887e-03	0.000000000000000e+00	0.000000000000000e+00	2.957834693272139e+05	1.796455778664891e+04	8.534704998557480e-03	3.893068456187203e+04	8.754320840461123e+03	9.070007905903167e+03	0.000000000000000e+00	-inf	
33	6.000000000000000e-01	1.000000000000000e+00	2.086320765126593e-03	6.448384233430887e-03	1.580247044330454e-16	-1.873559085652248e-16	2.957834693272139e+05	1.796455778664891e+04	8.534704998557480e-03	3.893068456187203e+04	8.754320840461123e+03	9.070007905903167e+03	1.059705901332084e-17	-inf	
34	8.000000000000000e-01	1.000000000000000e+00	2.086320765126593e-03	6.448384233430887e-03	0.000000000000000e+00	6.652953743469016e-16	2.957834693272139e+05	1.796455778664890e+04	8.534704998557480e-03	3.893068456187203e+04	8.754320840461121e+03	9.070007905903165e+03	2.876447313999690e-17	-inf	
35	1.000000000000000e+00	1.000000000000000e+00	2.086320765126593e-03	6.448384233430887e-03	-3.142304194625449e-16	-3.883542376570468e-16	2.957834693272139e+05	1.796455778664891e+04	8.534704998557480e-03	3.893068456187203e+04	8.754320840461123e+03	9.070007905903167e+03	2.159877938832568e-17	-inf	
EXT_ITER= 3771
AOA= 0.000000000000000e+00
SIDESLIP_ANGLE= 0.000000000000000e+00
INITIAL_BCTHRUST= 4.000000000000000e+03
DCD_DCL_VALUE= 0.000000000000000e+00
DCMX_DCL_VALUE= 0.000000000000000e+00
DCMY_DCL_VALUE= 0.000000000000000e+00
DCMZ_DCL_VALUE= 0.000000000000000e+00
