"PointID"	"x"	"y"	"Density[0]"	"Density[1]"	"Momentum_x"	"Momentum_y"	"Energy"	"Electronic_Energy"	"Total_Density"	"Pressure"	"Temperature"	"Tve"	"Mach"	"C<sub>p</sub>"
0	0.000000000000000e+00	0.000000000000000e+00	1.914146941855543e-03	6.620558056701967e-03	0.000000000000000e+00	0.000000000000000e+00	2.957834693272139e+05	1.502677698129488e+04	8.534704998557512e-03	3.749008592797916e+04	8.334599613472186e+03	8.479038875421649e+03	0.000000000000000e+00	-inf	
1	2.000000000000000e-01	0.000000000000000e+00	1.914146941855543e-03	6.620558056701967e-03	0.000000000000000e+00	1.311946107307476e-15	2.957834693272139e+05	1.502677698129488e+04	8.534704998557512e-03	3.749008592797916e+04	8.334599613472186e+03	8.479038875421649e+03	5.771542861464886e-17	-inf	
2	4.000000000000000e-01	0.000000000000000e+00	1.914146941855543e-03	6.620558056701967e-03	0.000000000000000e+00	-1.027274265652511e-15	2.957834693272139e+05	1.502677698129488e+04	8.534704998557512e-03	3.749008592797916e+04	8.334599613472186e+03	8.479038875421649e+03	4.519208084592295e-17	-inf	
3	6.000000000000001e-01	0.000000000000000e+00	1.914146941855543e-03	6.620558056701967e-03	0.000000000000000e+00	-9.194991434924050e-16	2.957834693272139e+05	1.502677698129488e+04	8.534704998557512e-03	3.749008592797916e+04	8.334599613472186e+03	8.479038875421649e+03	4.045081339993567e-17	-inf	
4	8.000000000000000e-01	0.000000000000000e+00	1.914146941855543e-03	6.620558056701967e-03	2.762590156635269e-16	0.000000000000000e+00	2.957834693272139e+05	1.502677698129488e+04	8.534704998557512e-03	3.749008592797916e+04	8.334599613472186e+03	8.479038875421649e+03	1.215324883306706e-17	-inf	
5	1.000000000000000e+00	0.000000000000000e+00	1.914146941855544e-03	6.620558056701967e-03	4.911271389573808e-16	-8.003553375601750e-17	2.957834693272139e+05	1.502677698129489e+04	8.534704998557512e-03	3.749008592797919e+04	8.334599613472192e+03	8.479038875421649e+03	2.189078735114871e-17	-inf	
6	0.000000000000000e+00	2.000000000000000e-01	1.914146941855543e-03	6.620558056701967e-03	0.000000000000000e+00	0.000000000000000e+00	2.957834693272139e+05	1.502677698129488e+04	8.534704998557512e-03	3.749008592797916e+04	8.334599613472186e+03	8.479038875421649e+03	0.000000000000000e+00	-inf	
7	2.000000000000000e-01	2.000000000000000e-01	1.914146941855543e-03	6.620558056701967e-03	-6.155005394248372e-16	-1.818989403545857e-18	2.957834693272139e+05	1.502677698129488e+04	8.534704998557512e-03	3.749008592797916e+04	8.334599613472186e+03	8.479038875421649e+03	2.707735658998886e-17	-inf	
8	4.000000000000000e-01	2.000000000000000e-01	1.914146941855543e-03	6.620558056701967e-03	-6.550635589519647e-16	2.780780050670727e-16	2.957834693272139e+05	1.502677698129488e+04	8.534704998557512e-03	3.749008592797916e+04	8.334599613472186e+03	8.479038875421649e+03	3.130675553026626e-17	-inf	
9	5.999999999999999e-01	2.000000000000000e-01	1.914146941855543e-03	6.620558056701967e-03	0.000000000000000e+00	7.466951501555752e-16	2.957834693272139e+05	1.502677698129488e+04	8.534704998557512e-03	3.749008592797916e+04	8.334599613472186e+03	8.479038875421649e+03	3.284878120805949e-17	-inf	
10	7.999999999999999e-01	2.000000000000000e-01	1.914146941855543e-03	6.620558056701967e-03	2.617071004351604e-16	-4.661160346586138e-16	2.957834693272139e+05	1.502677698129488e+04	8.534704998557512e-03	3.749008592797916e+04	8.334599613472186e+03	8.479038875421649e+03	2.351649915649902e-17	-inf	
11	1.000000000000000e+00	2.000000000000000e-01	1.914146941855544e-03	6.620558056701967e-03	4.924913810100416e-16	-2.448814484523612e-16	2.957834693272139e+05	1.502677698129489e+04	8.534704998557512e-03	3.749008592797919e+04	8.334599613472192e+03	8.479038875421649e+03	2.419631112060918e-17	-inf	
12	0.000000000000000e+00	3.999999999999999e-01	1.914146941855543e-03	6.620558056701967e-03	-1.261923898709981e-15	0.000000000000000e+00	2.957834693272139e+05	1.502677698129488e+04	8.534704998557512e-03	3.749008592797916e+04	8.334599613472186e+03	8.479038875421649e+03	5.551484034857980e-17	-inf	
13	2.000000000000000e-01	3.999999999999999e-01	1.914146941855543e-03	6.620558056701967e-03	5.984362667599357e-16	0.000000000000000e+00	2.957834693272139e+05	1.502677698129488e+04	8.534704998557512e-03	3.749008592797916e+04	8.334599613472186e+03	8.479038875421649e+03	2.632654302049411e-17	-inf	
14	3.999999999999999e-01	4.000000000000001e-01	1.914146941855544e-03	6.620558056701967e-03	2.123557658573255e-16	0.000000000000000e+00	2.957834693272139e+05	1.502677698129489e+04	8.534704998557512e-03	3.749008592797919e+04	8.334599613472192e+03	8.479038875421649e+03	9.342002676010161e-18	-inf	
15	6.000000000000001e-01	4.000000000000000e-01	1.914146941855544e-03	6.620558056701967e-03	-6.909885996719835e-16	-9.094947017729280e-19	2.957834693272139e+05	1.502677698129489e+04	8.534704998557512e-03	3.749008592797919e+04	8.334599613472192e+03	8.479038875421649e+03	3.039815242504914e-17	-inf	
16	8.000000000000000e-01	4.000000000000000e-01	1.914146941855543e-03	6.620558056701967e-03	-2.853539626812565e-16	0.000000000000000e+00	2.957834693272139e+05	1.502677698129488e+04	8.534704998557512e-03	3.749008592797916e+04	8.334599613472186e+03	8.479038875421649e+03	1.255335579053430e-17	-inf	
17	1.000000000000000e+00	4.000000000000000e-01	1.914146941855543e-03	6.620558056701967e-03	0.000000000000000e+00	0.000000000000000e+00	2.957834693272139e+05	1.502677698129488e+04	8.534704998557512e-03	3.749008592797916e+04	8.334599613472186e+03	8.479038875421649e+03	0.000000000000000e+00	-inf	
18	0.000000000000000e+00	6.000000000000000e-01	1.914146941855543e-03	6.620558056701967e-03	1.027274265652511e-15	2.762590156635268e-16	2.957834693272139e+05	1.502677698129488e+04	8.534704998557512e-03	3.749008592797916e+04	8.334599613472186e+03	8.479038875421649e+03	4.679770964890143e-17	-inf	
19	2.000000000000000e-01	6.000000000000000e-01	1.914146941855543e-03	6.620558056701967e-03	1.316517916240247e-17	1.818989403545857e-18	2.957834693272139e+05	1.502677698129488e+04	8.534704998557512e-03	3.749008592797916e+04	8.334599613472186e+03	8.479038875421649e+03	5.846675382909513e-19	-inf	
20	4.000000000000001e-01	6.000000000000002e-01	1.914146941855543e-03	6.620558056701967e-03	0.000000000000000e+00	-2.780780050670729e-16	2.957834693272139e+05	1.502677698129488e+04	8.534704998557512e-03	3.749008592797916e+04	8.334599613472186e+03	8.479038875421649e+03	1.223327022456051e-17	-inf	
21	6.000000000000000e-01	6.000000000000001e-01	1.914146941855543e-03	6.620558056701967e-03	-1.316517916240204e-17	-2.887645678129050e-16	2.957834693272139e+05	1.502677698129488e+04	8.534704998557512e-03	3.749008592797916e+04	8.334599613472186e+03	8.479038875421649e+03	1.271659152795336e-17	-inf	
22	8.000000000000000e-01	6.000000000000001e-01	1.914146941855543e-03	6.620558056701967e-03	3.499280865071345e-16	-9.094947017729286e-19	2.957834693272139e+05	1.502677698129488e+04	8.534704998557512e-03	3.749008592797916e+04	8.334599613472186e+03	8.479038875421649e+03	1.539416718416979e-17	-inf	
23	1.000000000000000e+00	6.000000000000001e-01	1.914146941855544e-03	6.620558056701967e-03	1.255557435797530e-15	-9.094947017729280e-19	2.957834693272139e+05	1.502677698129489e+04	8.534704998557512e-03	3.749008592797919e+04	8.334599613472192e+03	8.479038875421649e+03	5.523477996972746e-17	-inf	
24	0.000000000000000e+00	8.000000000000000e-01	1.914146941855544e-03	6.620558056701967e-03	-4.583853296935582e-16	0.000000000000000e+00	2.957834693272139e+05	1.502677698129489e+04	8.534704998557512e-03	3.749008592797919e+04	8.334599613472192e+03	8.479038875421649e+03	2.016539065634841e-17	-inf	
25	2.000000000000000e-01	8.000000000000000e-01	1.914146941855543e-03	6.620558056701967e-03	-2.887645678129051e-16	6.145910447230641e-16	2.957834693272139e+05	1.502677698129488e+04	8.534704998557512e-03	3.749008592797916e+04	8.334599613472186e+03	8.479038875421649e+03	2.987286304366183e-17	-inf	
26	3.999999999999999e-01	8.000000000000000e-01	1.914146941855543e-03	6.620558056701967e-03	-9.094947017729284e-19	0.000000000000000e+00	2.957834693272139e+05	1.502677698129488e+04	8.534704998557512e-03	3.749008592797916e+04	8.334599613472186e+03	8.479038875421649e+03	4.001069574672284e-20	-inf	
27	6.000000000000000e-01	8.000000000000000e-01	1.914146941855543e-03	6.620558056701967e-03	0.000000000000000e+00	-6.382379069691633e-16	2.957834693272139e+05	1.502677698129488e+04	8.534704998557512e-03	3.749008592797916e+04	8.334599613472186e+03	8.479038875421649e+03	2.807750574026323e-17	-inf	
28	8.000000000000000e-01	8.000000000000000e-01	1.914146941855543e-03	6.620558056701967e-03	0.000000000000000e+00	2.719389158301047e-16	2.957834693272139e+05	1.502677698129488e+04	8.534704998557512e-03	3.749008592797916e+04	8.334599613472186e+03	8.479038875421649e+03	1.196319802827009e-17	-inf	
29	1.000000000000000e+00	8.000000000000000e-01	1.914146941855543e-03	6.620558056701967e-03	-9.176801540888589e-16	-2.630713424878209e-16	2.957834693272139e+05	1.502677698129488e+04	8.534704998557512e-03	3.749008592797916e+04	8.334599613472186e+03	8.479038875421649e+03	4.199687305280517e-17	-inf	
30	0.000000000000000e+00	1.000000000000000e+00	1.914146941855543e-03	6.620558056701967e-03	1.818989403545857e-18	-5.543370207306000e-16	2.957834693272139e+05	1.502677698129488e+04	8.534704998557512e-03	3.749008592797916e+04	8.334599613472186e+03	8.479038875421649e+03	2.438665034749811e-17	-inf	
31	2.000000000000000e-01	1.000000000000000e+00	1.914146941855543e-03	6.620558056701967e-03	0.000000000000000e+00	0.000000000000000e+00	2.957834693272139e+05	1.502677698129488e+04	8.534704998557512e-03	3.749008592797916e+04	8.334599613472186e+03	8.479038875421649e+03	0.000000000000000e+00	-inf	
32	3.999999999999999e-01	1.000000000000000e+00	1.914146941855543e-03	6.620558056701967e-03	0.000000000000000e+00	0.000000000000000e+00	2.957834693272139e+05	1.502677698129488e+04	8.534704998557512e-03	3.749008592797916e+04	8.334599613472186e+03	8.479038875421649e+03	0.000000000000000e+00	-inf	
33	6.000000000000000e-01	1.000000000000000e+00	1.914146941855543e-03	6.620558056701967e-03	2.876276994356886e-16	-6.666596163995455e-16	2.957834693272139e+05	1.502677698129488e+04	8.534704998557512e-03	3.749008592797916e+04	8.334599613472186e+03	8.479038875421649e+03	3.194104393219136e-17	-inf	
34	8.000000000000000e-01	1.000000000000000e+00	1.914146941855544e-03	6.620558056701967e-03	0.000000000000000e+00	3.587956598494145e-16	2.957834693272139e+05	1.502677698129489e+04	8.534704998557512e-03	3.749008592797919e+04	8.334599613472192e+03	8.479038875421649e+03	1.578421947208190e-17	-inf	
35	1.000000000000000e+00	1.000000000000000e+00	1.914146941855543e-03	6.620558056701967e-03	-5.734364094678310e-16	4.774847184307868e-17	2.957834693272139e+05	1.502677698129488e+04	8.534704998557512e-03	3.749008592797916e+04	8.334599613472186e+03	8.479038875421649e+03	2.531404659144839e-17	-inf	
EXT_ITER= 7722
AOA= 0.000000000000000e+00
SIDESLIP_ANGLE= 0.000000000000000e+00
INITIAL_BCTHRUST= 4.000000000000000e+03
DCD_DCL_VALUE= 0.000000000000000e+00
DCMX_DCL_VALUE= 0.000000000000000e+00
DCMY_DCL_VALUE= 0.000000000000000e+00
DCMZ_DCL_VALUE= 0.000000000000000e+00
