"PointID"	"x"	"y"	"Density[0]"	"Density[1]"	"Momentum_x"	"Momentum_y"	"Energy"	"Electronic_Energy"	"Total_Density"	"Pressure"	"Temperature"	"Tve"	"Mach"	"C<sub>p</sub>"
0	0.000000000000000e+00	0.000000000000000e+00	1.998250833062417e-03	6.536454165495062e-03	0.000000000000000e+00	0.000000000000000e+00	2.957834693272139e+05	1.639185706956441e+04	8.534704998557479e-03	3.824037191035270e+04	8.548840921419740e+03	8.755717690779878e+03	0.000000000000000e+00	-inf	
1	2.000000000000000e-01	0.000000000000000e+00	1.998250833062417e-03	6.536454165495062e-03	0.000000000000000e+00	1.094122126232830e-15	2.957834693272139e+05	1.639185706956441e+04	8.534704998557479e-03	3.824037191035270e+04	8.548840921419740e+03	8.755717690779878e+03	4.769330771922288e-17	-inf	
2	4.000000000000000e-01	0.000000000000000e+00	1.998250833062417e-03	6.536454165495062e-03	0.000000000000000e+00	-8.153620001394067e-16	2.957834693272139e+05	1.639185706956441e+04	8.534704998557479e-03	3.824037191035270e+04	8.548840921419740e+03	8.755717690779878e+03	3.554202025792367e-17	-inf	
3	6.000000000000001e-01	0.000000000000000e+00	1.998250833062417e-03	6.536454165495062e-03	0.000000000000000e+00	-5.152287485543657e-16	2.957834693272139e+05	1.639185706956441e+04	8.534704998557479e-03	3.824037191035270e+04	8.548840921419740e+03	8.755717690779878e+03	2.245906801574390e-17	-inf	
4	8.000000000000000e-01	0.000000000000000e+00	1.998250833062417e-03	6.536454165495062e-03	8.412825991399523e-17	0.000000000000000e+00	2.957834693272139e+05	1.639185706956441e+04	8.534704998557479e-03	3.824037191035270e+04	8.548840921419740e+03	8.755717690779878e+03	3.667191158793095e-18	-inf	
5	1.000000000000000e+00	0.000000000000000e+00	1.998250833062418e-03	6.536454165495062e-03	8.958522812463063e-17	1.450644049327826e-16	2.957834693272139e+05	1.639185706956441e+04	8.534704998557480e-03	3.824037191035273e+04	8.548840921419745e+03	8.755717690779877e+03	7.432041788624352e-18	-inf	
6	0.000000000000000e+00	2.000000000000000e-01	1.998250833062417e-03	6.536454165495062e-03	0.000000000000000e+00	0.000000000000000e+00	2.957834693272139e+05	1.639185706956441e+04	8.534704998557479e-03	3.824037191035270e+04	8.548840921419740e+03	8.755717690779878e+03	0.000000000000000e+00	-inf	
7	2.000000000000000e-01	2.000000000000000e-01	1.998250833062417e-03	6.536454165495062e-03	-4.131379682803405e-16	-1.818989403545857e-18	2.957834693272139e+05	1.639185706956441e+04	8.534704998557479e-03	3.824037191035270e+04	8.548840921419740e+03	8.755717690779878e+03	1.800905653988720e-17	-inf	
8	4.000000000000000e-01	2.000000000000000e-01	1.998250833062417e-03	6.536454165495062e-03	-5.461515684146421e-16	8.594724931754105e-17	2.957834693272139e+05	1.639185706956441e+04	8.534704998557479e-03	3.824037191035270e+04	8.548840921419740e+03	8.755717690779878e+03	2.409999547314931e-17	-inf	
9	5.999999999999999e-01	2.000000000000000e-01	1.998250833062417e-03	6.536454165495062e-03	0.000000000000000e+00	3.421973815420722e-16	2.957834693272139e+05	1.639185706956441e+04	8.534704998557479e-03	3.824037191035270e+04	8.548840921419740e+03	8.755717690779878e+03	1.491654782157778e-17	-inf	
10	7.999999999999999e-01	2.000000000000000e-01	1.998250833062417e-03	6.536454165495062e-03	7.048583938740228e-17	-2.808064891723906e-16	2.957834693272139e+05	1.639185706956441e+04	8.534704998557479e-03	3.824037191035270e+04	8.548840921419740e+03	8.755717690779878e+03	1.262021822097650e-17	-inf	
11	1.000000000000000e+00	2.000000000000000e-01	1.998250833062418e-03	6.536454165495062e-03	1.000444171950214e-16	-4.411049303598616e-17	2.957834693272139e+05	1.639185706956441e+04	8.534704998557480e-03	3.824037191035273e+04	8.548840921419745e+03	8.755717690779877e+03	4.766060478033928e-18	-inf	
12	0.000000000000000e+00	3.999999999999999e-01	1.998250833062417e-03	6.536454165495062e-03	-1.189164322568114e-15	0.000000000000000e+00	2.957834693272139e+05	1.639185706956441e+04	8.534704998557479e-03	3.824037191035270e+04	8.548840921419740e+03	8.755717690779878e+03	5.183624259591404e-17	-inf	
13	2.000000000000000e-01	3.999999999999999e-01	1.998250833062417e-03	6.536454165495062e-03	3.490860844250322e-16	0.000000000000000e+00	2.957834693272139e+05	1.639185706956441e+04	8.534704998557479e-03	3.824037191035270e+04	8.548840921419740e+03	8.755717690779878e+03	1.521682968089317e-17	-inf	
14	3.999999999999999e-01	4.000000000000001e-01	1.998250833062418e-03	6.536454165495062e-03	5.281818532249932e-17	0.000000000000000e+00	2.957834693272139e+05	1.639185706956441e+04	8.534704998557480e-03	3.824037191035273e+04	8.548840921419745e+03	8.755717690779877e+03	2.302370005467597e-18	-inf	
15	6.000000000000001e-01	4.000000000000000e-01	1.998250833062418e-03	6.536454165495062e-03	-2.876276994356958e-16	-9.094947017729280e-19	2.957834693272139e+05	1.639185706956441e+04	8.534704998557480e-03	3.824037191035273e+04	8.548840921419745e+03	8.755717690779877e+03	1.253789191226537e-17	-inf	
16	8.000000000000000e-01	4.000000000000000e-01	1.998250833062417e-03	6.536454165495062e-03	-9.231371222995220e-17	0.000000000000000e+00	2.957834693272139e+05	1.639185706956441e+04	8.534704998557479e-03	3.824037191035270e+04	8.548840921419740e+03	8.755717690779878e+03	4.023998947216236e-18	-inf	
17	1.000000000000000e+00	4.000000000000000e-01	1.998250833062417e-03	6.536454165495062e-03	0.000000000000000e+00	0.000000000000000e+00	2.957834693272139e+05	1.639185706956441e+04	8.534704998557479e-03	3.824037191035270e+04	8.548840921419740e+03	8.755717690779878e+03	0.000000000000000e+00	-inf	
18	0.000000000000000e+00	6.000000000000000e-01	1.998250833062417e-03	6.536454165495062e-03	8.153620001394067e-16	8.412825991399517e-17	2.957834693272139e+05	1.639185706956441e+04	8.534704998557479e-03	3.824037191035270e+04	8.548840921419740e+03	8.755717690779878e+03	3.573070801159399e-17	-inf	
19	2.000000000000000e-01	6.000000000000000e-01	1.998250833062417e-03	6.536454165495062e-03	-3.957740918637289e-18	1.818989403545857e-18	2.957834693272139e+05	1.639185706956441e+04	8.534704998557479e-03	3.824037191035270e+04	8.548840921419740e+03	8.755717690779878e+03	1.898686168796620e-19	-inf	
20	4.000000000000001e-01	6.000000000000002e-01	1.998250833062417e-03	6.536454165495062e-03	0.000000000000000e+00	-8.594724931754119e-17	2.957834693272139e+05	1.639185706956441e+04	8.534704998557479e-03	3.824037191035270e+04	8.548840921419740e+03	8.755717690779878e+03	3.746481778442680e-18	-inf	
21	6.000000000000000e-01	6.000000000000001e-01	1.998250833062417e-03	6.536454165495062e-03	3.957740918637631e-18	-8.640199666842818e-17	2.957834693272139e+05	1.639185706956441e+04	8.534704998557479e-03	3.824037191035270e+04	8.548840921419740e+03	8.755717690779878e+03	3.770253595452387e-18	-inf	
22	8.000000000000000e-01	6.000000000000001e-01	1.998250833062417e-03	6.536454165495062e-03	9.322320693172491e-17	-9.094947017729286e-19	2.957834693272139e+05	1.639185706956441e+04	8.534704998557479e-03	3.824037191035270e+04	8.548840921419740e+03	8.755717690779878e+03	4.063837644194652e-18	-inf	
23	1.000000000000000e+00	6.000000000000001e-01	1.998250833062418e-03	6.536454165495062e-03	5.761648935731645e-16	-9.094947017729280e-19	2.957834693272139e+05	1.639185706956441e+04	8.534704998557480e-03	3.824037191035273e+04	8.548840921419745e+03	8.755717690779877e+03	2.511533506468033e-17	-inf	
24	0.000000000000000e+00	8.000000000000000e-01	1.998250833062418e-03	6.536454165495062e-03	-7.457856554538114e-17	0.000000000000000e+00	2.957834693272139e+05	1.639185706956441e+04	8.534704998557480e-03	3.824037191035273e+04	8.548840921419745e+03	8.755717690779877e+03	3.250915405632865e-18	-inf	
25	2.000000000000000e-01	8.000000000000000e-01	1.998250833062417e-03	6.536454165495062e-03	-8.640199666842822e-17	4.122284735785676e-16	2.957834693272139e+05	1.639185706956441e+04	8.534704998557479e-03	3.824037191035270e+04	8.548840921419740e+03	8.755717690779878e+03	1.835969814233811e-17	-inf	
26	3.999999999999999e-01	8.000000000000000e-01	1.998250833062417e-03	6.536454165495062e-03	-9.094947017729284e-19	0.000000000000000e+00	2.957834693272139e+05	1.639185706956441e+04	8.534704998557479e-03	3.824037191035270e+04	8.548840921419740e+03	8.755717690779878e+03	3.964530982479052e-20	-inf	
27	6.000000000000000e-01	8.000000000000000e-01	1.998250833062417e-03	6.536454165495062e-03	0.000000000000000e+00	-5.038600647821954e-16	2.957834693272139e+05	1.639185706956441e+04	8.534704998557479e-03	3.824037191035270e+04	8.548840921419740e+03	8.755717690779878e+03	2.196350164293365e-17	-inf	
28	8.000000000000000e-01	8.000000000000000e-01	1.998250833062417e-03	6.536454165495062e-03	0.000000000000000e+00	8.390088623855167e-17	2.957834693272139e+05	1.639185706956441e+04	8.534704998557479e-03	3.824037191035270e+04	8.548840921419740e+03	8.755717690779878e+03	3.657279831336883e-18	-inf	
29	1.000000000000000e+00	8.000000000000000e-01	1.998250833062417e-03	6.536454165495062e-03	-5.134097591508200e-16	-7.094058673828930e-17	2.957834693272139e+05	1.639185706956441e+04	8.534704998557479e-03	3.824037191035270e+04	8.548840921419740e+03	8.755717690779878e+03	2.259240949732917e-17	-inf	
30	0.000000000000000e+00	1.000000000000000e+00	1.998250833062417e-03	6.536454165495062e-03	1.818989403545857e-18	-1.700755092315366e-16	2.957834693272139e+05	1.639185706956441e+04	8.534704998557479e-03	3.824037191035270e+04	8.548840921419740e+03	8.755717690779878e+03	7.414096939119870e-18	-inf	
31	2.000000000000000e-01	1.000000000000000e+00	1.998250833062417e-03	6.536454165495062e-03	0.000000000000000e+00	0.000000000000000e+00	2.957834693272139e+05	1.639185706956441e+04	8.534704998557479e-03	3.824037191035270e+04	8.548840921419740e+03	8.755717690779878e+03	0.000000000000000e+00	-inf	
32	3.999999999999999e-01	1.000000000000000e+00	1.998250833062417e-03	6.536454165495062e-03	0.000000000000000e+00	0.000000000000000e+00	2.957834693272139e+05	1.639185706956441e+04	8.534704998557479e-03	3.824037191035270e+04	8.548840921419740e+03	8.755717690779878e+03	0.000000000000000e+00	-inf	
33	6.000000000000000e-01	1.000000000000000e+00	1.998250833062417e-03	6.536454165495062e-03	9.458744898438411e-17	-3.192326403223026e-16	2.957834693272139e+05	1.639185706956441e+04	8.534704998557479e-03	3.824037191035270e+04	8.548840921419740e+03	8.755717690779878e+03	1.451348679566495e-17	-inf	
34	8.000000000000000e-01	1.000000000000000e+00	1.998250833062418e-03	6.536454165495062e-03	0.000000000000000e+00	2.360138751100696e-16	2.957834693272139e+05	1.639185706956441e+04	8.534704998557480e-03	3.824037191035273e+04	8.548840921419745e+03	8.755717690779877e+03	1.028795789953290e-17	-inf	
35	1.000000000000000e+00	1.000000000000000e+00	1.998250833062417e-03	6.536454165495062e-03	-1.873559085652223e-16	-1.641637936700145e-16	2.957834693272139e+05	1.639185706956441e+04	8.534704998557479e-03	3.824037191035270e+04	8.548840921419740e+03	8.755717690779878e+03	1.085849139060660e-17	-inf	
EXT_ITER= 5381
AOA= 0.000000000000000e+00
SIDESLIP_ANGLE= 0.000000000000000e+00
INITIAL_BCTHRUST= 4.000000000000000e+03
DCD_DCL_VALUE= 0.000000000000000e+00
DCMX_DCL_VALUE= 0.000000000000000e+00
DCMY_DCL_VALUE= 0.000000000000000e+00
DCMZ_DCL_VALUE= 0.000000000000000e+00
