"PointID"	"x"	"y"	"Density[0]"	"Density[1]"	"Momentum_x"	"Momentum_y"	"Energy"	"Electronic_Energy"	"Total_Density"	"Pressure"	"Temperature"	"Tve"	"Mach"	"C<sub>p</sub>"
0	0.000000000000000e+00	0.000000000000000e+00	1.989092298170137e-03	6.545612700387347e-03	0.000000000000000e+00	0.000000000000000e+00	2.957834693272139e+05	1.623826691834700e+04	8.534704998557484e-03	3.816205567308233e+04	8.526151680734481e+03	8.724945519323370e+03	0.000000000000000e+00	-inf	
1	2.000000000000000e-01	0.000000000000000e+00	1.989092298170137e-03	6.545612700387347e-03	0.000000000000000e+00	1.119133230531589e-15	2.957834693272139e+05	1.623826691834700e+04	8.534704998557484e-03	3.816205567308233e+04	8.526151680734481e+03	8.724945519323370e+03	4.882967609836927e-17	-inf	
2	4.000000000000000e-01	0.000000000000000e+00	1.989092298170137e-03	6.545612700387347e-03	0.000000000000000e+00	-8.299139153677724e-16	2.957834693272139e+05	1.623826691834700e+04	8.534704998557484e-03	3.816205567308233e+04	8.526151680734481e+03	8.724945519323370e+03	3.621054810220284e-17	-inf	
3	6.000000000000001e-01	0.000000000000000e+00	1.989092298170137e-03	6.545612700387347e-03	0.000000000000000e+00	-5.543370207305983e-16	2.957834693272139e+05	1.623826691834700e+04	8.534704998557484e-03	3.816205567308233e+04	8.526151680734481e+03	8.724945519323370e+03	2.418666199265011e-17	-inf	
4	8.000000000000000e-01	0.000000000000000e+00	1.989092298170137e-03	6.545612700387347e-03	9.276845958083812e-17	0.000000000000000e+00	2.957834693272139e+05	1.623826691834700e+04	8.534704998557484e-03	3.816205567308233e+04	8.526151680734481e+03	8.724945519323370e+03	4.047644828958660e-18	-inf	
5	1.000000000000000e+00	0.000000000000000e+00	1.989092298170137e-03	6.545612700387347e-03	1.150510797742726e-16	1.246007741428912e-16	2.957834693272139e+05	1.623826691834700e+04	8.534704998557484e-03	3.816205567308232e+04	8.526151680734480e+03	8.724945519323370e+03	7.399670427645366e-18	-inf	
6	0.000000000000000e+00	2.000000000000000e-01	1.989092298170137e-03	6.545612700387347e-03	0.000000000000000e+00	0.000000000000000e+00	2.957834693272139e+05	1.623826691834700e+04	8.534704998557484e-03	3.816205567308233e+04	8.526151680734481e+03	8.724945519323370e+03	0.000000000000000e+00	-inf	
7	2.000000000000000e-01	2.000000000000000e-01	1.989092298170137e-03	6.545612700387347e-03	-4.290541255613654e-16	-1.818989403545857e-18	2.957834693272139e+05	1.623826691834700e+04	8.534704998557484e-03	3.816205567308233e+04	8.526151680734481e+03	8.724945519323370e+03	1.872052556971131e-17	-inf	
8	4.000000000000000e-01	2.000000000000000e-01	1.989092298170137e-03	6.545612700387347e-03	-5.586571205640216e-16	9.458744898438394e-17	2.957834693272139e+05	1.623826691834700e+04	8.534704998557484e-03	3.816205567308233e+04	8.526151680734481e+03	8.724945519323370e+03	2.472206319760373e-17	-inf	
9	5.999999999999999e-01	2.000000000000000e-01	1.989092298170137e-03	6.545612700387347e-03	0.000000000000000e+00	3.719833330251368e-16	2.957834693272139e+05	1.623826691834700e+04	8.534704998557484e-03	3.816205567308233e+04	8.526151680734481e+03	8.724945519323370e+03	1.623026210827591e-17	-inf	
10	7.999999999999999e-01	2.000000000000000e-01	1.989092298170137e-03	6.545612700387347e-03	8.162714948412065e-17	-2.880824467865734e-16	2.957834693272139e+05	1.623826691834700e+04	8.534704998557484e-03	3.816205567308233e+04	8.526151680734481e+03	8.724945519323370e+03	1.306435787421418e-17	-inf	
11	1.000000000000000e+00	2.000000000000000e-01	1.989092298170137e-03	6.545612700387347e-03	1.259650161955498e-16	-5.684341886080714e-17	2.957834693272139e+05	1.623826691834700e+04	8.534704998557484e-03	3.816205567308232e+04	8.526151680734480e+03	8.724945519323370e+03	6.029760811263187e-18	-inf	
12	0.000000000000000e+00	3.999999999999999e-01	1.989092298170137e-03	6.545612700387347e-03	-1.231001078849674e-15	0.000000000000000e+00	2.957834693272139e+05	1.623826691834700e+04	8.534704998557484e-03	3.816205567308233e+04	8.526151680734481e+03	8.724945519323370e+03	5.371065956858480e-17	-inf	
13	2.000000000000000e-01	3.999999999999999e-01	1.989092298170137e-03	6.545612700387347e-03	3.725876077772738e-16	0.000000000000000e+00	2.957834693272139e+05	1.623826691834700e+04	8.534704998557484e-03	3.816205567308233e+04	8.526151680734481e+03	8.724945519323370e+03	1.625662763797004e-17	-inf	
14	3.999999999999999e-01	4.000000000000001e-01	1.989092298170137e-03	6.545612700387347e-03	6.949849841144410e-17	0.000000000000000e+00	2.957834693272139e+05	1.623826691834700e+04	8.534704998557484e-03	3.816205567308232e+04	8.526151680734480e+03	8.724945519323370e+03	3.032337057082908e-18	-inf	
15	6.000000000000001e-01	4.000000000000000e-01	1.989092298170137e-03	6.545612700387347e-03	-3.201421350240790e-16	-9.094947017729280e-19	2.957834693272139e+05	1.623826691834700e+04	8.534704998557484e-03	3.816205567308232e+04	8.526151680734480e+03	8.724945519323370e+03	1.396839930664106e-17	-inf	
16	8.000000000000000e-01	4.000000000000000e-01	1.989092298170137e-03	6.545612700387347e-03	-1.034550223266706e-16	0.000000000000000e+00	2.957834693272139e+05	1.623826691834700e+04	8.534704998557484e-03	3.816205567308233e+04	8.526151680734481e+03	8.724945519323370e+03	4.513917640137747e-18	-inf	
17	1.000000000000000e+00	4.000000000000000e-01	1.989092298170137e-03	6.545612700387347e-03	0.000000000000000e+00	0.000000000000000e+00	2.957834693272139e+05	1.623826691834700e+04	8.534704998557484e-03	3.816205567308233e+04	8.526151680734481e+03	8.724945519323370e+03	0.000000000000000e+00	-inf	
18	0.000000000000000e+00	6.000000000000000e-01	1.989092298170137e-03	6.545612700387347e-03	8.299139153677724e-16	9.276845958083806e-17	2.957834693272139e+05	1.623826691834700e+04	8.534704998557484e-03	3.816205567308233e+04	8.526151680734481e+03	8.724945519323370e+03	3.643607034963212e-17	-inf	
19	2.000000000000000e-01	6.000000000000000e-01	1.989092298170137e-03	6.545612700387347e-03	4.846528311383346e-18	1.818989403545857e-18	2.957834693272139e+05	1.623826691834700e+04	8.534704998557484e-03	3.816205567308233e+04	8.526151680734481e+03	8.724945519323370e+03	2.258653811932538e-19	-inf	
20	4.000000000000001e-01	6.000000000000002e-01	1.989092298170137e-03	6.545612700387347e-03	0.000000000000000e+00	-9.458744898438409e-17	2.957834693272139e+05	1.623826691834700e+04	8.534704998557484e-03	3.816205567308233e+04	8.526151680734481e+03	8.724945519323370e+03	4.127010413840207e-18	-inf	
21	6.000000000000000e-01	6.000000000000001e-01	1.989092298170137e-03	6.545612700387347e-03	-4.846528311382993e-18	-9.663381206337366e-17	2.957834693272139e+05	1.623826691834700e+04	8.534704998557484e-03	3.816205567308233e+04	8.526151680734481e+03	8.724945519323370e+03	4.221596156677484e-18	-inf	
22	8.000000000000000e-01	6.000000000000001e-01	1.989092298170137e-03	6.545612700387347e-03	1.043645170284433e-16	-9.094947017729286e-19	2.957834693272139e+05	1.623826691834700e+04	8.534704998557484e-03	3.816205567308233e+04	8.526151680734481e+03	8.724945519323370e+03	4.553773339066744e-18	-inf	
23	1.000000000000000e+00	6.000000000000001e-01	1.989092298170137e-03	6.545612700387347e-03	6.411937647499309e-16	-9.094947017729280e-19	2.957834693272139e+05	1.623826691834700e+04	8.534704998557484e-03	3.816205567308232e+04	8.526151680734480e+03	8.724945519323370e+03	2.797639681455484e-17	-inf	
24	0.000000000000000e+00	8.000000000000000e-01	1.989092298170137e-03	6.545612700387347e-03	-1.023181539494554e-16	0.000000000000000e+00	2.957834693272139e+05	1.623826691834700e+04	8.534704998557484e-03	3.816205567308232e+04	8.526151680734480e+03	8.724945519323370e+03	4.464314149586829e-18	-inf	
25	2.000000000000000e-01	8.000000000000000e-01	1.989092298170137e-03	6.545612700387347e-03	-9.663381206337371e-17	4.281446308595925e-16	2.957834693272139e+05	1.623826691834700e+04	8.534704998557484e-03	3.816205567308233e+04	8.526151680734481e+03	8.724945519323370e+03	1.915058117031659e-17	-inf	
26	3.999999999999999e-01	8.000000000000000e-01	1.989092298170137e-03	6.545612700387347e-03	-9.094947017729284e-19	0.000000000000000e+00	2.957834693272139e+05	1.623826691834700e+04	8.534704998557484e-03	3.816205567308233e+04	8.526151680734481e+03	8.724945519323370e+03	3.968279244077142e-20	-inf	
27	6.000000000000000e-01	8.000000000000000e-01	1.989092298170137e-03	6.545612700387347e-03	0.000000000000000e+00	-5.234142008703159e-16	2.957834693272139e+05	1.623826691834700e+04	8.534704998557484e-03	3.816205567308233e+04	8.526151680734481e+03	8.724945519323370e+03	2.283744704966376e-17	-inf	
28	8.000000000000000e-01	8.000000000000000e-01	1.989092298170137e-03	6.545612700387347e-03	0.000000000000000e+00	9.254108590539457e-17	2.957834693272139e+05	1.623826691834700e+04	8.534704998557484e-03	3.816205567308233e+04	8.526151680734481e+03	8.724945519323370e+03	4.037724130848453e-18	-inf	
29	1.000000000000000e+00	8.000000000000000e-01	1.989092298170137e-03	6.545612700387347e-03	-5.525180313270526e-16	-7.958078640513219e-17	2.957834693272139e+05	1.623826691834700e+04	8.534704998557484e-03	3.816205567308233e+04	8.526151680734481e+03	8.724945519323370e+03	2.435607153953046e-17	-inf	
30	0.000000000000000e+00	1.000000000000000e+00	1.989092298170137e-03	6.545612700387347e-03	1.818989403545857e-18	-1.873559085652224e-16	2.957834693272139e+05	1.623826691834700e+04	8.534704998557484e-03	3.816205567308233e+04	8.526151680734481e+03	8.724945519323370e+03	8.175040503549980e-18	-inf	
31	2.000000000000000e-01	1.000000000000000e+00	1.989092298170137e-03	6.545612700387347e-03	0.000000000000000e+00	0.000000000000000e+00	2.957834693272139e+05	1.623826691834700e+04	8.534704998557484e-03	3.816205567308233e+04	8.526151680734481e+03	8.724945519323370e+03	0.000000000000000e+00	-inf	
32	3.999999999999999e-01	1.000000000000000e+00	1.989092298170137e-03	6.545612700387347e-03	0.000000000000000e+00	0.000000000000000e+00	2.957834693272139e+05	1.623826691834700e+04	8.534704998557484e-03	3.816205567308233e+04	8.526151680734481e+03	8.724945519323370e+03	0.000000000000000e+00	-inf	
33	6.000000000000000e-01	1.000000000000000e+00	1.989092298170137e-03	6.545612700387347e-03	1.057287590811025e-16	-3.337845555506698e-16	2.957834693272139e+05	1.623826691834700e+04	8.534704998557484e-03	3.816205567308233e+04	8.526151680734481e+03	8.724945519323370e+03	1.527674447479867e-17	-inf	
34	8.000000000000000e-01	1.000000000000000e+00	1.989092298170137e-03	6.545612700387347e-03	0.000000000000000e+00	2.250999386887947e-16	2.957834693272139e+05	1.623826691834700e+04	8.534704998557484e-03	3.816205567308232e+04	8.526151680734480e+03	8.724945519323370e+03	9.821491129090702e-18	-inf	
35	1.000000000000000e+00	1.000000000000000e+00	1.989092298170137e-03	6.545612700387347e-03	-2.096385287586591e-16	-1.496118784416473e-16	2.957834693272139e+05	1.623826691834700e+04	8.534704998557484e-03	3.816205567308233e+04	8.526151680734481e+03	8.724945519323370e+03	1.123734426796722e-17	-inf	
EXT_ITER= 5591
AOA= 0.000000000000000e+00
SIDESLIP_ANGLE= 0.000000000000000e+00
INITIAL_BCTHRUST= 4.000000000000000e+03
DCD_DCL_VALUE= 0.000000000000000e+00
DCMX_DCL_VALUE= 0.000000000000000e+00
DCMY_DCL_VALUE= 0.000000000000000e+00
DCMZ_DCL_VALUE= 0.000000000000000e+00
