"PointID"	"x"	"y"	"Density[0]"	"Density[1]"	"Momentum_x"	"Momentum_y"	"Energy"	"Electronic_Energy"	"Total_Density"	"Pressure"	"Temperature"	"Tve"	"Mach"	"C<sub>p</sub>"
0	0.000000000000000e+00	0.000000000000000e+00	2.643722121070139e-03	5.890982877487350e-03	0.000000000000000e+00	0.000000000000000e+00	2.957834693272139e+05	3.305367090312124e+04	8.534704998557489e-03	4.007375227184318e+04	9.359556333176835e+03	1.191326684630193e+04	0.000000000000000e+00	-inf	
1	2.000000000000000e-01	0.000000000000000e+00	2.643722121070139e-03	5.890982877487350e-03	0.000000000000000e+00	1.368789526168261e-16	2.957834693272139e+05	3.305367090312124e+04	8.534704998557489e-03	4.007375227184318e+04	9.359556333176835e+03	1.191326684630193e+04	5.862150766307813e-18	-inf	
2	4.000000000000000e-01	0.000000000000000e+00	2.643722121070139e-03	5.890982877487350e-03	0.000000000000000e+00	-1.064108801074324e-16	2.957834693272139e+05	3.305367090312124e+04	8.534704998557489e-03	4.007375227184318e+04	9.359556333176835e+03	1.191326684630193e+04	4.557286642245919e-18	-inf	
3	6.000000000000001e-01	0.000000000000000e+00	2.643722121070139e-03	5.890982877487350e-03	0.000000000000000e+00	-9.003997547551973e-17	2.957834693272139e+05	3.305367090312124e+04	8.534704998557489e-03	4.007375227184318e+04	9.359556333176835e+03	1.191326684630193e+04	3.856165620361931e-18	-inf	
4	8.000000000000000e-01	0.000000000000000e+00	2.643722121070139e-03	5.890982877487350e-03	1.259650161955506e-16	0.000000000000000e+00	2.957834693272139e+05	3.305367090312124e+04	8.534704998557489e-03	4.007375227184318e+04	9.359556333176835e+03	1.191326684630193e+04	5.394736751718472e-18	-inf	
5	1.000000000000000e+00	0.000000000000000e+00	2.643722121070139e-03	5.890982877487351e-03	2.414708433207123e-16	1.182343112304807e-17	2.957834693272139e+05	3.305367090312124e+04	8.534704998557491e-03	4.007375227184317e+04	9.359556333176832e+03	1.191326684630193e+04	1.035392453902100e-17	-inf	
6	0.000000000000000e+00	2.000000000000000e-01	2.643722121070139e-03	5.890982877487350e-03	0.000000000000000e+00	0.000000000000000e+00	2.957834693272139e+05	3.305367090312124e+04	8.534704998557489e-03	4.007375227184318e+04	9.359556333176835e+03	1.191326684630193e+04	0.000000000000000e+00	-inf	
7	2.000000000000000e-01	2.000000000000000e-01	2.643722121070139e-03	5.890982877487350e-03	-6.457412382587802e-17	-1.818989403545857e-18	2.957834693272139e+05	3.305367090312124e+04	8.534704998557489e-03	4.007375227184318e+04	9.359556333176835e+03	1.191326684630193e+04	2.766629918078117e-18	-inf	
8	4.000000000000000e-01	2.000000000000000e-01	2.643722121070139e-03	5.890982877487350e-03	-6.752998160664010e-17	1.277840055990964e-16	2.957834693272139e+05	3.305367090312124e+04	8.534704998557489e-03	4.007375227184318e+04	9.359556333176835e+03	1.191326684630193e+04	6.189843379150252e-18	-inf	
9	5.999999999999999e-01	2.000000000000000e-01	2.643722121070139e-03	5.890982877487350e-03	0.000000000000000e+00	1.671196514507755e-16	2.957834693272139e+05	3.305367090312124e+04	8.534704998557489e-03	4.007375227184318e+04	9.359556333176835e+03	1.191326684630193e+04	7.157277098399049e-18	-inf	
10	7.999999999999999e-01	2.000000000000000e-01	2.643722121070139e-03	5.890982877487350e-03	1.243734004674480e-16	-4.979483492206772e-17	2.957834693272139e+05	3.305367090312124e+04	8.534704998557489e-03	4.007375227184318e+04	9.359556333176835e+03	1.191326684630193e+04	5.737617429329297e-18	-inf	
11	1.000000000000000e+00	2.000000000000000e-01	2.643722121070139e-03	5.890982877487351e-03	2.469278115313499e-16	-1.220996637130155e-16	2.957834693272139e+05	3.305367090312124e+04	8.534704998557491e-03	4.007375227184317e+04	9.359556333176832e+03	1.191326684630193e+04	1.179746659059907e-17	-inf	
12	0.000000000000000e+00	3.999999999999999e-01	2.643722121070139e-03	5.890982877487350e-03	-1.723492459859712e-16	0.000000000000000e+00	2.957834693272139e+05	3.305367090312124e+04	8.534704998557489e-03	4.007375227184318e+04	9.359556333176835e+03	1.191326684630193e+04	7.381246313723159e-18	-inf	
13	2.000000000000000e-01	3.999999999999999e-01	2.643722121070139e-03	5.890982877487350e-03	1.916692378906922e-16	0.000000000000000e+00	2.957834693272139e+05	3.305367090312124e+04	8.534704998557489e-03	4.007375227184318e+04	9.359556333176835e+03	1.191326684630193e+04	8.208668668907069e-18	-inf	
14	3.999999999999999e-01	4.000000000000001e-01	2.643722121070139e-03	5.890982877487351e-03	1.027661307923883e-16	0.000000000000000e+00	2.957834693272139e+05	3.305367090312124e+04	8.534704998557491e-03	4.007375227184317e+04	9.359556333176832e+03	1.191326684630193e+04	4.401192008398179e-18	-inf	
15	6.000000000000001e-01	4.000000000000000e-01	2.643722121070139e-03	5.890982877487351e-03	-1.621174305910244e-16	-9.094947017729280e-19	2.957834693272139e+05	3.305367090312124e+04	8.534704998557491e-03	4.007375227184317e+04	9.359556333176832e+03	1.191326684630193e+04	6.943154934123895e-18	-inf	
16	8.000000000000000e-01	4.000000000000000e-01	2.643722121070139e-03	5.890982877487350e-03	-1.239186531165616e-16	0.000000000000000e+00	2.957834693272139e+05	3.305367090312124e+04	8.534704998557489e-03	4.007375227184318e+04	9.359556333176835e+03	1.191326684630193e+04	5.307096623982977e-18	-inf	
17	1.000000000000000e+00	4.000000000000000e-01	2.643722121070139e-03	5.890982877487350e-03	0.000000000000000e+00	0.000000000000000e+00	2.957834693272139e+05	3.305367090312124e+04	8.534704998557489e-03	4.007375227184318e+04	9.359556333176835e+03	1.191326684630193e+04	0.000000000000000e+00	-inf	
18	0.000000000000000e+00	6.000000000000000e-01	2.643722121070139e-03	5.890982877487350e-03	1.064108801074324e-16	1.259650161955505e-16	2.957834693272139e+05	3.305367090312124e+04	8.534704998557489e-03	4.007375227184318e+04	9.359556333176835e+03	1.191326684630193e+04	7.062014313206609e-18	-inf	
19	2.000000000000000e-01	6.000000000000000e-01	2.643722121070139e-03	5.890982877487350e-03	8.959536858679614e-19	1.818989403545857e-18	2.957834693272139e+05	3.305367090312124e+04	8.534704998557489e-03	4.007375227184318e+04	9.359556333176835e+03	1.191326684630193e+04	8.683965814020583e-20	-inf	
20	4.000000000000001e-01	6.000000000000002e-01	2.643722121070139e-03	5.890982877487350e-03	0.000000000000000e+00	-1.277840055990964e-16	2.957834693272139e+05	3.305367090312124e+04	8.534704998557489e-03	4.007375227184318e+04	9.359556333176835e+03	1.191326684630193e+04	5.472639087483358e-18	-inf	
21	6.000000000000000e-01	6.000000000000001e-01	2.643722121070139e-03	5.890982877487350e-03	-8.959536858679770e-19	-1.239186531165615e-16	2.957834693272139e+05	3.305367090312124e+04	8.534704998557489e-03	4.007375227184318e+04	9.359556333176835e+03	1.191326684630193e+04	5.307235337593363e-18	-inf	
22	8.000000000000000e-01	6.000000000000001e-01	2.643722121070139e-03	5.890982877487350e-03	1.248281478183344e-16	-9.094947017729286e-19	2.957834693272139e+05	3.305367090312124e+04	8.534704998557489e-03	4.007375227184318e+04	9.359556333176835e+03	1.191326684630193e+04	5.346189688590230e-18	-inf	
23	1.000000000000000e+00	6.000000000000001e-01	2.643722121070139e-03	5.890982877487351e-03	3.251443558838217e-16	-9.094947017729280e-19	2.957834693272139e+05	3.305367090312124e+04	8.534704998557491e-03	4.007375227184317e+04	9.359556333176832e+03	1.191326684630193e+04	1.392509699502498e-17	-inf	
24	0.000000000000000e+00	8.000000000000000e-01	2.643722121070139e-03	5.890982877487351e-03	-2.369233698118478e-16	0.000000000000000e+00	2.957834693272139e+05	3.305367090312124e+04	8.534704998557491e-03	4.007375227184317e+04	9.359556333176832e+03	1.191326684630193e+04	1.014677923337662e-17	-inf	
25	2.000000000000000e-01	8.000000000000000e-01	2.643722121070139e-03	5.890982877487350e-03	-1.239186531165615e-16	6.366462912410506e-17	2.957834693272139e+05	3.305367090312124e+04	8.534704998557489e-03	4.007375227184318e+04	9.359556333176835e+03	1.191326684630193e+04	5.966533551852572e-18	-inf	
26	3.999999999999999e-01	8.000000000000000e-01	2.643722121070139e-03	5.890982877487350e-03	-9.094947017729284e-19	0.000000000000000e+00	2.957834693272139e+05	3.305367090312124e+04	8.534704998557489e-03	4.007375227184318e+04	9.359556333176835e+03	1.191326684630193e+04	3.895116788244384e-20	-inf	
27	6.000000000000000e-01	8.000000000000000e-01	2.643722121070139e-03	5.890982877487350e-03	0.000000000000000e+00	-5.275069270282973e-17	2.957834693272139e+05	3.305367090312124e+04	8.534704998557489e-03	4.007375227184318e+04	9.359556333176835e+03	1.191326684630193e+04	2.259167737181737e-18	-inf	
28	8.000000000000000e-01	8.000000000000000e-01	2.643722121070139e-03	5.890982877487350e-03	0.000000000000000e+00	1.261923898709938e-16	2.957834693272139e+05	3.305367090312124e+04	8.534704998557489e-03	4.007375227184318e+04	9.359556333176835e+03	1.191326684630193e+04	5.404474543689080e-18	-inf	
29	1.000000000000000e+00	8.000000000000000e-01	2.643722121070139e-03	5.890982877487350e-03	-8.822098607197387e-17	-1.257376425201073e-16	2.957834693272139e+05	3.305367090312124e+04	8.534704998557489e-03	4.007375227184318e+04	9.359556333176835e+03	1.191326684630193e+04	6.578258678724906e-18	-inf	
30	0.000000000000000e+00	1.000000000000000e+00	2.643722121070139e-03	5.890982877487350e-03	1.818989403545857e-18	-2.537490217946470e-16	2.957834693272139e+05	3.305367090312124e+04	8.534704998557489e-03	4.007375227184318e+04	9.359556333176835e+03	1.191326684630193e+04	1.086765505545632e-17	-inf	
31	2.000000000000000e-01	1.000000000000000e+00	2.643722121070139e-03	5.890982877487350e-03	0.000000000000000e+00	0.000000000000000e+00	2.957834693272139e+05	3.305367090312124e+04	8.534704998557489e-03	4.007375227184318e+04	9.359556333176835e+03	1.191326684630193e+04	0.000000000000000e+00	-inf	
32	3.999999999999999e-01	1.000000000000000e+00	2.643722121070139e-03	5.890982877487350e-03	0.000000000000000e+00	0.000000000000000e+00	2.957834693272139e+05	3.305367090312124e+04	8.534704998557489e-03	4.007375227184318e+04	9.359556333176835e+03	1.191326684630193e+04	0.000000000000000e+00	-inf	
33	6.000000000000000e-01	1.000000000000000e+00	2.643722121070139e-03	5.890982877487350e-03	1.261923898709938e-16	-8.731149137020095e-17	2.957834693272139e+05	3.305367090312124e+04	8.534704998557489e-03	4.007375227184318e+04	9.359556333176835e+03	1.191326684630193e+04	6.571970800269271e-18	-inf	
34	8.000000000000000e-01	1.000000000000000e+00	2.643722121070139e-03	5.890982877487351e-03	0.000000000000000e+00	2.155502443201842e-16	2.957834693272139e+05	3.305367090312124e+04	8.534704998557491e-03	4.007375227184317e+04	9.359556333176832e+03	1.191326684630193e+04	9.231426788139199e-18	-inf	
35	1.000000000000000e+00	1.000000000000000e+00	2.643722121070139e-03	5.890982877487350e-03	-2.505657903384417e-16	4.547473508864655e-18	2.957834693272139e+05	3.305367090312124e+04	8.534704998557489e-03	4.007375227184318e+04	9.359556333176835e+03	1.191326684630193e+04	1.073281390047806e-17	-inf	
EXT_ITER= 651
AOA= 0.000000000000000e+00
SIDESLIP_ANGLE= 0.000000000000000e+00
INITIAL_BCTHRUST= 4.000000000000000e+03
DCD_DCL_VALUE= 0.000000000000000e+00
DCMX_DCL_VALUE= 0.000000000000000e+00
DCMY_DCL_VALUE= 0.000000000000000e+00
DCMZ_DCL_VALUE= 0.000000000000000e+00
