"PointID"	"x"	"y"	"Density[0]"	"Density[1]"	"Momentum_x"	"Momentum_y"	"Energy"	"Electronic_Energy"	"Total_Density"	"Pressure"	"Temperature"	"Tve"	"Mach"	"C<sub>p</sub>"
0	0.000000000000000e+00	0.000000000000000e+00	3.900914306485441e-03	4.633790692072062e-03	0.000000000000000e+00	0.000000000000000e+00	2.957834693272139e+05	4.897370024086659e+04	8.534704998557503e-03	5.220507535449159e+04	1.335698215364983e+04	1.456852840467483e+04	0.000000000000000e+00	-inf	
1	2.000000000000000e-01	0.000000000000000e+00	3.900914306485441e-03	4.633790692072062e-03	0.000000000000000e+00	-8.185452315956353e-18	2.957834693272139e+05	4.897370024086659e+04	8.534704998557503e-03	5.220507535449159e+04	1.335698215364983e+04	1.456852840467483e+04	3.108040963560802e-19	-inf	
2	4.000000000000000e-01	0.000000000000000e+00	3.900914306485441e-03	4.633790692072062e-03	0.000000000000000e+00	9.094947017729278e-19	2.957834693272139e+05	4.897370024086659e+04	8.534704998557503e-03	5.220507535449159e+04	1.335698215364983e+04	1.456852840467483e+04	3.453378848400890e-20	-inf	
3	6.000000000000001e-01	0.000000000000000e+00	3.900914306485441e-03	4.633790692072062e-03	0.000000000000000e+00	-2.728484105318784e-18	2.957834693272139e+05	4.897370024086659e+04	8.534704998557503e-03	5.220507535449159e+04	1.335698215364983e+04	1.456852840467483e+04	1.036013654520267e-19	-inf	
4	8.000000000000000e-01	0.000000000000000e+00	3.900914306485441e-03	4.633790692072062e-03	4.547473508864642e-19	0.000000000000000e+00	2.957834693272139e+05	4.897370024086659e+04	8.534704998557503e-03	5.220507535449159e+04	1.335698215364983e+04	1.456852840467483e+04	1.726689424200446e-20	-inf	
5	1.000000000000000e+00	0.000000000000000e+00	3.900914306485441e-03	4.633790692072062e-03	-2.728484105318784e-18	1.000444171950221e-17	2.957834693272139e+05	4.897370024086659e+04	8.534704998557503e-03	5.220507535449159e+04	1.335698215364983e+04	1.456852840467483e+04	3.937457696503857e-19	-inf	
6	0.000000000000000e+00	2.000000000000000e-01	3.900914306485441e-03	4.633790692072062e-03	0.000000000000000e+00	0.000000000000000e+00	2.957834693272139e+05	4.897370024086659e+04	8.534704998557503e-03	5.220507535449159e+04	1.335698215364983e+04	1.456852840467483e+04	0.000000000000000e+00	-inf	
7	2.000000000000000e-01	2.000000000000000e-01	3.900914306485441e-03	4.633790692072062e-03	-9.094947017729276e-19	-1.818989403545857e-18	2.957834693272139e+05	4.897370024086659e+04	8.534704998557503e-03	5.220507535449159e+04	1.335698215364983e+04	1.456852840467483e+04	7.721989857084334e-20	-inf	
8	4.000000000000000e-01	2.000000000000000e-01	3.900914306485441e-03	4.633790692072062e-03	5.002220859751106e-18	0.000000000000000e+00	2.957834693272139e+05	4.897370024086659e+04	8.534704998557503e-03	5.220507535449159e+04	1.335698215364983e+04	1.456852840467483e+04	1.899358366620490e-19	-inf	
9	5.999999999999999e-01	2.000000000000000e-01	3.900914306485441e-03	4.633790692072062e-03	0.000000000000000e+00	-2.273736754432320e-18	2.957834693272139e+05	4.897370024086659e+04	8.534704998557503e-03	5.220507535449159e+04	1.335698215364983e+04	1.456852840467483e+04	8.633447121002228e-20	-inf	
10	7.999999999999999e-01	2.000000000000000e-01	3.900914306485441e-03	4.633790692072062e-03	0.000000000000000e+00	1.818989403545856e-18	2.957834693272139e+05	4.897370024086659e+04	8.534704998557503e-03	5.220507535449159e+04	1.335698215364983e+04	1.456852840467483e+04	6.906757696801784e-20	-inf	
11	1.000000000000000e+00	2.000000000000000e-01	3.900914306485441e-03	4.633790692072062e-03	1.818989403545854e-18	4.547473508864636e-19	2.957834693272139e+05	4.897370024086659e+04	8.534704998557503e-03	5.220507535449159e+04	1.335698215364983e+04	1.456852840467483e+04	7.119322878615369e-20	-inf	
12	0.000000000000000e+00	3.999999999999999e-01	3.900914306485441e-03	4.633790692072062e-03	6.366462912410496e-18	0.000000000000000e+00	2.957834693272139e+05	4.897370024086659e+04	8.534704998557503e-03	5.220507535449159e+04	1.335698215364983e+04	1.456852840467483e+04	2.417365193880623e-19	-inf	
13	2.000000000000000e-01	3.999999999999999e-01	3.900914306485441e-03	4.633790692072062e-03	2.013964550776562e-18	0.000000000000000e+00	2.957834693272139e+05	4.897370024086659e+04	8.534704998557503e-03	5.220507535449159e+04	1.335698215364983e+04	1.456852840467483e+04	7.647084218878077e-20	-inf	
14	3.999999999999999e-01	4.000000000000001e-01	3.900914306485441e-03	4.633790692072062e-03	-4.807245712520404e-18	0.000000000000000e+00	2.957834693272139e+05	4.897370024086659e+04	8.534704998557503e-03	5.220507535449159e+04	1.335698215364983e+04	1.456852840467483e+04	1.825325714412863e-19	-inf	
15	6.000000000000001e-01	4.000000000000000e-01	3.900914306485441e-03	4.633790692072062e-03	1.818989403545856e-18	-9.094947017729280e-19	2.957834693272139e+05	4.897370024086659e+04	8.534704998557503e-03	5.220507535449159e+04	1.335698215364983e+04	1.456852840467483e+04	7.721989857084331e-20	-inf	
16	8.000000000000000e-01	4.000000000000000e-01	3.900914306485441e-03	4.633790692072062e-03	1.364242052659393e-18	0.000000000000000e+00	2.957834693272139e+05	4.897370024086659e+04	8.534704998557503e-03	5.220507535449159e+04	1.335698215364983e+04	1.456852840467483e+04	5.180068272601341e-20	-inf	
17	1.000000000000000e+00	4.000000000000000e-01	3.900914306485441e-03	4.633790692072062e-03	0.000000000000000e+00	-4.547473508864640e-19	2.957834693272139e+05	4.897370024086659e+04	8.534704998557503e-03	5.220507535449159e+04	1.335698215364983e+04	1.456852840467483e+04	1.726689424200445e-20	-inf	
18	0.000000000000000e+00	6.000000000000000e-01	3.900914306485441e-03	4.633790692072062e-03	-9.094947017729278e-19	4.547473508864643e-19	2.957834693272139e+05	4.897370024086659e+04	8.534704998557503e-03	5.220507535449159e+04	1.335698215364983e+04	1.456852840467483e+04	3.860994928542166e-20	-inf	
19	2.000000000000000e-01	6.000000000000000e-01	3.900914306485441e-03	4.633790692072062e-03	8.446976453478720e-19	1.818989403545857e-18	2.957834693272139e+05	4.897370024086659e+04	8.534704998557503e-03	5.220507535449159e+04	1.335698215364983e+04	1.456852840467483e+04	7.615139367840325e-20	-inf	
20	4.000000000000001e-01	6.000000000000002e-01	3.900914306485441e-03	4.633790692072062e-03	0.000000000000000e+00	0.000000000000000e+00	2.957834693272139e+05	4.897370024086659e+04	8.534704998557503e-03	5.220507535449159e+04	1.335698215364983e+04	1.456852840467483e+04	0.000000000000000e+00	-inf	
21	6.000000000000000e-01	6.000000000000001e-01	3.900914306485441e-03	4.633790692072062e-03	-8.446976453478651e-19	1.818989403545856e-18	2.957834693272139e+05	4.897370024086659e+04	8.534704998557503e-03	5.220507535449159e+04	1.335698215364983e+04	1.456852840467483e+04	7.615139367840313e-20	-inf	
22	8.000000000000000e-01	6.000000000000001e-01	3.900914306485441e-03	4.633790692072062e-03	-4.547473508864649e-19	-9.094947017729286e-19	2.957834693272139e+05	4.897370024086659e+04	8.534704998557503e-03	5.220507535449159e+04	1.335698215364983e+04	1.456852840467483e+04	3.860994928542169e-20	-inf	
23	1.000000000000000e+00	6.000000000000001e-01	3.900914306485441e-03	4.633790692072062e-03	-1.818989403545853e-18	-9.094947017729280e-19	2.957834693272139e+05	4.897370024086659e+04	8.534704998557503e-03	5.220507535449159e+04	1.335698215364983e+04	1.456852840467483e+04	7.721989857084321e-20	-inf	
24	0.000000000000000e+00	8.000000000000000e-01	3.900914306485441e-03	4.633790692072062e-03	1.818989403545856e-18	0.000000000000000e+00	2.957834693272139e+05	4.897370024086659e+04	8.534704998557503e-03	5.220507535449159e+04	1.335698215364983e+04	1.456852840467483e+04	6.906757696801780e-20	-inf	
25	2.000000000000000e-01	8.000000000000000e-01	3.900914306485441e-03	4.633790692072062e-03	1.818989403545856e-18	0.000000000000000e+00	2.957834693272139e+05	4.897370024086659e+04	8.534704998557503e-03	5.220507535449159e+04	1.335698215364983e+04	1.456852840467483e+04	6.906757696801781e-20	-inf	
26	3.999999999999999e-01	8.000000000000000e-01	3.900914306485441e-03	4.633790692072062e-03	-9.094947017729284e-19	0.000000000000000e+00	2.957834693272139e+05	4.897370024086659e+04	8.534704998557503e-03	5.220507535449159e+04	1.335698215364983e+04	1.456852840467483e+04	3.453378848400892e-20	-inf	
27	6.000000000000000e-01	8.000000000000000e-01	3.900914306485441e-03	4.633790692072062e-03	0.000000000000000e+00	4.547473508864638e-18	2.957834693272139e+05	4.897370024086659e+04	8.534704998557503e-03	5.220507535449159e+04	1.335698215364983e+04	1.456852840467483e+04	1.726689424200445e-19	-inf	
28	8.000000000000000e-01	8.000000000000000e-01	3.900914306485441e-03	4.633790692072062e-03	0.000000000000000e+00	0.000000000000000e+00	2.957834693272139e+05	4.897370024086659e+04	8.534704998557503e-03	5.220507535449159e+04	1.335698215364983e+04	1.456852840467483e+04	0.000000000000000e+00	-inf	
29	1.000000000000000e+00	8.000000000000000e-01	3.900914306485441e-03	4.633790692072062e-03	-9.094947017729267e-19	-4.547473508864638e-19	2.957834693272139e+05	4.897370024086659e+04	8.534704998557503e-03	5.220507535449159e+04	1.335698215364983e+04	1.456852840467483e+04	3.860994928542161e-20	-inf	
30	0.000000000000000e+00	1.000000000000000e+00	3.900914306485441e-03	4.633790692072062e-03	1.818989403545857e-18	-2.728484105318785e-18	2.957834693272139e+05	4.897370024086659e+04	8.534704998557503e-03	5.220507535449159e+04	1.335698215364983e+04	1.456852840467483e+04	1.245133451151220e-19	-inf	
31	2.000000000000000e-01	1.000000000000000e+00	3.900914306485441e-03	4.633790692072062e-03	0.000000000000000e+00	0.000000000000000e+00	2.957834693272139e+05	4.897370024086659e+04	8.534704998557503e-03	5.220507535449159e+04	1.335698215364983e+04	1.456852840467483e+04	0.000000000000000e+00	-inf	
32	3.999999999999999e-01	1.000000000000000e+00	3.900914306485441e-03	4.633790692072062e-03	0.000000000000000e+00	0.000000000000000e+00	2.957834693272139e+05	4.897370024086659e+04	8.534704998557503e-03	5.220507535449159e+04	1.335698215364983e+04	1.456852840467483e+04	0.000000000000000e+00	-inf	
33	6.000000000000000e-01	1.000000000000000e+00	3.900914306485441e-03	4.633790692072062e-03	0.000000000000000e+00	-7.275957614183424e-18	2.957834693272139e+05	4.897370024086659e+04	8.534704998557503e-03	5.220507535449159e+04	1.335698215364983e+04	1.456852840467483e+04	2.762703078720713e-19	-inf	
34	8.000000000000000e-01	1.000000000000000e+00	3.900914306485441e-03	4.633790692072062e-03	0.000000000000000e+00	9.094947017729288e-19	2.957834693272139e+05	4.897370024086659e+04	8.534704998557503e-03	5.220507535449159e+04	1.335698215364983e+04	1.456852840467483e+04	3.453378848400894e-20	-inf	
35	1.000000000000000e+00	1.000000000000000e+00	3.900914306485441e-03	4.633790692072062e-03	1.818989403545856e-18	9.094947017729280e-19	2.957834693272139e+05	4.897370024086659e+04	8.534704998557503e-03	5.220507535449159e+04	1.335698215364983e+04	1.456852840467483e+04	7.721989857084332e-20	-inf	
EXT_ITER= 59
AOA= 0.000000000000000e+00
SIDESLIP_ANGLE= 0.000000000000000e+00
INITIAL_BCTHRUST= 4.000000000000000e+03
DCD_DCL_VALUE= 0.000000000000000e+00
DCMX_DCL_VALUE= 0.000000000000000e+00
DCMY_DCL_VALUE= 0.000000000000000e+00
DCMZ_DCL_VALUE= 0.000000000000000e+00
