"PointID"	"x"	"y"	"Density[0]"	"Density[1]"	"Momentum_x"	"Momentum_y"	"Energy"	"Electronic_Energy"	"Total_Density"	"Pressure"	"Temperature"	"Tve"	"Mach"	"C<sub>p</sub>"
0	0.000000000000000e+00	0.000000000000000e+00	3.228012744713875e-03	5.306692253843627e-03	0.000000000000000e+00	0.000000000000000e+00	2.957834693272139e+05	4.411635431649706e+04	8.534704998557501e-03	4.386206799025716e+04	1.067679625663322e+04	1.379129454042631e+04	0.000000000000000e+00	-inf	
1	2.000000000000000e-01	0.000000000000000e+00	3.228012744713875e-03	5.306692253843627e-03	0.000000000000000e+00	2.364686224609614e-17	2.957834693272139e+05	4.411635431649706e+04	8.534704998557501e-03	4.386206799025716e+04	1.067679625663322e+04	1.379129454042631e+04	9.732493374179669e-19	-inf	
2	4.000000000000000e-01	0.000000000000000e+00	3.228012744713875e-03	5.306692253843627e-03	0.000000000000000e+00	-1.909938873723150e-17	2.957834693272139e+05	4.411635431649706e+04	8.534704998557501e-03	4.386206799025716e+04	1.067679625663322e+04	1.379129454042631e+04	7.860860032991270e-19	-inf	
3	6.000000000000001e-01	0.000000000000000e+00	3.228012744713875e-03	5.306692253843627e-03	0.000000000000000e+00	-2.091837814077736e-17	2.957834693272139e+05	4.411635431649706e+04	8.534704998557501e-03	4.386206799025716e+04	1.067679625663322e+04	1.379129454042631e+04	8.609513369466631e-19	-inf	
4	8.000000000000000e-01	0.000000000000000e+00	3.228012744713875e-03	5.306692253843627e-03	-1.818989403545857e-18	0.000000000000000e+00	2.957834693272139e+05	4.411635431649706e+04	8.534704998557501e-03	4.386206799025716e+04	1.067679625663322e+04	1.379129454042631e+04	7.486533364753591e-20	-inf	
5	1.000000000000000e+00	0.000000000000000e+00	3.228012744713875e-03	5.306692253843627e-03	-2.728484105318784e-18	1.182343112304807e-17	2.957834693272139e+05	4.411635431649706e+04	8.534704998557501e-03	4.386206799025716e+04	1.067679625663322e+04	1.379129454042631e+04	4.994140657870788e-19	-inf	
6	0.000000000000000e+00	2.000000000000000e-01	3.228012744713875e-03	5.306692253843627e-03	0.000000000000000e+00	0.000000000000000e+00	2.957834693272139e+05	4.411635431649706e+04	8.534704998557501e-03	4.386206799025716e+04	1.067679625663322e+04	1.379129454042631e+04	0.000000000000000e+00	-inf	
7	2.000000000000000e-01	2.000000000000000e-01	3.228012744713875e-03	5.306692253843627e-03	-1.136868377216161e-17	-1.818989403545857e-18	2.957834693272139e+05	4.411635431649706e+04	8.534704998557501e-03	4.386206799025716e+04	1.067679625663322e+04	1.379129454042631e+04	4.738597138633540e-19	-inf	
8	4.000000000000000e-01	2.000000000000000e-01	3.228012744713875e-03	5.306692253843627e-03	-1.091393642127514e-17	0.000000000000000e+00	2.957834693272139e+05	4.411635431649706e+04	8.534704998557501e-03	4.386206799025716e+04	1.067679625663322e+04	1.379129454042631e+04	4.491920018852155e-19	-inf	
9	5.999999999999999e-01	2.000000000000000e-01	3.228012744713875e-03	5.306692253843627e-03	0.000000000000000e+00	6.366462912410498e-18	2.957834693272139e+05	4.411635431649706e+04	8.534704998557501e-03	4.386206799025716e+04	1.067679625663322e+04	1.379129454042631e+04	2.620286677663757e-19	-inf	
10	7.999999999999999e-01	2.000000000000000e-01	3.228012744713875e-03	5.306692253843627e-03	0.000000000000000e+00	-7.275957614183427e-18	2.957834693272139e+05	4.411635431649706e+04	8.534704998557501e-03	4.386206799025716e+04	1.067679625663322e+04	1.379129454042631e+04	2.994613345901436e-19	-inf	
11	1.000000000000000e+00	2.000000000000000e-01	3.228012744713875e-03	5.306692253843627e-03	1.818989403545854e-18	0.000000000000000e+00	2.957834693272139e+05	4.411635431649706e+04	8.534704998557501e-03	4.386206799025716e+04	1.067679625663322e+04	1.379129454042631e+04	7.486533364753581e-20	-inf	
12	0.000000000000000e+00	3.999999999999999e-01	3.228012744713875e-03	5.306692253843627e-03	-2.273736754432321e-17	0.000000000000000e+00	2.957834693272139e+05	4.411635431649706e+04	8.534704998557501e-03	4.386206799025716e+04	1.067679625663322e+04	1.379129454042631e+04	9.358166705941990e-19	-inf	
13	2.000000000000000e-01	3.999999999999999e-01	3.228012744713875e-03	5.306692253843627e-03	9.485368385575906e-18	0.000000000000000e+00	2.957834693272139e+05	4.411635431649706e+04	8.534704998557501e-03	4.386206799025716e+04	1.067679625663322e+04	1.379129454042631e+04	3.903954951973017e-19	-inf	
14	3.999999999999999e-01	4.000000000000001e-01	3.228012744713875e-03	5.306692253843627e-03	-5.066546842790961e-18	0.000000000000000e+00	2.957834693272139e+05	4.411635431649706e+04	8.534704998557501e-03	4.386206799025716e+04	1.067679625663322e+04	1.379129454042631e+04	2.085271739829861e-19	-inf	
15	6.000000000000001e-01	4.000000000000000e-01	3.228012744713875e-03	5.306692253843627e-03	-7.730704965069892e-18	-9.094947017729280e-19	2.957834693272139e+05	4.411635431649706e+04	8.534704998557501e-03	4.386206799025716e+04	1.067679625663322e+04	1.379129454042631e+04	3.203720227497209e-19	-inf	
16	8.000000000000000e-01	4.000000000000000e-01	3.228012744713875e-03	5.306692253843627e-03	2.273736754432322e-18	0.000000000000000e+00	2.957834693272139e+05	4.411635431649706e+04	8.534704998557501e-03	4.386206799025716e+04	1.067679625663322e+04	1.379129454042631e+04	9.358166705941993e-20	-inf	
17	1.000000000000000e+00	4.000000000000000e-01	3.228012744713875e-03	5.306692253843627e-03	0.000000000000000e+00	0.000000000000000e+00	2.957834693272139e+05	4.411635431649706e+04	8.534704998557501e-03	4.386206799025716e+04	1.067679625663322e+04	1.379129454042631e+04	0.000000000000000e+00	-inf	
18	0.000000000000000e+00	6.000000000000000e-01	3.228012744713875e-03	5.306692253843627e-03	1.909938873723150e-17	-1.818989403545856e-18	2.957834693272139e+05	4.411635431649706e+04	8.534704998557501e-03	4.386206799025716e+04	1.067679625663322e+04	1.379129454042631e+04	7.896429717061705e-19	-inf	
19	2.000000000000000e-01	6.000000000000000e-01	3.228012744713875e-03	5.306692253843627e-03	-5.833993169661489e-19	1.818989403545857e-18	2.957834693272139e+05	4.411635431649706e+04	8.534704998557501e-03	4.386206799025716e+04	1.067679625663322e+04	1.379129454042631e+04	7.862164418328666e-20	-inf	
20	4.000000000000001e-01	6.000000000000002e-01	3.228012744713875e-03	5.306692253843627e-03	0.000000000000000e+00	0.000000000000000e+00	2.957834693272139e+05	4.411635431649706e+04	8.534704998557501e-03	4.386206799025716e+04	1.067679625663322e+04	1.379129454042631e+04	0.000000000000000e+00	-inf	
21	6.000000000000000e-01	6.000000000000001e-01	3.228012744713875e-03	5.306692253843627e-03	5.833993169661748e-19	2.273736754432320e-18	2.957834693272139e+05	4.411635431649706e+04	8.534704998557501e-03	4.386206799025716e+04	1.067679625663322e+04	1.379129454042631e+04	9.661300720682811e-20	-inf	
22	8.000000000000000e-01	6.000000000000001e-01	3.228012744713875e-03	5.306692253843627e-03	-1.364242052659393e-18	-9.094947017729286e-19	2.957834693272139e+05	4.411635431649706e+04	8.534704998557501e-03	4.386206799025716e+04	1.067679625663322e+04	1.379129454042631e+04	6.748269980522757e-20	-inf	
23	1.000000000000000e+00	6.000000000000001e-01	3.228012744713875e-03	5.306692253843627e-03	1.637090463191271e-17	-9.094947017729280e-19	2.957834693272139e+05	4.411635431649706e+04	8.534704998557501e-03	4.386206799025716e+04	1.067679625663322e+04	1.379129454042631e+04	6.748269980522756e-19	-inf	
24	0.000000000000000e+00	8.000000000000000e-01	3.228012744713875e-03	5.306692253843627e-03	2.728484105318784e-18	0.000000000000000e+00	2.957834693272139e+05	4.411635431649706e+04	8.534704998557501e-03	4.386206799025716e+04	1.067679625663322e+04	1.379129454042631e+04	1.122980004713038e-19	-inf	
25	2.000000000000000e-01	8.000000000000000e-01	3.228012744713875e-03	5.306692253843627e-03	2.273736754432320e-18	1.045918907038868e-17	2.957834693272139e+05	4.411635431649706e+04	8.534704998557501e-03	4.386206799025716e+04	1.067679625663322e+04	1.379129454042631e+04	4.405301687253459e-19	-inf	
26	3.999999999999999e-01	8.000000000000000e-01	3.228012744713875e-03	5.306692253843627e-03	-9.094947017729284e-19	0.000000000000000e+00	2.957834693272139e+05	4.411635431649706e+04	8.534704998557501e-03	4.386206799025716e+04	1.067679625663322e+04	1.379129454042631e+04	3.743266682376796e-20	-inf	
27	6.000000000000000e-01	8.000000000000000e-01	3.228012744713875e-03	5.306692253843627e-03	0.000000000000000e+00	-8.640199666842814e-18	2.957834693272139e+05	4.411635431649706e+04	8.534704998557501e-03	4.386206799025716e+04	1.067679625663322e+04	1.379129454042631e+04	3.556103348257953e-19	-inf	
28	8.000000000000000e-01	8.000000000000000e-01	3.228012744713875e-03	5.306692253843627e-03	0.000000000000000e+00	0.000000000000000e+00	2.957834693272139e+05	4.411635431649706e+04	8.534704998557501e-03	4.386206799025716e+04	1.067679625663322e+04	1.379129454042631e+04	0.000000000000000e+00	-inf	
29	1.000000000000000e+00	8.000000000000000e-01	3.228012744713875e-03	5.306692253843627e-03	-1.909938873723149e-17	-9.094947017729276e-19	2.957834693272139e+05	4.411635431649706e+04	8.534704998557501e-03	4.386206799025716e+04	1.067679625663322e+04	1.379129454042631e+04	7.869767525971358e-19	-inf	
30	0.000000000000000e+00	1.000000000000000e+00	3.228012744713875e-03	5.306692253843627e-03	1.818989403545857e-18	1.818989403545857e-18	2.957834693272139e+05	4.411635431649706e+04	8.534704998557501e-03	4.386206799025716e+04	1.067679625663322e+04	1.379129454042631e+04	1.058755701959321e-19	-inf	
31	2.000000000000000e-01	1.000000000000000e+00	3.228012744713875e-03	5.306692253843627e-03	0.000000000000000e+00	0.000000000000000e+00	2.957834693272139e+05	4.411635431649706e+04	8.534704998557501e-03	4.386206799025716e+04	1.067679625663322e+04	1.379129454042631e+04	0.000000000000000e+00	-inf	
32	3.999999999999999e-01	1.000000000000000e+00	3.228012744713875e-03	5.306692253843627e-03	0.000000000000000e+00	0.000000000000000e+00	2.957834693272139e+05	4.411635431649706e+04	8.534704998557501e-03	4.386206799025716e+04	1.067679625663322e+04	1.379129454042631e+04	0.000000000000000e+00	-inf	
33	6.000000000000000e-01	1.000000000000000e+00	3.228012744713875e-03	5.306692253843627e-03	0.000000000000000e+00	-1.909938873723150e-17	2.957834693272139e+05	4.411635431649706e+04	8.534704998557501e-03	4.386206799025716e+04	1.067679625663322e+04	1.379129454042631e+04	7.860860032991270e-19	-inf	
34	8.000000000000000e-01	1.000000000000000e+00	3.228012744713875e-03	5.306692253843627e-03	0.000000000000000e+00	6.366462912410501e-18	2.957834693272139e+05	4.411635431649706e+04	8.534704998557501e-03	4.386206799025716e+04	1.067679625663322e+04	1.379129454042631e+04	2.620286677663758e-19	-inf	
35	1.000000000000000e+00	1.000000000000000e+00	3.228012744713875e-03	5.306692253843627e-03	1.818989403545856e-18	2.728484105318784e-18	2.957834693272139e+05	4.411635431649706e+04	8.534704998557501e-03	4.386206799025716e+04	1.067679625663322e+04	1.379129454042631e+04	1.349653996104550e-19	-inf	
EXT_ITER= 181
AOA= 0.000000000000000e+00
SIDESLIP_ANGLE= 0.000000000000000e+00
INITIAL_BCTHRUST= 4.000000000000000e+03
DCD_DCL_VALUE= 0.000000000000000e+00
DCMX_DCL_VALUE= 0.000000000000000e+00
DCMY_DCL_VALUE= 0.000000000000000e+00
DCMZ_DCL_VALUE= 0.000000000000000e+00
