"PointID"	"x"	"y"	"Density[0]"	"Density[1]"	"Momentum_x"	"Momentum_y"	"Energy"	"Electronic_Energy"	"Total_Density"	"Pressure"	"Temperature"	"Tve"	"Mach"	"C<sub>p</sub>"
0	0.000000000000000e+00	0.000000000000000e+00	2.198455213551474e-03	6.336249785006008e-03	0.000000000000000e+00	0.000000000000000e+00	2.957834693272139e+05	2.036259677404974e+04	8.534704998557480e-03	3.955871424559154e+04	8.962622386633786e+03	9.540965943614547e+03	0.000000000000000e+00	-inf	
1	2.000000000000000e-01	0.000000000000000e+00	2.198455213551474e-03	6.336249785006008e-03	0.000000000000000e+00	5.748006515204875e-16	2.957834693272139e+05	2.036259677404974e+04	8.534704998557480e-03	3.955871424559154e+04	8.962622386633786e+03	9.540965943614547e+03	2.467819852480135e-17	-inf	
2	4.000000000000000e-01	0.000000000000000e+00	2.198455213551474e-03	6.336249785006008e-03	0.000000000000000e+00	-4.438334144651968e-16	2.957834693272139e+05	2.036259677404974e+04	8.534704998557480e-03	3.955871424559154e+04	8.962622386633786e+03	9.540965943614547e+03	1.905531784826478e-17	-inf	
3	6.000000000000001e-01	0.000000000000000e+00	2.198455213551474e-03	6.336249785006008e-03	0.000000000000000e+00	-9.731593308970314e-17	2.957834693272139e+05	2.036259677404974e+04	8.534704998557480e-03	3.955871424559154e+04	8.962622386633786e+03	9.540965943614547e+03	4.178112724926826e-18	-inf	
4	8.000000000000000e-01	0.000000000000000e+00	2.198455213551474e-03	6.336249785006008e-03	3.824425220955156e-16	0.000000000000000e+00	2.957834693272139e+05	2.036259677404974e+04	8.534704998557480e-03	3.955871424559154e+04	8.962622386633786e+03	9.540965943614547e+03	1.641959253113767e-17	-inf	
5	1.000000000000000e+00	0.000000000000000e+00	2.198455213551474e-03	6.336249785006007e-03	7.062226359266769e-16	1.823536877054736e-16	2.957834693272139e+05	2.036259677404974e+04	8.534704998557480e-03	3.955871424559157e+04	8.962622386633791e+03	9.540965943614547e+03	3.131506780440866e-17	-inf	
6	0.000000000000000e+00	2.000000000000000e-01	2.198455213551474e-03	6.336249785006008e-03	0.000000000000000e+00	0.000000000000000e+00	2.957834693272139e+05	2.036259677404974e+04	8.534704998557480e-03	3.955871424559154e+04	8.962622386633786e+03	9.540965943614547e+03	0.000000000000000e+00	-inf	
7	2.000000000000000e-01	2.000000000000000e-01	2.198455213551474e-03	6.336249785006008e-03	-2.364686224609641e-16	-1.818989403545857e-18	2.957834693272139e+05	2.036259677404974e+04	8.534704998557480e-03	3.955871424559154e+04	8.962622386633786e+03	9.540965943614547e+03	1.015272380686190e-17	-inf	
8	4.000000000000000e-01	2.000000000000000e-01	2.198455213551474e-03	6.336249785006008e-03	-2.864908310584709e-16	3.842615114990614e-16	2.957834693272139e+05	2.036259677404974e+04	8.534704998557480e-03	3.955871424559154e+04	8.962622386633786e+03	9.540965943614547e+03	2.057826472092955e-17	-inf	
9	5.999999999999999e-01	2.000000000000000e-01	2.198455213551474e-03	6.336249785006008e-03	0.000000000000000e+00	4.326921043684696e-16	2.957834693272139e+05	2.036259677404974e+04	8.534704998557480e-03	3.955871424559154e+04	8.962622386633786e+03	9.540965943614547e+03	1.857698251293398e-17	-inf	
10	7.999999999999999e-01	2.000000000000000e-01	2.198455213551474e-03	6.336249785006008e-03	3.697095962706952e-16	-1.275566319236548e-16	2.957834693272139e+05	2.036259677404974e+04	8.534704998557480e-03	3.955871424559154e+04	8.962622386633786e+03	9.540965943614547e+03	1.679110549700610e-17	-inf	
11	1.000000000000000e+00	2.000000000000000e-01	2.198455213551474e-03	6.336249785006007e-03	7.125890988390881e-16	-3.524291969370089e-16	2.957834693272139e+05	2.036259677404974e+04	8.534704998557480e-03	3.955871424559157e+04	8.962622386633791e+03	9.540965943614547e+03	3.413116834259400e-17	-inf	
12	0.000000000000000e+00	3.999999999999999e-01	2.198455213551474e-03	6.336249785006008e-03	-6.584741640835898e-16	0.000000000000000e+00	2.957834693272139e+05	2.036259677404974e+04	8.534704998557480e-03	3.955871424559154e+04	8.962622386633786e+03	9.540965943614547e+03	2.827059451258861e-17	-inf	
13	2.000000000000000e-01	3.999999999999999e-01	2.198455213551474e-03	6.336249785006008e-03	5.124914683413218e-16	0.000000000000000e+00	2.957834693272139e+05	2.036259677404974e+04	8.534704998557480e-03	3.955871424559154e+04	8.962622386633786e+03	9.540965943614547e+03	2.200304777758816e-17	-inf	
14	3.999999999999999e-01	4.000000000000001e-01	2.198455213551474e-03	6.336249785006007e-03	3.212702072935628e-16	0.000000000000000e+00	2.957834693272139e+05	2.036259677404974e+04	8.534704998557480e-03	3.955871424559157e+04	8.962622386633791e+03	9.540965943614547e+03	1.379325151201927e-17	-inf	
15	6.000000000000001e-01	4.000000000000000e-01	2.198455213551474e-03	6.336249785006007e-03	-3.844888851745059e-16	-9.094947017729280e-19	2.957834693272139e+05	2.036259677404974e+04	8.534704998557480e-03	3.955871424559157e+04	8.962622386633791e+03	9.540965943614547e+03	1.650749622471020e-17	-inf	
16	8.000000000000000e-01	4.000000000000000e-01	2.198455213551474e-03	6.336249785006008e-03	-3.865352482534942e-16	0.000000000000000e+00	2.957834693272139e+05	2.036259677404974e+04	8.534704998557480e-03	3.955871424559154e+04	8.962622386633786e+03	9.540965943614547e+03	1.659530755227947e-17	-inf	
17	1.000000000000000e+00	4.000000000000000e-01	2.198455213551474e-03	6.336249785006008e-03	0.000000000000000e+00	0.000000000000000e+00	2.957834693272139e+05	2.036259677404974e+04	8.534704998557480e-03	3.955871424559154e+04	8.962622386633786e+03	9.540965943614547e+03	0.000000000000000e+00	-inf	
18	0.000000000000000e+00	6.000000000000000e-01	2.198455213551474e-03	6.336249785006008e-03	4.438334144651968e-16	3.824425220955155e-16	2.957834693272139e+05	2.036259677404974e+04	8.534704998557480e-03	3.955871424559154e+04	8.962622386633786e+03	9.540965943614547e+03	2.515369072694880e-17	-inf	
19	2.000000000000000e-01	6.000000000000000e-01	2.198455213551474e-03	6.336249785006008e-03	-1.888960727723382e-17	1.818989403545857e-18	2.957834693272139e+05	2.036259677404974e+04	8.534704998557480e-03	3.955871424559154e+04	8.962622386633786e+03	9.540965943614547e+03	8.147482414993166e-19	-inf	
20	4.000000000000001e-01	6.000000000000002e-01	2.198455213551474e-03	6.336249785006008e-03	0.000000000000000e+00	-3.842615114990618e-16	2.957834693272139e+05	2.036259677404974e+04	8.534704998557480e-03	3.955871424559154e+04	8.962622386633786e+03	9.540965943614547e+03	1.649768809608959e-17	-inf	
21	6.000000000000000e-01	6.000000000000001e-01	2.198455213551474e-03	6.336249785006008e-03	1.888960727723382e-17	-3.858531272271642e-16	2.957834693272139e+05	2.036259677404974e+04	8.534704998557480e-03	3.955871424559154e+04	8.962622386633786e+03	9.540965943614547e+03	1.658586118522673e-17	-inf	
22	8.000000000000000e-01	6.000000000000001e-01	2.198455213551474e-03	6.336249785006008e-03	3.874447429552670e-16	-9.094947017729286e-19	2.957834693272139e+05	2.036259677404974e+04	8.534704998557480e-03	3.955871424559154e+04	8.962622386633786e+03	9.540965943614547e+03	1.663440116542289e-17	-inf	
23	1.000000000000000e+00	6.000000000000001e-01	2.198455213551474e-03	6.336249785006007e-03	7.698872650507847e-16	-9.094947017729280e-19	2.957834693272139e+05	2.036259677404974e+04	8.534704998557480e-03	3.955871424559157e+04	8.962622386633791e+03	9.540965943614547e+03	3.305397093013938e-17	-inf	
24	0.000000000000000e+00	8.000000000000000e-01	2.198455213551474e-03	6.336249785006007e-03	-6.757545634172870e-16	0.000000000000000e+00	2.957834693272139e+05	2.036259677404974e+04	8.534704998557480e-03	3.955871424559157e+04	8.962622386633791e+03	9.540965943614547e+03	2.901250237963218e-17	-inf	
25	2.000000000000000e-01	8.000000000000000e-01	2.198455213551474e-03	6.336249785006008e-03	-3.858531272271642e-16	2.355591277591912e-16	2.957834693272139e+05	2.036259677404974e+04	8.534704998557480e-03	3.955871424559154e+04	8.962622386633786e+03	9.540965943614547e+03	1.940910721135443e-17	-inf	
26	3.999999999999999e-01	8.000000000000000e-01	2.198455213551474e-03	6.336249785006008e-03	-9.094947017729284e-19	0.000000000000000e+00	2.957834693272139e+05	2.036259677404974e+04	8.534704998557480e-03	3.955871424559154e+04	8.962622386633786e+03	9.540965943614547e+03	3.904778247595173e-20	-inf	
27	6.000000000000000e-01	8.000000000000000e-01	2.198455213551474e-03	6.336249785006008e-03	0.000000000000000e+00	-2.250999386888034e-16	2.957834693272139e+05	2.036259677404974e+04	8.534704998557480e-03	3.955871424559154e+04	8.962622386633786e+03	9.540965943614547e+03	9.664326162798208e-18	-inf	
28	8.000000000000000e-01	8.000000000000000e-01	2.198455213551474e-03	6.336249785006008e-03	0.000000000000000e+00	3.801687853410833e-16	2.957834693272139e+05	2.036259677404974e+04	8.534704998557480e-03	3.955871424559154e+04	8.962622386633786e+03	9.540965943614547e+03	1.632197307494779e-17	-inf	
29	1.000000000000000e+00	8.000000000000000e-01	2.198455213551474e-03	6.336249785006008e-03	-9.549694368615727e-17	-3.685727278934795e-16	2.957834693272139e+05	2.036259677404974e+04	8.534704998557480e-03	3.955871424559154e+04	8.962622386633786e+03	9.540965943614547e+03	1.634664246255368e-17	-inf	
30	0.000000000000000e+00	1.000000000000000e+00	2.198455213551474e-03	6.336249785006008e-03	1.818989403545857e-18	-7.667040335945773e-16	2.957834693272139e+05	2.036259677404974e+04	8.534704998557480e-03	3.955871424559154e+04	8.962622386633786e+03	9.540965943614547e+03	3.291737326715021e-17	-inf	
31	2.000000000000000e-01	1.000000000000000e+00	2.198455213551474e-03	6.336249785006008e-03	0.000000000000000e+00	0.000000000000000e+00	2.957834693272139e+05	2.036259677404974e+04	8.534704998557480e-03	3.955871424559154e+04	8.962622386633786e+03	9.540965943614547e+03	0.000000000000000e+00	-inf	
32	3.999999999999999e-01	1.000000000000000e+00	2.198455213551474e-03	6.336249785006008e-03	0.000000000000000e+00	0.000000000000000e+00	2.957834693272139e+05	2.036259677404974e+04	8.534704998557480e-03	3.955871424559154e+04	8.962622386633786e+03	9.540965943614547e+03	0.000000000000000e+00	-inf	
33	6.000000000000000e-01	1.000000000000000e+00	2.198455213551474e-03	6.336249785006008e-03	3.888089850079261e-16	-8.731149137020095e-17	2.957834693272139e+05	2.036259677404974e+04	8.534704998557480e-03	3.955871424559154e+04	8.962622386633786e+03	9.540965943614547e+03	1.710864452518102e-17	-inf	
34	8.000000000000000e-01	1.000000000000000e+00	2.198455213551474e-03	6.336249785006007e-03	0.000000000000000e+00	8.330971468240004e-16	2.957834693272139e+05	2.036259677404974e+04	8.534704998557480e-03	3.955871424559157e+04	8.962622386633791e+03	9.540965943614547e+03	3.576776874797169e-17	-inf	
35	1.000000000000000e+00	1.000000000000000e+00	2.198455213551474e-03	6.336249785006008e-03	-7.757989806123063e-16	-1.837179297581330e-16	2.957834693272139e+05	2.036259677404974e+04	8.534704998557480e-03	3.955871424559154e+04	8.962622386633786e+03	9.540965943614547e+03	3.422896183231040e-17	-inf	
EXT_ITER= 2478
AOA= 0.000000000000000e+00
SIDESLIP_ANGLE= 0.000000000000000e+00
INITIAL_BCTHRUST= 4.000000000000000e+03
DCD_DCL_VALUE= 0.000000000000000e+00
DCMX_DCL_VALUE= 0.000000000000000e+00
DCMY_DCL_VALUE= 0.000000000000000e+00
DCMZ_DCL_VALUE= 0.000000000000000e+00
