"PointID"	"x"	"y"	"Density[0]"	"Density[1]"	"Momentum_x"	"Momentum_y"	"Energy"	"Electronic_Energy"	"Total_Density"	"Pressure"	"Temperature"	"Tve"	"Mach"	"C<sub>p</sub>"
0	0.000000000000000e+00	0.000000000000000e+00	2.365253890512804e-03	6.169451108044679e-03	0.000000000000000e+00	0.000000000000000e+00	2.957834693272139e+05	2.493254468915314e+04	8.534704998557484e-03	3.987113168443082e+04	9.135876973530647e+03	1.041595337236883e+04	0.000000000000000e+00	-inf	
1	2.000000000000000e-01	0.000000000000000e+00	2.365253890512804e-03	6.169451108044679e-03	0.000000000000000e+00	3.419700078666264e-16	2.957834693272139e+05	2.493254468915314e+04	8.534704998557484e-03	3.987113168443082e+04	9.135876973530647e+03	1.041595337236883e+04	1.464602952982854e-17	-inf	
2	4.000000000000000e-01	0.000000000000000e+00	2.365253890512804e-03	6.169451108044679e-03	0.000000000000000e+00	-2.455635694786936e-16	2.957834693272139e+05	2.493254468915314e+04	8.534704998557484e-03	3.987113168443082e+04	9.135876973530647e+03	1.041595337236883e+04	1.051709567301514e-17	-inf	
3	6.000000000000001e-01	0.000000000000000e+00	2.365253890512804e-03	6.169451108044679e-03	0.000000000000000e+00	-9.003997547551973e-17	2.957834693272139e+05	2.493254468915314e+04	8.534704998557484e-03	3.987113168443082e+04	9.135876973530647e+03	1.041595337236883e+04	3.856268413438831e-18	-inf	
4	8.000000000000000e-01	0.000000000000000e+00	2.365253890512804e-03	6.169451108044679e-03	5.009042070014408e-16	0.000000000000000e+00	2.957834693272139e+05	2.493254468915314e+04	8.534704998557484e-03	3.987113168443082e+04	9.135876973530647e+03	1.041595337236883e+04	2.145292756264083e-17	-inf	
5	1.000000000000000e+00	0.000000000000000e+00	2.365253890512804e-03	6.169451108044679e-03	9.722498361952592e-16	8.367351256310921e-17	2.957834693272139e+05	2.493254468915314e+04	8.534704998557484e-03	3.987113168443082e+04	9.135876973530647e+03	1.041595337236883e+04	4.179382949429071e-17	-inf	
6	0.000000000000000e+00	2.000000000000000e-01	2.365253890512804e-03	6.169451108044679e-03	0.000000000000000e+00	0.000000000000000e+00	2.957834693272139e+05	2.493254468915314e+04	8.534704998557484e-03	3.987113168443082e+04	9.135876973530647e+03	1.041595337236883e+04	0.000000000000000e+00	-inf	
7	2.000000000000000e-01	2.000000000000000e-01	2.365253890512804e-03	6.169451108044679e-03	-1.368789526168276e-16	-1.818989403545857e-18	2.957834693272139e+05	2.493254468915314e+04	8.534704998557484e-03	3.987113168443082e+04	9.135876973530647e+03	1.041595337236883e+04	5.862824646991214e-18	-inf	
8	4.000000000000000e-01	2.000000000000000e-01	2.365253890512804e-03	6.169451108044679e-03	-1.700755092315402e-16	5.027231964049865e-16	2.957834693272139e+05	2.493254468915314e+04	8.534704998557484e-03	3.987113168443082e+04	9.135876973530647e+03	1.041595337236883e+04	2.272959068915326e-17	-inf	
9	5.999999999999999e-01	2.000000000000000e-01	2.365253890512804e-03	6.169451108044679e-03	0.000000000000000e+00	5.461515684146423e-16	2.957834693272139e+05	2.493254468915314e+04	8.534704998557484e-03	3.987113168443082e+04	9.135876973530647e+03	1.041595337236883e+04	2.339079982090927e-17	-inf	
10	7.999999999999999e-01	2.000000000000000e-01	2.365253890512804e-03	6.169451108044679e-03	4.936282493872559e-16	-8.185452315956406e-17	2.957834693272139e+05	2.493254468915314e+04	8.534704998557484e-03	3.987113168443082e+04	9.135876973530647e+03	1.041595337236883e+04	2.143000016840250e-17	-inf	
11	1.000000000000000e+00	2.000000000000000e-01	2.365253890512804e-03	6.169451108044679e-03	9.795257938094422e-16	-4.883986548520617e-16	2.957834693272139e+05	2.493254468915314e+04	8.534704998557484e-03	3.987113168443082e+04	9.135876973530647e+03	1.041595337236883e+04	4.687713122614180e-17	-inf	
12	0.000000000000000e+00	3.999999999999999e-01	2.365253890512804e-03	6.169451108044679e-03	-3.828972694464091e-16	0.000000000000000e+00	2.957834693272139e+05	2.493254468915314e+04	8.534704998557484e-03	3.987113168443082e+04	9.135876973530647e+03	1.041595337236883e+04	1.639887880866442e-17	-inf	
13	2.000000000000000e-01	3.999999999999999e-01	2.365253890512804e-03	6.169451108044679e-03	5.956688402352376e-16	0.000000000000000e+00	2.957834693272139e+05	2.493254468915314e+04	8.534704998557484e-03	3.987113168443082e+04	9.135876973530647e+03	1.041595337236883e+04	2.551154552561399e-17	-inf	
14	3.999999999999999e-01	4.000000000000001e-01	2.365253890512804e-03	6.169451108044679e-03	4.610636243728433e-16	0.000000000000000e+00	2.957834693272139e+05	2.493254468915314e+04	8.534704998557484e-03	3.987113168443082e+04	9.135876973530647e+03	1.041595337236883e+04	1.974661900855387e-17	-inf	
15	6.000000000000001e-01	4.000000000000000e-01	2.365253890512804e-03	6.169451108044679e-03	-5.229594535194334e-16	-9.094947017729280e-19	2.957834693272139e+05	2.493254468915314e+04	8.534704998557484e-03	3.987113168443082e+04	9.135876973530647e+03	1.041595337236883e+04	2.239755243436037e-17	-inf	
16	8.000000000000000e-01	4.000000000000000e-01	2.365253890512804e-03	6.169451108044679e-03	-5.029505700804287e-16	0.000000000000000e+00	2.957834693272139e+05	2.493254468915314e+04	8.534704998557484e-03	3.987113168443082e+04	9.135876973530647e+03	1.041595337236883e+04	2.154057002658258e-17	-inf	
17	1.000000000000000e+00	4.000000000000000e-01	2.365253890512804e-03	6.169451108044679e-03	0.000000000000000e+00	0.000000000000000e+00	2.957834693272139e+05	2.493254468915314e+04	8.534704998557484e-03	3.987113168443082e+04	9.135876973530647e+03	1.041595337236883e+04	0.000000000000000e+00	-inf	
18	0.000000000000000e+00	6.000000000000000e-01	2.365253890512804e-03	6.169451108044679e-03	2.455635694786936e-16	5.009042070014407e-16	2.957834693272139e+05	2.493254468915314e+04	8.534704998557484e-03	3.987113168443082e+04	9.135876973530647e+03	1.041595337236883e+04	2.389220379963449e-17	-inf	
19	2.000000000000000e-01	6.000000000000000e-01	2.365253890512804e-03	6.169451108044679e-03	-8.740578518904315e-18	1.818989403545857e-18	2.957834693272139e+05	2.493254468915314e+04	8.534704998557484e-03	3.987113168443082e+04	9.135876973530647e+03	1.041595337236883e+04	3.823653947554414e-19	-inf	
20	4.000000000000001e-01	6.000000000000002e-01	2.365253890512804e-03	6.169451108044679e-03	0.000000000000000e+00	-5.027231964049869e-16	2.957834693272139e+05	2.493254468915314e+04	8.534704998557484e-03	3.987113168443082e+04	9.135876973530647e+03	1.041595337236883e+04	2.153083197503355e-17	-inf	
21	6.000000000000000e-01	6.000000000000001e-01	2.365253890512804e-03	6.169451108044679e-03	8.740578518904150e-18	-5.029505700804283e-16	2.957834693272139e+05	2.493254468915314e+04	8.534704998557484e-03	3.987113168443082e+04	9.135876973530647e+03	1.041595337236883e+04	2.154382257789326e-17	-inf	
22	8.000000000000000e-01	6.000000000000001e-01	2.365253890512804e-03	6.169451108044679e-03	5.038600647822015e-16	-9.094947017729286e-19	2.957834693272139e+05	2.493254468915314e+04	8.534704998557484e-03	3.987113168443082e+04	9.135876973530647e+03	1.041595337236883e+04	2.157955738817104e-17	-inf	
23	1.000000000000000e+00	6.000000000000001e-01	2.365253890512804e-03	6.169451108044679e-03	1.046828401740640e-15	-9.094947017729280e-19	2.957834693272139e+05	2.493254468915314e+04	8.534704998557484e-03	3.987113168443082e+04	9.135876973530647e+03	1.041595337236883e+04	4.483400625302571e-17	-inf	
24	0.000000000000000e+00	8.000000000000000e-01	2.365253890512804e-03	6.169451108044679e-03	-9.586074156686658e-16	0.000000000000000e+00	2.957834693272139e+05	2.493254468915314e+04	8.534704998557484e-03	3.987113168443082e+04	9.135876973530647e+03	1.041595337236883e+04	4.105562533095488e-17	-inf	
25	2.000000000000000e-01	8.000000000000000e-01	2.365253890512804e-03	6.169451108044679e-03	-5.029505700804283e-16	1.359694579150546e-16	2.957834693272139e+05	2.493254468915314e+04	8.534704998557484e-03	3.987113168443082e+04	9.135876973530647e+03	1.041595337236883e+04	2.231384365150333e-17	-inf	
26	3.999999999999999e-01	8.000000000000000e-01	2.365253890512804e-03	6.169451108044679e-03	-9.094947017729284e-19	0.000000000000000e+00	2.957834693272139e+05	2.493254468915314e+04	8.534704998557484e-03	3.987113168443082e+04	9.135876973530647e+03	1.041595337236883e+04	3.895220619635192e-20	-inf	
27	6.000000000000000e-01	8.000000000000000e-01	2.365253890512804e-03	6.169451108044679e-03	0.000000000000000e+00	-1.223270373884603e-16	2.957834693272139e+05	2.493254468915314e+04	8.534704998557484e-03	3.987113168443082e+04	9.135876973530647e+03	1.041595337236883e+04	5.239071733409395e-18	-inf	
28	8.000000000000000e-01	8.000000000000000e-01	2.365253890512804e-03	6.169451108044679e-03	0.000000000000000e+00	5.009042070014399e-16	2.957834693272139e+05	2.493254468915314e+04	8.534704998557484e-03	3.987113168443082e+04	9.135876973530647e+03	1.041595337236883e+04	2.145292756264079e-17	-inf	
29	1.000000000000000e+00	8.000000000000000e-01	2.365253890512804e-03	6.169451108044679e-03	-8.822098607197387e-17	-4.949924914399151e-16	2.957834693272139e+05	2.493254468915314e+04	8.534704998557484e-03	3.987113168443082e+04	9.135876973530647e+03	1.041595337236883e+04	2.153380912010652e-17	-inf	
30	0.000000000000000e+00	1.000000000000000e+00	2.365253890512804e-03	6.169451108044679e-03	1.818989403545857e-18	-1.003627403406428e-15	2.957834693272139e+05	2.493254468915314e+04	8.534704998557484e-03	3.987113168443082e+04	9.135876973530647e+03	1.041595337236883e+04	4.298383013518089e-17	-inf	
31	2.000000000000000e-01	1.000000000000000e+00	2.365253890512804e-03	6.169451108044679e-03	0.000000000000000e+00	0.000000000000000e+00	2.957834693272139e+05	2.493254468915314e+04	8.534704998557484e-03	3.987113168443082e+04	9.135876973530647e+03	1.041595337236883e+04	0.000000000000000e+00	-inf	
32	3.999999999999999e-01	1.000000000000000e+00	2.365253890512804e-03	6.169451108044679e-03	0.000000000000000e+00	0.000000000000000e+00	2.957834693272139e+05	2.493254468915314e+04	8.534704998557484e-03	3.987113168443082e+04	9.135876973530647e+03	1.041595337236883e+04	0.000000000000000e+00	-inf	
33	6.000000000000000e-01	1.000000000000000e+00	2.365253890512804e-03	6.169451108044679e-03	5.052243068348606e-16	-8.731149137020095e-17	2.957834693272139e+05	2.493254468915314e+04	8.534704998557484e-03	3.987113168443082e+04	9.135876973530647e+03	1.041595337236883e+04	2.195869085880754e-17	-inf	
34	8.000000000000000e-01	1.000000000000000e+00	2.365253890512804e-03	6.169451108044679e-03	0.000000000000000e+00	1.009993866318839e-15	2.957834693272139e+05	2.493254468915314e+04	8.534704998557484e-03	3.987113168443082e+04	9.135876973530647e+03	1.041595337236883e+04	4.325642498104888e-17	-inf	
35	1.000000000000000e+00	1.000000000000000e+00	2.365253890512804e-03	6.169451108044679e-03	-1.008629624266175e-15	-7.594280759803933e-17	2.957834693272139e+05	2.493254468915314e+04	8.534704998557484e-03	3.987113168443082e+04	9.135876973530647e+03	1.041595337236883e+04	4.332026930505079e-17	-inf	
EXT_ITER= 1420
AOA= 0.000000000000000e+00
SIDESLIP_ANGLE= 0.000000000000000e+00
INITIAL_BCTHRUST= 4.000000000000000e+03
DCD_DCL_VALUE= 0.000000000000000e+00
DCMX_DCL_VALUE= 0.000000000000000e+00
DCMY_DCL_VALUE= 0.000000000000000e+00
DCMZ_DCL_VALUE= 0.000000000000000e+00
