"PointID"	"x"	"y"	"Density[0]"	"Density[1]"	"Momentum_x"	"Momentum_y"	"Energy"	"Electronic_Energy"	"Total_Density"	"Pressure"	"Temperature"	"Tve"	"Mach"	"C<sub>p</sub>"
0	0.000000000000000e+00	0.000000000000000e+00	2.041014476477870e-03	6.493690522079610e-03	0.000000000000000e+00	0.000000000000000e+00	2.957834693272139e+05	1.713089522502176e+04	8.534704998557480e-03	3.859153919487279e+04	8.651895568825696e+03	8.903875951565451e+03	0.000000000000000e+00	-inf	
1	2.000000000000000e-01	0.000000000000000e+00	2.041014476477870e-03	6.493690522079610e-03	0.000000000000000e+00	9.458744898438234e-16	2.957834693272139e+05	1.713089522502176e+04	8.534704998557480e-03	3.859153919487279e+04	8.651895568825696e+03	8.903875951565451e+03	4.105846668728723e-17	-inf	
2	4.000000000000000e-01	0.000000000000000e+00	2.041014476477870e-03	6.493690522079610e-03	0.000000000000000e+00	-7.466951501555564e-16	2.957834693272139e+05	1.713089522502176e+04	8.534704998557480e-03	3.859153919487279e+04	8.651895568825696e+03	8.903875951565451e+03	3.241250110602192e-17	-inf	
3	6.000000000000001e-01	0.000000000000000e+00	2.041014476477870e-03	6.493690522079610e-03	0.000000000000000e+00	-3.551576810423342e-16	2.957834693272139e+05	1.713089522502176e+04	8.534704998557480e-03	3.859153919487279e+04	8.651895568825696e+03	8.903875951565451e+03	1.541666465517912e-17	-inf	
4	8.000000000000000e-01	0.000000000000000e+00	2.041014476477870e-03	6.493690522079610e-03	1.321041054325172e-16	0.000000000000000e+00	2.957834693272139e+05	1.713089522502176e+04	8.534704998557480e-03	3.859153919487279e+04	8.651895568825696e+03	8.903875951565451e+03	5.734367583008252e-18	-inf	
5	1.000000000000000e+00	0.000000000000000e+00	2.041014476477871e-03	6.493690522079610e-03	2.055458026006792e-16	2.733031578827686e-16	2.957834693272139e+05	1.713089522502176e+04	8.534704998557480e-03	3.859153919487279e+04	8.651895568825696e+03	8.903875951565451e+03	1.484422800401019e-17	-inf	
6	0.000000000000000e+00	2.000000000000000e-01	2.041014476477870e-03	6.493690522079610e-03	0.000000000000000e+00	0.000000000000000e+00	2.957834693272139e+05	1.713089522502176e+04	8.534704998557480e-03	3.859153919487279e+04	8.651895568825696e+03	8.903875951565451e+03	0.000000000000000e+00	-inf	
7	2.000000000000000e-01	2.000000000000000e-01	2.041014476477870e-03	6.493690522079610e-03	-3.760760591830968e-16	-1.818989403545857e-18	2.957834693272139e+05	1.713089522502176e+04	8.534704998557480e-03	3.859153919487279e+04	8.651895568825696e+03	8.903875951565451e+03	1.632487938841858e-17	-inf	
8	4.000000000000000e-01	2.000000000000000e-01	2.041014476477870e-03	6.493690522079610e-03	-4.720277502201386e-16	1.339230948360630e-16	2.957834693272139e+05	1.713089522502176e+04	8.534704998557480e-03	3.859153919487279e+04	8.651895568825696e+03	8.903875951565451e+03	2.129846900999250e-17	-inf	
9	5.999999999999999e-01	2.000000000000000e-01	2.041014476477870e-03	6.493690522079610e-03	0.000000000000000e+00	3.146851668134380e-16	2.957834693272139e+05	1.713089522502176e+04	8.534704998557480e-03	3.859153919487279e+04	8.651895568825696e+03	8.903875951565451e+03	1.365983603250185e-17	-inf	
10	7.999999999999999e-01	2.000000000000000e-01	2.041014476477870e-03	6.493690522079610e-03	1.184616849059241e-16	-2.464730641804654e-16	2.957834693272139e+05	1.713089522502176e+04	8.534704998557480e-03	3.859153919487279e+04	8.651895568825696e+03	8.903875951565451e+03	1.187047683348931e-17	-inf	
11	1.000000000000000e+00	2.000000000000000e-01	2.041014476477871e-03	6.493690522079610e-03	2.160049916710695e-16	-1.032276486512265e-16	2.957834693272139e+05	1.713089522502176e+04	8.534704998557480e-03	3.859153919487279e+04	8.651895568825696e+03	8.903875951565451e+03	1.039201984134194e-17	-inf	
12	0.000000000000000e+00	3.999999999999999e-01	2.041014476477870e-03	6.493690522079610e-03	-1.024091034196306e-15	0.000000000000000e+00	2.957834693272139e+05	1.713089522502176e+04	8.534704998557480e-03	3.859153919487279e+04	8.651895568825696e+03	8.903875951565451e+03	4.445368604796727e-17	-inf	
13	2.000000000000000e-01	3.999999999999999e-01	2.041014476477870e-03	6.493690522079610e-03	3.464340733519600e-16	0.000000000000000e+00	2.957834693272139e+05	1.713089522502176e+04	8.534704998557480e-03	3.859153919487279e+04	8.651895568825696e+03	8.903875951565451e+03	1.503799078291164e-17	-inf	
14	3.999999999999999e-01	4.000000000000001e-01	2.041014476477871e-03	6.493690522079610e-03	9.268505155731174e-17	0.000000000000000e+00	2.957834693272139e+05	1.713089522502176e+04	8.534704998557480e-03	3.859153919487279e+04	8.651895568825696e+03	8.903875951565451e+03	4.023267508148702e-18	-inf	
15	6.000000000000001e-01	4.000000000000000e-01	2.041014476477871e-03	6.493690522079610e-03	-2.596607373561743e-16	-9.094947017729280e-19	2.957834693272139e+05	1.713089522502176e+04	8.534704998557480e-03	3.859153919487279e+04	8.651895568825696e+03	8.903875951565451e+03	1.127140783196805e-17	-inf	
16	8.000000000000000e-01	4.000000000000000e-01	2.041014476477870e-03	6.493690522079610e-03	-1.386979420203713e-16	0.000000000000000e+00	2.957834693272139e+05	1.713089522502176e+04	8.534704998557480e-03	3.859153919487279e+04	8.651895568825696e+03	8.903875951565451e+03	6.020592470972535e-18	-inf	
17	1.000000000000000e+00	4.000000000000000e-01	2.041014476477870e-03	6.493690522079610e-03	0.000000000000000e+00	0.000000000000000e+00	2.957834693272139e+05	1.713089522502176e+04	8.534704998557480e-03	3.859153919487279e+04	8.651895568825696e+03	8.903875951565451e+03	0.000000000000000e+00	-inf	
18	0.000000000000000e+00	6.000000000000000e-01	2.041014476477870e-03	6.493690522079610e-03	7.466951501555564e-16	1.321041054325171e-16	2.957834693272139e+05	1.713089522502176e+04	8.534704998557480e-03	3.859153919487279e+04	8.651895568825696e+03	8.903875951565451e+03	3.291585027801846e-17	-inf	
19	2.000000000000000e-01	6.000000000000000e-01	2.041014476477870e-03	6.493690522079610e-03	-3.086226223188830e-17	1.818989403545857e-18	2.957834693272139e+05	1.713089522502176e+04	8.534704998557480e-03	3.859153919487279e+04	8.651895568825696e+03	8.903875951565451e+03	1.341992195200396e-18	-inf	
20	4.000000000000001e-01	6.000000000000002e-01	2.041014476477870e-03	6.493690522079610e-03	0.000000000000000e+00	-1.339230948360632e-16	2.957834693272139e+05	1.713089522502176e+04	8.534704998557480e-03	3.859153919487279e+04	8.651895568825696e+03	8.903875951565451e+03	5.813326172791503e-18	-inf	
21	6.000000000000000e-01	6.000000000000001e-01	2.041014476477870e-03	6.493690522079610e-03	3.086226223188856e-17	-1.389253156958146e-16	2.957834693272139e+05	1.713089522502176e+04	8.534704998557480e-03	3.859153919487279e+04	8.651895568825696e+03	8.903875951565451e+03	6.177473923928912e-18	-inf	
22	8.000000000000000e-01	6.000000000000001e-01	2.041014476477870e-03	6.493690522079610e-03	1.396074367221440e-16	-9.094947017729286e-19	2.957834693272139e+05	1.713089522502176e+04	8.534704998557480e-03	3.859153919487279e+04	8.651895568825696e+03	8.903875951565451e+03	6.060200361551501e-18	-inf	
23	1.000000000000000e+00	6.000000000000001e-01	2.041014476477871e-03	6.493690522079610e-03	5.202309694141215e-16	-9.094947017729280e-19	2.957834693272139e+05	1.713089522502176e+04	8.534704998557480e-03	3.859153919487279e+04	8.651895568825696e+03	8.903875951565451e+03	2.258219118785558e-17	-inf	
24	0.000000000000000e+00	8.000000000000000e-01	2.041014476477871e-03	6.493690522079610e-03	-1.664375304244470e-16	0.000000000000000e+00	2.957834693272139e+05	1.713089522502176e+04	8.534704998557480e-03	3.859153919487279e+04	8.651895568825696e+03	8.903875951565451e+03	7.224710965167105e-18	-inf	
25	2.000000000000000e-01	8.000000000000000e-01	2.041014476477870e-03	6.493690522079610e-03	-1.389253156958146e-16	3.751665644813239e-16	2.957834693272139e+05	1.713089522502176e+04	8.534704998557480e-03	3.859153919487279e+04	8.651895568825696e+03	8.903875951565451e+03	1.736590084943166e-17	-inf	
26	3.999999999999999e-01	8.000000000000000e-01	2.041014476477870e-03	6.493690522079610e-03	-9.094947017729284e-19	0.000000000000000e+00	2.957834693272139e+05	1.713089522502176e+04	8.534704998557480e-03	3.859153919487279e+04	8.651895568825696e+03	8.903875951565451e+03	3.947929489162326e-20	-inf	
27	6.000000000000000e-01	8.000000000000000e-01	2.041014476477870e-03	6.493690522079610e-03	0.000000000000000e+00	-4.238245310261715e-16	2.957834693272139e+05	1.713089522502176e+04	8.534704998557480e-03	3.859153919487279e+04	8.651895568825696e+03	8.903875951565451e+03	1.839735141949587e-17	-inf	
28	8.000000000000000e-01	8.000000000000000e-01	2.041014476477870e-03	6.493690522079610e-03	0.000000000000000e+00	1.318767317570737e-16	2.957834693272139e+05	1.713089522502176e+04	8.534704998557480e-03	3.859153919487279e+04	8.651895568825696e+03	8.903875951565451e+03	5.724497759285331e-18	-inf	
29	1.000000000000000e+00	8.000000000000000e-01	2.041014476477870e-03	6.493690522079610e-03	-3.533386916387883e-16	-1.189164322568111e-16	2.957834693272139e+05	1.713089522502176e+04	8.534704998557480e-03	3.859153919487279e+04	8.651895568825696e+03	8.903875951565451e+03	1.618303503041159e-17	-inf	
30	0.000000000000000e+00	1.000000000000000e+00	2.041014476477870e-03	6.493690522079610e-03	1.818989403545857e-18	-2.660272002685806e-16	2.957834693272139e+05	1.713089522502176e+04	8.534704998557480e-03	3.859153919487279e+04	8.651895568825696e+03	8.903875951565451e+03	1.154796369654137e-17	-inf	
31	2.000000000000000e-01	1.000000000000000e+00	2.041014476477870e-03	6.493690522079610e-03	0.000000000000000e+00	0.000000000000000e+00	2.957834693272139e+05	1.713089522502176e+04	8.534704998557480e-03	3.859153919487279e+04	8.651895568825696e+03	8.903875951565451e+03	0.000000000000000e+00	-inf	
32	3.999999999999999e-01	1.000000000000000e+00	2.041014476477870e-03	6.493690522079610e-03	0.000000000000000e+00	0.000000000000000e+00	2.957834693272139e+05	1.713089522502176e+04	8.534704998557480e-03	3.859153919487279e+04	8.651895568825696e+03	8.903875951565451e+03	0.000000000000000e+00	-inf	
33	6.000000000000000e-01	1.000000000000000e+00	2.041014476477870e-03	6.493690522079610e-03	1.409716787748031e-16	-2.505657903384449e-16	2.957834693272139e+05	1.713089522502176e+04	8.534704998557480e-03	3.859153919487279e+04	8.651895568825696e+03	8.903875951565451e+03	1.247978229230275e-17	-inf	
34	8.000000000000000e-01	1.000000000000000e+00	2.041014476477871e-03	6.493690522079610e-03	0.000000000000000e+00	5.020410753786550e-16	2.957834693272139e+05	1.713089522502176e+04	8.534704998557480e-03	3.859153919487279e+04	8.651895568825696e+03	8.903875951565451e+03	2.179257078017597e-17	-inf	
35	1.000000000000000e+00	1.000000000000000e+00	2.041014476477870e-03	6.493690522079610e-03	-2.801243681460604e-16	-2.755768946372009e-16	2.957834693272139e+05	1.713089522502176e+04	8.534704998557480e-03	3.859153919487279e+04	8.651895568825696e+03	8.903875951565451e+03	1.705729423402242e-17	-inf	
EXT_ITER= 4515
AOA= 0.000000000000000e+00
SIDESLIP_ANGLE= 0.000000000000000e+00
INITIAL_BCTHRUST= 4.000000000000000e+03
DCD_DCL_VALUE= 0.000000000000000e+00
DCMX_DCL_VALUE= 0.000000000000000e+00
DCMY_DCL_VALUE= 0.000000000000000e+00
DCMZ_DCL_VALUE= 0.000000000000000e+00
