"PointID"	"x"	"y"	"Density[0]"	"Density[1]"	"Momentum_x"	"Momentum_y"	"Energy"	"Electronic_Energy"	"Total_Density"	"Pressure"	"Temperature"	"Tve"	"Mach"	"C<sub>p</sub>"
0	0.000000000000000e+00	0.000000000000000e+00	1.933702810090741e-03	6.601002188466759e-03	0.000000000000000e+00	0.000000000000000e+00	2.957834693272139e+05	1.533614203171850e+04	8.534704998557501e-03	3.767014560643592e+04	8.385449855564346e+03	8.542021558420825e+03	0.000000000000000e+00	-inf	
1	2.000000000000000e-01	0.000000000000000e+00	1.933702810090741e-03	6.601002188466759e-03	0.000000000000000e+00	1.263288140762617e-15	2.957834693272139e+05	1.533614203171850e+04	8.534704998557501e-03	3.767014560643592e+04	8.385449855564346e+03	8.542021558420825e+03	5.545131478088305e-17	-inf	
2	4.000000000000000e-01	0.000000000000000e+00	1.933702810090741e-03	6.601002188466759e-03	0.000000000000000e+00	-9.681571100372631e-16	2.957834693272139e+05	1.533614203171850e+04	8.534704998557501e-03	3.767014560643592e+04	8.385449855564346e+03	8.542021558420825e+03	4.249670596418135e-17	-inf	
3	6.000000000000001e-01	0.000000000000000e+00	1.933702810090741e-03	6.601002188466759e-03	0.000000000000000e+00	-8.026290743145868e-16	2.957834693272139e+05	1.533614203171850e+04	8.534704998557501e-03	3.767014560643592e+04	8.385449855564346e+03	8.542021558420825e+03	3.523094693601666e-17	-inf	
4	8.000000000000000e-01	0.000000000000000e+00	1.933702810090741e-03	6.601002188466759e-03	2.073647920042277e-16	0.000000000000000e+00	2.957834693272139e+05	1.533614203171850e+04	8.534704998557501e-03	3.767014560643592e+04	8.385449855564346e+03	8.542021558420825e+03	9.102159661656684e-18	-inf	
5	1.000000000000000e+00	0.000000000000000e+00	1.933702810090741e-03	6.601002188466759e-03	3.565219230949867e-16	-1.637090463191269e-17	2.957834693272139e+05	1.533614203171851e+04	8.534704998557501e-03	3.767014560643594e+04	8.385449855564349e+03	8.542021558420825e+03	1.566581672553662e-17	-inf	
6	0.000000000000000e+00	2.000000000000000e-01	1.933702810090741e-03	6.601002188466759e-03	0.000000000000000e+00	0.000000000000000e+00	2.957834693272139e+05	1.533614203171850e+04	8.534704998557501e-03	3.767014560643592e+04	8.385449855564346e+03	8.542021558420825e+03	0.000000000000000e+00	-inf	
7	2.000000000000000e-01	2.000000000000000e-01	1.933702810090741e-03	6.601002188466759e-03	-5.572928785113621e-16	-1.818989403545857e-18	2.957834693272139e+05	1.533614203171850e+04	8.534704998557501e-03	3.767014560643592e+04	8.385449855564346e+03	8.542021558420825e+03	2.446218439391434e-17	-inf	
8	4.000000000000000e-01	2.000000000000000e-01	1.933702810090741e-03	6.601002188466759e-03	-6.307345756795357e-16	2.091837814077735e-16	2.957834693272139e+05	1.533614203171850e+04	8.534704998557501e-03	3.767014560643592e+04	8.385449855564346e+03	8.542021558420825e+03	2.916863280921791e-17	-inf	
9	5.999999999999999e-01	2.000000000000000e-01	1.933702810090741e-03	6.601002188466759e-03	0.000000000000000e+00	6.198206392582556e-16	2.957834693272139e+05	1.533614203171850e+04	8.534704998557501e-03	3.767014560643592e+04	8.385449855564346e+03	8.542021558420825e+03	2.720667460271525e-17	-inf	
10	7.999999999999999e-01	2.000000000000000e-01	1.933702810090741e-03	6.601002188466759e-03	1.978150976356126e-16	-4.122284735785676e-16	2.957834693272139e+05	1.533614203171850e+04	8.534704998557501e-03	3.767014560643592e+04	8.385449855564346e+03	8.542021558420825e+03	2.007003593343723e-17	-inf	
11	1.000000000000000e+00	2.000000000000000e-01	1.933702810090741e-03	6.601002188466759e-03	3.587956598494209e-16	-1.775788405211642e-16	2.957834693272139e+05	1.533614203171851e+04	8.534704998557501e-03	3.767014560643594e+04	8.385449855564349e+03	8.542021558420825e+03	1.757250234451647e-17	-inf	
12	0.000000000000000e+00	3.999999999999999e-01	1.933702810090741e-03	6.601002188466759e-03	-1.264197635464407e-15	0.000000000000000e+00	2.957834693272139e+05	1.533614203171850e+04	8.534704998557501e-03	3.767014560643592e+04	8.385449855564346e+03	8.542021558420825e+03	5.549123653378575e-17	-inf	
13	2.000000000000000e-01	3.999999999999999e-01	1.933702810090741e-03	6.601002188466759e-03	5.144795359446749e-16	0.000000000000000e+00	2.957834693272139e+05	1.533614203171850e+04	8.534704998557501e-03	3.767014560643592e+04	8.385449855564346e+03	8.542021558420825e+03	2.258278675739707e-17	-inf	
14	3.999999999999999e-01	4.000000000000001e-01	1.933702810090741e-03	6.601002188466759e-03	1.590944812269009e-16	0.000000000000000e+00	2.957834693272139e+05	1.533614203171851e+04	8.534704998557501e-03	3.767014560643594e+04	8.385449855564349e+03	8.542021558420825e+03	6.983361810939295e-18	-inf	
15	6.000000000000001e-01	4.000000000000000e-01	1.933702810090741e-03	6.601002188466759e-03	-5.650235834764364e-16	-9.094947017729280e-19	2.957834693272139e+05	1.533614203171851e+04	8.534704998557501e-03	3.767014560643594e+04	8.385449855564349e+03	8.542021558420825e+03	2.480142112053216e-17	-inf	
16	8.000000000000000e-01	4.000000000000000e-01	1.933702810090741e-03	6.601002188466759e-03	-2.175966073991734e-16	0.000000000000000e+00	2.957834693272139e+05	1.533614203171850e+04	8.534704998557501e-03	3.767014560643592e+04	8.385449855564346e+03	8.542021558420825e+03	9.551279381804230e-18	-inf	
17	1.000000000000000e+00	4.000000000000000e-01	1.933702810090741e-03	6.601002188466759e-03	0.000000000000000e+00	0.000000000000000e+00	2.957834693272139e+05	1.533614203171850e+04	8.534704998557501e-03	3.767014560643592e+04	8.385449855564346e+03	8.542021558420825e+03	0.000000000000000e+00	-inf	
18	0.000000000000000e+00	6.000000000000000e-01	1.933702810090741e-03	6.601002188466759e-03	9.681571100372631e-16	2.073647920042276e-16	2.957834693272139e+05	1.533614203171850e+04	8.534704998557501e-03	3.767014560643592e+04	8.385449855564346e+03	8.542021558420825e+03	4.346054910274808e-17	-inf	
19	2.000000000000000e-01	6.000000000000000e-01	1.933702810090741e-03	6.601002188466759e-03	7.369148122905674e-18	1.818989403545857e-18	2.957834693272139e+05	1.533614203171850e+04	8.534704998557501e-03	3.767014560643592e+04	8.385449855564346e+03	8.542021558420825e+03	3.331730960388701e-19	-inf	
20	4.000000000000001e-01	6.000000000000002e-01	1.933702810090741e-03	6.601002188466759e-03	0.000000000000000e+00	-2.091837814077737e-16	2.957834693272139e+05	1.533614203171850e+04	8.534704998557501e-03	3.767014560643592e+04	8.385449855564346e+03	8.542021558420825e+03	9.182003167460696e-18	-inf	
21	6.000000000000000e-01	6.000000000000001e-01	1.933702810090741e-03	6.601002188466759e-03	-7.369148122905279e-18	-2.203250915044925e-16	2.957834693272139e+05	1.533614203171850e+04	8.534704998557501e-03	3.767014560643592e+04	8.385449855564346e+03	8.542021558420825e+03	9.676452540329389e-18	-inf	
22	8.000000000000000e-01	6.000000000000001e-01	1.933702810090741e-03	6.601002188466759e-03	2.185061021009461e-16	-9.094947017729286e-19	2.957834693272139e+05	1.533614203171850e+04	8.534704998557501e-03	3.767014560643592e+04	8.385449855564346e+03	8.542021558420825e+03	9.591284218119322e-18	-inf	
23	1.000000000000000e+00	6.000000000000001e-01	1.933702810090741e-03	6.601002188466759e-03	1.130956661654646e-15	-9.094947017729280e-19	2.957834693272139e+05	1.533614203171851e+04	8.534704998557501e-03	3.767014560643594e+04	8.385449855564349e+03	8.542021558420825e+03	4.964271578581097e-17	-inf	
24	0.000000000000000e+00	8.000000000000000e-01	1.933702810090741e-03	6.601002188466759e-03	-3.246896085329374e-16	0.000000000000000e+00	2.957834693272139e+05	1.533614203171851e+04	8.534704998557501e-03	3.767014560643594e+04	8.385449855564349e+03	8.542021558420825e+03	1.425206578601515e-17	-inf	
25	2.000000000000000e-01	8.000000000000000e-01	1.933702810090741e-03	6.601002188466759e-03	-2.203250915044925e-16	5.563833838095889e-16	2.957834693272139e+05	1.533614203171850e+04	8.534704998557501e-03	3.767014560643592e+04	8.385449855564346e+03	8.542021558420825e+03	2.626727340939244e-17	-inf	
26	3.999999999999999e-01	8.000000000000000e-01	1.933702810090741e-03	6.601002188466759e-03	-9.094947017729284e-19	0.000000000000000e+00	2.957834693272139e+05	1.533614203171850e+04	8.534704998557501e-03	3.767014560643592e+04	8.385449855564346e+03	8.542021558420825e+03	3.992175290200300e-20	-inf	
27	6.000000000000000e-01	8.000000000000000e-01	1.933702810090741e-03	6.601002188466759e-03	0.000000000000000e+00	-6.084519554860960e-16	2.957834693272139e+05	1.533614203171850e+04	8.534704998557501e-03	3.767014560643592e+04	8.385449855564346e+03	8.542021558420825e+03	2.670765269144031e-17	-inf	
28	8.000000000000000e-01	8.000000000000000e-01	1.933702810090741e-03	6.601002188466759e-03	0.000000000000000e+00	2.080469130305569e-16	2.957834693272139e+05	1.533614203171850e+04	8.534704998557501e-03	3.767014560643592e+04	8.385449855564346e+03	8.542021558420825e+03	9.132100976333166e-18	-inf	
29	1.000000000000000e+00	8.000000000000000e-01	1.933702810090741e-03	6.601002188466759e-03	-8.008100849110411e-16	-1.941771188285216e-16	2.957834693272139e+05	1.533614203171850e+04	8.534704998557501e-03	3.767014560643592e+04	8.385449855564346e+03	8.542021558420825e+03	3.616969196912188e-17	-inf	
30	0.000000000000000e+00	1.000000000000000e+00	1.933702810090741e-03	6.601002188466759e-03	1.818989403545857e-18	-4.165485734120015e-16	2.957834693272139e+05	1.533614203171850e+04	8.534704998557501e-03	3.767014560643592e+04	8.385449855564346e+03	8.542021558420825e+03	1.828433715908501e-17	-inf	
31	2.000000000000000e-01	1.000000000000000e+00	1.933702810090741e-03	6.601002188466759e-03	0.000000000000000e+00	0.000000000000000e+00	2.957834693272139e+05	1.533614203171850e+04	8.534704998557501e-03	3.767014560643592e+04	8.385449855564346e+03	8.542021558420825e+03	0.000000000000000e+00	-inf	
32	3.999999999999999e-01	1.000000000000000e+00	1.933702810090741e-03	6.601002188466759e-03	0.000000000000000e+00	0.000000000000000e+00	2.957834693272139e+05	1.533614203171850e+04	8.534704998557501e-03	3.767014560643592e+04	8.385449855564346e+03	8.542021558420825e+03	0.000000000000000e+00	-inf	
33	6.000000000000000e-01	1.000000000000000e+00	1.933702810090741e-03	6.601002188466759e-03	2.198703441536054e-16	-5.502442945726205e-16	2.957834693272139e+05	1.533614203171850e+04	8.534704998557501e-03	3.767014560643592e+04	8.385449855564346e+03	8.542021558420825e+03	2.600950647984418e-17	-inf	
34	8.000000000000000e-01	1.000000000000000e+00	1.933702810090741e-03	6.601002188466759e-03	0.000000000000000e+00	2.805791154969433e-16	2.957834693272139e+05	1.533614203171851e+04	8.534704998557501e-03	3.767014560643594e+04	8.385449855564349e+03	8.542021558420825e+03	1.231586077026770e-17	-inf	
35	1.000000000000000e+00	1.000000000000000e+00	1.933702810090741e-03	6.601002188466759e-03	-4.379216989036647e-16	-1.136868377216157e-17	2.957834693272139e+05	1.533614203171850e+04	8.534704998557501e-03	3.767014560643592e+04	8.385449855564346e+03	8.542021558420825e+03	1.922880037045418e-17	-inf	
EXT_ITER= 7086
AOA= 0.000000000000000e+00
SIDESLIP_ANGLE= 0.000000000000000e+00
INITIAL_BCTHRUST= 4.000000000000000e+03
DCD_DCL_VALUE= 0.000000000000000e+00
DCMX_DCL_VALUE= 0.000000000000000e+00
DCMY_DCL_VALUE= 0.000000000000000e+00
DCMZ_DCL_VALUE= 0.000000000000000e+00
