"PointID"	"x"	"y"	"Density[0]"	"Density[1]"	"Momentum_x"	"Momentum_y"	"Energy"	"Electronic_Energy"	"Total_Density"	"Pressure"	"Temperature"	"Tve"	"Mach"	"C<sub>p</sub>"
0	0.000000000000000e+00	0.000000000000000e+00	1.898635477367415e-03	6.636069521190095e-03	0.000000000000000e+00	0.000000000000000e+00	2.957834693272139e+05	1.478396009864670e+04	8.534704998557510e-03	3.734539439198626e+04	8.293943668550475e+03	8.429178476608864e+03	0.000000000000000e+00	-inf	
1	2.000000000000000e-01	0.000000000000000e+00	1.898635477367415e-03	6.636069521190095e-03	0.000000000000000e+00	1.357420842396128e-15	2.957834693272139e+05	1.478396009864670e+04	8.534704998557510e-03	3.734539439198626e+04	8.293943668550475e+03	8.429178476608864e+03	5.982346376407260e-17	-inf	
2	4.000000000000000e-01	0.000000000000000e+00	1.898635477367415e-03	6.636069521190095e-03	0.000000000000000e+00	-1.074113242793823e-15	2.957834693272139e+05	1.478396009864670e+04	8.534704998557510e-03	3.734539439198626e+04	8.293943668550475e+03	8.429178476608864e+03	4.733769561498674e-17	-inf	
3	6.000000000000001e-01	0.000000000000000e+00	1.898635477367415e-03	6.636069521190095e-03	0.000000000000000e+00	-1.023181539494533e-15	2.957834693272139e+05	1.478396009864670e+04	8.534704998557510e-03	3.734539439198626e+04	8.293943668550475e+03	8.429178476608864e+03	4.509306313874659e-17	-inf	
4	8.000000000000000e-01	0.000000000000000e+00	1.898635477367415e-03	6.636069521190095e-03	3.326476871734486e-16	0.000000000000000e+00	2.957834693272139e+05	1.478396009864670e+04	8.534704998557510e-03	3.734539439198626e+04	8.293943668550475e+03	8.429178476608864e+03	1.466025586044156e-17	-inf	
5	1.000000000000000e+00	0.000000000000000e+00	1.898635477367415e-03	6.636069521190095e-03	6.289155862759807e-16	-1.164153218269347e-16	2.957834693272139e+05	1.478396009864671e+04	8.534704998557510e-03	3.734539439198624e+04	8.293943668550470e+03	8.429178476608864e+03	2.818805190329655e-17	-inf	
6	0.000000000000000e+00	2.000000000000000e-01	1.898635477367415e-03	6.636069521190095e-03	0.000000000000000e+00	0.000000000000000e+00	2.957834693272139e+05	1.478396009864670e+04	8.534704998557510e-03	3.734539439198626e+04	8.293943668550475e+03	8.429178476608864e+03	0.000000000000000e+00	-inf	
7	2.000000000000000e-01	2.000000000000000e-01	1.898635477367415e-03	6.636069521190095e-03	-6.671143637504577e-16	-1.818989403545857e-18	2.957834693272139e+05	1.478396009864670e+04	8.534704998557510e-03	3.734539439198626e+04	8.293943668550475e+03	8.429178476608864e+03	2.940078645793832e-17	-inf	
8	4.000000000000000e-01	2.000000000000000e-01	1.898635477367415e-03	6.636069521190095e-03	-6.778009264962910e-16	3.344666765769944e-16	2.957834693272139e+05	1.478396009864670e+04	8.534704998557510e-03	3.734539439198626e+04	8.293943668550475e+03	8.429178476608864e+03	3.331059056474553e-17	-inf	
9	5.999999999999999e-01	2.000000000000000e-01	1.898635477367415e-03	6.636069521190095e-03	0.000000000000000e+00	8.581082511227563e-16	2.957834693272139e+05	1.478396009864670e+04	8.534704998557510e-03	3.734539439198626e+04	8.293943668550475e+03	8.429178476608864e+03	3.781804895236250e-17	-inf	
10	7.999999999999999e-01	2.000000000000000e-01	1.898635477367415e-03	6.636069521190095e-03	3.171862772433091e-16	-5.122728907735961e-16	2.957834693272139e+05	1.478396009864670e+04	8.534704998557510e-03	3.734539439198626e+04	8.293943668550475e+03	8.429178476608864e+03	2.655392277013257e-17	-inf	
11	1.000000000000000e+00	2.000000000000000e-01	1.898635477367415e-03	6.636069521190095e-03	6.234586180653436e-16	-3.126388037344449e-16	2.957834693272139e+05	1.478396009864671e+04	8.534704998557510e-03	3.734539439198624e+04	8.293943668550470e+03	8.429178476608864e+03	3.073783818124278e-17	-inf	
12	0.000000000000000e+00	3.999999999999999e-01	1.898635477367415e-03	6.636069521190095e-03	-1.259195414604668e-15	0.000000000000000e+00	2.957834693272139e+05	1.478396009864670e+04	8.534704998557510e-03	3.734539439198626e+04	8.293943668550475e+03	8.429178476608864e+03	5.549452970275358e-17	-inf	
13	2.000000000000000e-01	3.999999999999999e-01	1.898635477367415e-03	6.636069521190095e-03	6.708244499711739e-16	0.000000000000000e+00	2.957834693272139e+05	1.478396009864670e+04	8.534704998557510e-03	3.734539439198626e+04	8.293943668550475e+03	8.429178476608864e+03	2.956418593371889e-17	-inf	
14	3.999999999999999e-01	4.000000000000001e-01	1.898635477367415e-03	6.636069521190095e-03	2.654171866558880e-16	0.000000000000000e+00	2.957834693272139e+05	1.478396009864671e+04	8.534704998557510e-03	3.734539439198624e+04	8.293943668550470e+03	8.429178476608864e+03	1.169731225007740e-17	-inf	
15	6.000000000000001e-01	4.000000000000000e-01	1.898635477367415e-03	6.636069521190095e-03	-8.074039214989149e-16	-9.094947017729280e-19	2.957834693272139e+05	1.478396009864671e+04	8.534704998557510e-03	3.734539439198624e+04	8.293943668550470e+03	8.429178476608864e+03	3.558345973226934e-17	-inf	
16	8.000000000000000e-01	4.000000000000000e-01	1.898635477367415e-03	6.636069521190095e-03	-3.435616235947239e-16	0.000000000000000e+00	2.957834693272139e+05	1.478396009864670e+04	8.534704998557510e-03	3.734539439198626e+04	8.293943668550475e+03	8.429178476608864e+03	1.514124853392154e-17	-inf	
17	1.000000000000000e+00	4.000000000000000e-01	1.898635477367415e-03	6.636069521190095e-03	0.000000000000000e+00	0.000000000000000e+00	2.957834693272139e+05	1.478396009864670e+04	8.534704998557510e-03	3.734539439198626e+04	8.293943668550475e+03	8.429178476608864e+03	0.000000000000000e+00	-inf	
18	0.000000000000000e+00	6.000000000000000e-01	1.898635477367415e-03	6.636069521190095e-03	1.074113242793823e-15	3.326476871734485e-16	2.957834693272139e+05	1.478396009864670e+04	8.534704998557510e-03	3.734539439198626e+04	8.293943668550475e+03	8.429178476608864e+03	4.955583243202303e-17	-inf	
19	2.000000000000000e-01	6.000000000000000e-01	1.898635477367415e-03	6.636069521190095e-03	2.128996664349471e-17	1.818989403545857e-18	2.957834693272139e+05	1.478396009864670e+04	8.534704998557510e-03	3.734539439198626e+04	8.293943668550475e+03	8.429178476608864e+03	9.416974501294011e-19	-inf	
20	4.000000000000001e-01	6.000000000000002e-01	1.898635477367415e-03	6.636069521190095e-03	0.000000000000000e+00	-3.344666765769946e-16	2.957834693272139e+05	1.478396009864670e+04	8.534704998557510e-03	3.734539439198626e+04	8.293943668550475e+03	8.429178476608864e+03	1.474042130602156e-17	-inf	
21	6.000000000000000e-01	6.000000000000001e-01	1.898635477367415e-03	6.636069521190095e-03	-2.128996664349429e-17	-3.483364707790321e-16	2.957834693272139e+05	1.478396009864670e+04	8.534704998557510e-03	3.734539439198626e+04	8.293943668550475e+03	8.429178476608864e+03	1.538032942618255e-17	-inf	
22	8.000000000000000e-01	6.000000000000001e-01	1.898635477367415e-03	6.636069521190095e-03	5.238689482212069e-16	-9.094947017729286e-19	2.957834693272139e+05	1.478396009864670e+04	8.534704998557510e-03	3.734539439198626e+04	8.293943668550475e+03	8.429178476608864e+03	2.308768312104251e-17	-inf	
23	1.000000000000000e+00	6.000000000000001e-01	1.898635477367415e-03	6.636069521190095e-03	1.256921677850183e-15	-9.094947017729280e-19	2.957834693272139e+05	1.478396009864671e+04	8.534704998557510e-03	3.734539439198624e+04	8.293943668550470e+03	8.429178476608864e+03	5.539433739748308e-17	-inf	
24	0.000000000000000e+00	8.000000000000000e-01	1.898635477367415e-03	6.636069521190095e-03	-5.848050932399948e-16	0.000000000000000e+00	2.957834693272139e+05	1.478396009864671e+04	8.534704998557510e-03	3.734539439198624e+04	8.293943668550470e+03	8.429178476608864e+03	2.577319075396844e-17	-inf	
25	2.000000000000000e-01	8.000000000000000e-01	1.898635477367415e-03	6.636069521190095e-03	-3.483364707790322e-16	6.662048690486846e-16	2.957834693272139e+05	1.478396009864670e+04	8.534704998557510e-03	3.734539439198626e+04	8.293943668550475e+03	8.429178476608864e+03	3.313183773585262e-17	-inf	
26	3.999999999999999e-01	8.000000000000000e-01	1.898635477367415e-03	6.636069521190095e-03	-9.094947017729284e-19	0.000000000000000e+00	2.957834693272139e+05	1.478396009864670e+04	8.534704998557510e-03	3.734539439198626e+04	8.293943668550475e+03	8.429178476608864e+03	4.008272278999743e-20	-inf	
27	6.000000000000000e-01	8.000000000000000e-01	1.898635477367415e-03	6.636069521190095e-03	0.000000000000000e+00	-6.618847692152626e-16	2.957834693272139e+05	1.478396009864670e+04	8.534704998557510e-03	3.734539439198626e+04	8.293943668550475e+03	8.429178476608864e+03	2.917020151042124e-17	-inf	
28	8.000000000000000e-01	8.000000000000000e-01	1.898635477367415e-03	6.636069521190095e-03	0.000000000000000e+00	3.274180926382533e-16	2.957834693272139e+05	1.478396009864670e+04	8.534704998557510e-03	3.734539439198626e+04	8.293943668550475e+03	8.429178476608864e+03	1.442978020439904e-17	-inf	
29	1.000000000000000e+00	8.000000000000000e-01	1.898635477367415e-03	6.636069521190095e-03	-1.021362550090986e-15	-3.201421350240723e-16	2.957834693272139e+05	1.478396009864670e+04	8.534704998557510e-03	3.734539439198626e+04	8.293943668550475e+03	8.429178476608864e+03	4.717232431610441e-17	-inf	
30	0.000000000000000e+00	1.000000000000000e+00	1.898635477367415e-03	6.636069521190095e-03	1.818989403545857e-18	-6.671143637504434e-16	2.957834693272139e+05	1.478396009864670e+04	8.534704998557510e-03	3.734539439198626e+04	8.293943668550475e+03	8.429178476608864e+03	2.940078645793768e-17	-inf	
31	2.000000000000000e-01	1.000000000000000e+00	1.898635477367415e-03	6.636069521190095e-03	0.000000000000000e+00	0.000000000000000e+00	2.957834693272139e+05	1.478396009864670e+04	8.534704998557510e-03	3.734539439198626e+04	8.293943668550475e+03	8.429178476608864e+03	0.000000000000000e+00	-inf	
32	3.999999999999999e-01	1.000000000000000e+00	1.898635477367415e-03	6.636069521190095e-03	0.000000000000000e+00	0.000000000000000e+00	2.957834693272139e+05	1.478396009864670e+04	8.534704998557510e-03	3.734539439198626e+04	8.293943668550475e+03	8.429178476608864e+03	0.000000000000000e+00	-inf	
33	6.000000000000000e-01	1.000000000000000e+00	1.898635477367415e-03	6.636069521190095e-03	3.458353603491560e-16	-7.698872650507642e-16	2.957834693272139e+05	1.478396009864670e+04	8.534704998557510e-03	3.734539439198626e+04	8.293943668550475e+03	8.429178476608864e+03	3.719608241023631e-17	-inf	
34	8.000000000000000e-01	1.000000000000000e+00	1.898635477367415e-03	6.636069521190095e-03	0.000000000000000e+00	4.383764462545449e-16	2.957834693272139e+05	1.478396009864671e+04	8.534704998557510e-03	3.734539439198624e+04	8.293943668550470e+03	8.429178476608864e+03	1.931987238477847e-17	-inf	
35	1.000000000000000e+00	1.000000000000000e+00	1.898635477367415e-03	6.636069521190095e-03	-6.898517312947658e-16	8.594724931754156e-17	2.957834693272139e+05	1.478396009864670e+04	8.534704998557510e-03	3.734539439198626e+04	8.293943668550475e+03	8.429178476608864e+03	3.063779492430780e-17	-inf	
EXT_ITER= 8274
AOA= 0.000000000000000e+00
SIDESLIP_ANGLE= 0.000000000000000e+00
INITIAL_BCTHRUST= 4.000000000000000e+03
DCD_DCL_VALUE= 0.000000000000000e+00
DCMX_DCL_VALUE= 0.000000000000000e+00
DCMY_DCL_VALUE= 0.000000000000000e+00
DCMZ_DCL_VALUE= 0.000000000000000e+00
