"PointID"	"x"	"y"	"Density[0]"	"Density[1]"	"Momentum_x"	"Momentum_y"	"Energy"	"Electronic_Energy"	"Total_Density"	"Pressure"	"Temperature"	"Tve"	"Mach"	"C<sub>p</sub>"
0	0.000000000000000e+00	0.000000000000000e+00	2.276639725653873e-03	6.258065272903609e-03	0.000000000000000e+00	0.000000000000000e+00	2.957834693272139e+05	2.237606737439421e+04	8.534704998557482e-03	3.978441777348563e+04	9.061399512212060e+03	9.930180916488136e+03	0.000000000000000e+00	-inf	
1	2.000000000000000e-01	0.000000000000000e+00	2.276639725653873e-03	6.258065272903609e-03	0.000000000000000e+00	4.606590664479946e-16	2.957834693272139e+05	2.237606737439421e+04	8.534704998557482e-03	3.978441777348563e+04	9.061399512212060e+03	9.930180916488136e+03	1.973519546098888e-17	-inf	
2	4.000000000000000e-01	0.000000000000000e+00	2.276639725653873e-03	6.258065272903609e-03	0.000000000000000e+00	-3.383320290595346e-16	2.957834693272139e+05	2.237606737439421e+04	8.534704998557482e-03	3.978441777348563e+04	9.061399512212060e+03	9.930180916488136e+03	1.449455619247359e-17	-inf	
3	6.000000000000001e-01	0.000000000000000e+00	2.276639725653873e-03	6.258065272903609e-03	0.000000000000000e+00	-9.003997547551973e-17	2.957834693272139e+05	2.237606737439421e+04	8.534704998557482e-03	3.978441777348563e+04	9.061399512212060e+03	9.930180916488136e+03	3.857422212513066e-18	-inf	
4	8.000000000000000e-01	0.000000000000000e+00	2.276639725653873e-03	6.258065272903609e-03	4.906723916064942e-16	0.000000000000000e+00	2.957834693272139e+05	2.237606737439421e+04	8.534704998557482e-03	3.978441777348563e+04	9.061399512212060e+03	9.930180916488136e+03	2.102100286515960e-17	-inf	
5	1.000000000000000e+00	0.000000000000000e+00	2.276639725653874e-03	6.258065272903609e-03	9.285940905101570e-16	1.255102688446642e-16	2.957834693272139e+05	2.237606737439421e+04	8.534704998557482e-03	3.978441777348567e+04	9.061399512212067e+03	9.930180916488136e+03	4.014384000935847e-17	-inf	
6	0.000000000000000e+00	2.000000000000000e-01	2.276639725653873e-03	6.258065272903609e-03	0.000000000000000e+00	0.000000000000000e+00	2.957834693272139e+05	2.237606737439421e+04	8.534704998557482e-03	3.978441777348563e+04	9.061399512212060e+03	9.930180916488136e+03	0.000000000000000e+00	-inf	
7	2.000000000000000e-01	2.000000000000000e-01	2.276639725653873e-03	6.258065272903609e-03	-1.830358087318048e-16	-1.818989403545857e-18	2.957834693272139e+05	2.237606737439421e+04	8.534704998557482e-03	3.978441777348563e+04	9.061399512212060e+03	9.930180916488136e+03	7.841864181338395e-18	-inf	
8	4.000000000000000e-01	2.000000000000000e-01	2.276639725653873e-03	6.258065272903609e-03	-2.294200385222244e-16	4.924913810100399e-16	2.957834693272139e+05	2.237606737439421e+04	8.534704998557482e-03	3.978441777348563e+04	9.061399512212060e+03	9.930180916488136e+03	2.327588700017749e-17	-inf	
9	5.999999999999999e-01	2.000000000000000e-01	2.276639725653873e-03	6.258065272903609e-03	0.000000000000000e+00	5.336460162652646e-16	2.957834693272139e+05	2.237606737439421e+04	8.534704998557482e-03	3.978441777348563e+04	9.061399512212060e+03	9.930180916488136e+03	2.286204528476809e-17	-inf	
10	7.999999999999999e-01	2.000000000000000e-01	2.276639725653873e-03	6.258065272903609e-03	4.761204763781280e-16	-1.036823960021149e-16	2.957834693272139e+05	2.237606737439421e+04	8.534704998557482e-03	3.978441777348563e+04	9.061399512212060e+03	9.930180916488136e+03	2.087562246964193e-17	-inf	
11	1.000000000000000e+00	2.000000000000000e-01	2.276639725653874e-03	6.258065272903609e-03	9.354153007734550e-16	-4.663434083340682e-16	2.957834693272139e+05	2.237606737439421e+04	8.534704998557482e-03	3.978441777348567e+04	9.061399512212067e+03	9.930180916488136e+03	4.477835663138246e-17	-inf	
12	0.000000000000000e+00	3.999999999999999e-01	2.276639725653873e-03	6.258065272903609e-03	-5.038600647822050e-16	0.000000000000000e+00	2.957834693272139e+05	2.237606737439421e+04	8.534704998557482e-03	3.978441777348563e+04	9.061399512212060e+03	9.930180916488136e+03	2.158597884578034e-17	-inf	
13	2.000000000000000e-01	3.999999999999999e-01	2.276639725653873e-03	6.258065272903609e-03	5.998139723197491e-16	0.000000000000000e+00	2.957834693272139e+05	2.237606737439421e+04	8.534704998557482e-03	3.978441777348563e+04	9.061399512212060e+03	9.930180916488136e+03	2.569676111063537e-17	-inf	
14	3.999999999999999e-01	4.000000000000001e-01	2.276639725653874e-03	6.258065272903609e-03	4.361049260006213e-16	0.000000000000000e+00	2.957834693272139e+05	2.237606737439421e+04	8.534704998557482e-03	3.978441777348567e+04	9.061399512212067e+03	9.930180916488136e+03	1.868326617879338e-17	-inf	
15	6.000000000000001e-01	4.000000000000000e-01	2.276639725653874e-03	6.258065272903609e-03	-4.999947122996668e-16	-9.094947017729280e-19	2.957834693272139e+05	2.237606737439421e+04	8.534704998557482e-03	3.978441777348567e+04	9.061399512212067e+03	9.930180916488136e+03	2.142041787543762e-17	-inf	
16	8.000000000000000e-01	4.000000000000000e-01	2.276639725653873e-03	6.258065272903609e-03	-4.904450179310510e-16	0.000000000000000e+00	2.957834693272139e+05	2.237606737439421e+04	8.534704998557482e-03	3.978441777348563e+04	9.061399512212060e+03	9.930180916488136e+03	2.101126189997649e-17	-inf	
17	1.000000000000000e+00	4.000000000000000e-01	2.276639725653873e-03	6.258065272903609e-03	0.000000000000000e+00	0.000000000000000e+00	2.957834693272139e+05	2.237606737439421e+04	8.534704998557482e-03	3.978441777348563e+04	9.061399512212060e+03	9.930180916488136e+03	0.000000000000000e+00	-inf	
18	0.000000000000000e+00	6.000000000000000e-01	2.276639725653873e-03	6.258065272903609e-03	3.383320290595346e-16	4.906723916064941e-16	2.957834693272139e+05	2.237606737439421e+04	8.534704998557482e-03	3.978441777348563e+04	9.061399512212060e+03	9.930180916488136e+03	2.553379565739928e-17	-inf	
19	2.000000000000000e-01	6.000000000000000e-01	2.276639725653873e-03	6.258065272903609e-03	-1.591172428001933e-17	1.818989403545857e-18	2.957834693272139e+05	2.237606737439421e+04	8.534704998557482e-03	3.978441777348563e+04	9.061399512212060e+03	9.930180916488136e+03	6.861174426336456e-19	-inf	
20	4.000000000000001e-01	6.000000000000002e-01	2.276639725653873e-03	6.258065272903609e-03	0.000000000000000e+00	-4.924913810100403e-16	2.957834693272139e+05	2.237606737439421e+04	8.534704998557482e-03	3.978441777348563e+04	9.061399512212060e+03	9.930180916488136e+03	2.109893058662452e-17	-inf	
21	6.000000000000000e-01	6.000000000000001e-01	2.276639725653873e-03	6.258065272903609e-03	1.591172428001921e-17	-4.904450179310506e-16	2.957834693272139e+05	2.237606737439421e+04	8.534704998557482e-03	3.978441777348563e+04	9.061399512212060e+03	9.930180916488136e+03	2.102231697612602e-17	-inf	
22	8.000000000000000e-01	6.000000000000001e-01	2.276639725653873e-03	6.258065272903609e-03	4.913545126328237e-16	-9.094947017729286e-19	2.957834693272139e+05	2.237606737439421e+04	8.534704998557482e-03	3.978441777348563e+04	9.061399512212060e+03	9.930180916488136e+03	2.105026182163199e-17	-inf	
23	1.000000000000000e+00	6.000000000000001e-01	2.276639725653874e-03	6.258065272903609e-03	1.000898919301106e-15	-9.094947017729280e-19	2.957834693272139e+05	2.237606737439421e+04	8.534704998557482e-03	3.978441777348567e+04	9.061399512212067e+03	9.930180916488136e+03	4.287974643886239e-17	-inf	
24	0.000000000000000e+00	8.000000000000000e-01	2.276639725653874e-03	6.258065272903609e-03	-9.126779332291325e-16	0.000000000000000e+00	2.957834693272139e+05	2.237606737439421e+04	8.534704998557482e-03	3.978441777348567e+04	9.061399512212067e+03	9.930180916488136e+03	3.910023424501882e-17	-inf	
25	2.000000000000000e-01	8.000000000000000e-01	2.276639725653873e-03	6.258065272903609e-03	-4.904450179310506e-16	1.821263140300318e-16	2.957834693272139e+05	2.237606737439421e+04	8.534704998557482e-03	3.978441777348563e+04	9.061399512212060e+03	9.930180916488136e+03	2.241321791905955e-17	-inf	
26	3.999999999999999e-01	8.000000000000000e-01	2.276639725653873e-03	6.258065272903609e-03	-9.094947017729284e-19	0.000000000000000e+00	2.957834693272139e+05	2.237606737439421e+04	8.534704998557482e-03	3.978441777348563e+04	9.061399512212060e+03	9.930180916488136e+03	3.896386073245529e-20	-inf	
27	6.000000000000000e-01	8.000000000000000e-01	2.276639725653873e-03	6.258065272903609e-03	0.000000000000000e+00	-1.687112671788808e-16	2.957834693272139e+05	2.237606737439421e+04	8.534704998557482e-03	3.978441777348563e+04	9.061399512212060e+03	9.930180916488136e+03	7.227796165870567e-18	-inf	
28	8.000000000000000e-01	8.000000000000000e-01	2.276639725653873e-03	6.258065272903609e-03	0.000000000000000e+00	4.886260285275046e-16	2.957834693272139e+05	2.237606737439421e+04	8.534704998557482e-03	3.978441777348563e+04	9.061399512212060e+03	9.930180916488136e+03	2.093333417851155e-17	-inf	
29	1.000000000000000e+00	8.000000000000000e-01	2.276639725653873e-03	6.258065272903609e-03	-8.822098607197387e-17	-4.781668394571170e-16	2.957834693272139e+05	2.237606737439421e+04	8.534704998557482e-03	3.978441777348563e+04	9.061399512212060e+03	9.930180916488136e+03	2.083098742643934e-17	-inf	
30	0.000000000000000e+00	1.000000000000000e+00	2.276639725653873e-03	6.258065272903609e-03	1.818989403545857e-18	-9.831637726165344e-16	2.957834693272139e+05	2.237606737439421e+04	8.534704998557482e-03	3.978441777348563e+04	9.061399512212060e+03	9.930180916488136e+03	4.212000554027143e-17	-inf	
31	2.000000000000000e-01	1.000000000000000e+00	2.276639725653873e-03	6.258065272903609e-03	0.000000000000000e+00	0.000000000000000e+00	2.957834693272139e+05	2.237606737439421e+04	8.534704998557482e-03	3.978441777348563e+04	9.061399512212060e+03	9.930180916488136e+03	0.000000000000000e+00	-inf	
32	3.999999999999999e-01	1.000000000000000e+00	2.276639725653873e-03	6.258065272903609e-03	0.000000000000000e+00	0.000000000000000e+00	2.957834693272139e+05	2.237606737439421e+04	8.534704998557482e-03	3.978441777348563e+04	9.061399512212060e+03	9.930180916488136e+03	0.000000000000000e+00	-inf	
33	6.000000000000000e-01	1.000000000000000e+00	2.276639725653873e-03	6.258065272903609e-03	4.927187546854828e-16	-8.731149137020095e-17	2.957834693272139e+05	2.237606737439421e+04	8.534704998557482e-03	3.978441777348563e+04	9.061399512212060e+03	9.930180916488136e+03	2.143752747119923e-17	-inf	
34	8.000000000000000e-01	1.000000000000000e+00	2.276639725653874e-03	6.258065272903609e-03	0.000000000000000e+00	1.007265382213517e-15	2.957834693272139e+05	2.237606737439421e+04	8.534704998557482e-03	3.978441777348567e+04	9.061399512212067e+03	9.930180916488136e+03	4.315247576119415e-17	-inf	
35	1.000000000000000e+00	1.000000000000000e+00	2.276639725653873e-03	6.258065272903609e-03	-9.836185199674197e-16	-1.246007741428912e-16	2.957834693272139e+05	2.237606737439421e+04	8.534704998557482e-03	3.978441777348563e+04	9.061399512212060e+03	9.930180916488136e+03	4.247617090823296e-17	-inf	
EXT_ITER= 1890
AOA= 0.000000000000000e+00
SIDESLIP_ANGLE= 0.000000000000000e+00
INITIAL_BCTHRUST= 4.000000000000000e+03
DCD_DCL_VALUE= 0.000000000000000e+00
DCMX_DCL_VALUE= 0.000000000000000e+00
DCMY_DCL_VALUE= 0.000000000000000e+00
DCMZ_DCL_VALUE= 0.000000000000000e+00
