"PointID"	"x"	"y"	"Density[0]"	"Density[1]"	"Momentum_x"	"Momentum_y"	"Energy"	"Electronic_Energy"	"Total_Density"	"Pressure"	"Temperature"	"Tve"	"Mach"	"C<sub>p</sub>"
0	0.000000000000000e+00	0.000000000000000e+00	3.359299081977196e-03	5.175405916580304e-03	0.000000000000000e+00	0.000000000000000e+00	2.957834693272139e+05	4.560148785154131e+04	8.534704998557501e-03	4.524181858086153e+04	1.111810753726990e+04	1.402825562350742e+04	0.000000000000000e+00	-inf	
1	2.000000000000000e-01	0.000000000000000e+00	3.359299081977196e-03	5.175405916580304e-03	0.000000000000000e+00	8.185452315956353e-18	2.957834693272139e+05	4.560148785154131e+04	8.534704998557501e-03	4.524181858086153e+04	1.111810753726990e+04	1.402825562350742e+04	3.321284780855089e-19	-inf	
2	4.000000000000000e-01	0.000000000000000e+00	3.359299081977196e-03	5.175405916580304e-03	0.000000000000000e+00	-1.273292582482100e-17	2.957834693272139e+05	4.560148785154131e+04	8.534704998557501e-03	4.524181858086153e+04	1.111810753726990e+04	1.402825562350742e+04	5.166442992441251e-19	-inf	
3	6.000000000000001e-01	0.000000000000000e+00	3.359299081977196e-03	5.175405916580304e-03	0.000000000000000e+00	-5.456968210637568e-18	2.957834693272139e+05	4.560148785154131e+04	8.534704998557501e-03	4.524181858086153e+04	1.111810753726990e+04	1.402825562350742e+04	2.214189853903392e-19	-inf	
4	8.000000000000000e-01	0.000000000000000e+00	3.359299081977196e-03	5.175405916580304e-03	-1.818989403545857e-18	0.000000000000000e+00	2.957834693272139e+05	4.560148785154131e+04	8.534704998557501e-03	4.524181858086153e+04	1.111810753726990e+04	1.402825562350742e+04	7.380632846344644e-20	-inf	
5	1.000000000000000e+00	0.000000000000000e+00	3.359299081977196e-03	5.175405916580304e-03	-2.728484105318784e-18	2.182787284255028e-17	2.957834693272139e+05	4.560148785154131e+04	8.534704998557501e-03	4.524181858086153e+04	1.111810753726990e+04	1.402825562350742e+04	8.925684652918332e-19	-inf	
6	0.000000000000000e+00	2.000000000000000e-01	3.359299081977196e-03	5.175405916580304e-03	0.000000000000000e+00	0.000000000000000e+00	2.957834693272139e+05	4.560148785154131e+04	8.534704998557501e-03	4.524181858086153e+04	1.111810753726990e+04	1.402825562350742e+04	0.000000000000000e+00	-inf	
7	2.000000000000000e-01	2.000000000000000e-01	3.359299081977196e-03	5.175405916580304e-03	-4.547473508864642e-18	-1.818989403545857e-18	2.957834693272139e+05	4.560148785154131e+04	8.534704998557501e-03	4.524181858086153e+04	1.111810753726990e+04	1.402825562350742e+04	1.987296212925807e-19	-inf	
8	4.000000000000000e-01	2.000000000000000e-01	3.359299081977196e-03	5.175405916580304e-03	-3.183231456205248e-18	0.000000000000000e+00	2.957834693272139e+05	4.560148785154131e+04	8.534704998557501e-03	4.524181858086153e+04	1.111810753726990e+04	1.402825562350742e+04	1.291610748110312e-19	-inf	
9	5.999999999999999e-01	2.000000000000000e-01	3.359299081977196e-03	5.175405916580304e-03	0.000000000000000e+00	-1.364242052659392e-18	2.957834693272139e+05	4.560148785154131e+04	8.534704998557501e-03	4.524181858086153e+04	1.111810753726990e+04	1.402825562350742e+04	5.535474634758479e-20	-inf	
10	7.999999999999999e-01	2.000000000000000e-01	3.359299081977196e-03	5.175405916580304e-03	0.000000000000000e+00	-4.092726157978176e-18	2.957834693272139e+05	4.560148785154131e+04	8.534704998557501e-03	4.524181858086153e+04	1.111810753726990e+04	1.402825562350742e+04	1.660642390427544e-19	-inf	
11	1.000000000000000e+00	2.000000000000000e-01	3.359299081977196e-03	5.175405916580304e-03	1.818989403545854e-18	0.000000000000000e+00	2.957834693272139e+05	4.560148785154131e+04	8.534704998557501e-03	4.524181858086153e+04	1.111810753726990e+04	1.402825562350742e+04	7.380632846344634e-20	-inf	
12	0.000000000000000e+00	3.999999999999999e-01	3.359299081977196e-03	5.175405916580304e-03	-9.094947017729282e-18	0.000000000000000e+00	2.957834693272139e+05	4.560148785154131e+04	8.534704998557501e-03	4.524181858086153e+04	1.111810753726990e+04	1.402825562350742e+04	3.690316423172321e-19	-inf	
13	2.000000000000000e-01	3.999999999999999e-01	3.359299081977196e-03	5.175405916580304e-03	5.843204747336876e-18	0.000000000000000e+00	2.957834693272139e+05	4.560148785154131e+04	8.534704998557501e-03	4.524181858086153e+04	1.111810753726990e+04	1.402825562350742e+04	2.370907098306484e-19	-inf	
14	3.999999999999999e-01	4.000000000000001e-01	3.359299081977196e-03	5.175405916580304e-03	-6.434973726597665e-18	0.000000000000000e+00	2.957834693272139e+05	4.560148785154131e+04	8.534704998557501e-03	4.524181858086153e+04	1.111810753726990e+04	1.402825562350742e+04	2.611020072976153e-19	-inf	
15	6.000000000000001e-01	4.000000000000000e-01	3.359299081977196e-03	5.175405916580304e-03	0.000000000000000e+00	-9.094947017729280e-19	2.957834693272139e+05	4.560148785154131e+04	8.534704998557501e-03	4.524181858086153e+04	1.111810753726990e+04	1.402825562350742e+04	3.690316423172320e-20	-inf	
16	8.000000000000000e-01	4.000000000000000e-01	3.359299081977196e-03	5.175405916580304e-03	2.273736754432322e-18	0.000000000000000e+00	2.957834693272139e+05	4.560148785154131e+04	8.534704998557501e-03	4.524181858086153e+04	1.111810753726990e+04	1.402825562350742e+04	9.225791057930808e-20	-inf	
17	1.000000000000000e+00	4.000000000000000e-01	3.359299081977196e-03	5.175405916580304e-03	0.000000000000000e+00	0.000000000000000e+00	2.957834693272139e+05	4.560148785154131e+04	8.534704998557501e-03	4.524181858086153e+04	1.111810753726990e+04	1.402825562350742e+04	0.000000000000000e+00	-inf	
18	0.000000000000000e+00	6.000000000000000e-01	3.359299081977196e-03	5.175405916580304e-03	1.273292582482100e-17	-1.818989403545856e-18	2.957834693272139e+05	4.560148785154131e+04	8.534704998557501e-03	4.524181858086153e+04	1.111810753726990e+04	1.402825562350742e+04	5.218895535098467e-19	-inf	
19	2.000000000000000e-01	6.000000000000000e-01	3.359299081977196e-03	5.175405916580304e-03	-2.410758382806640e-18	1.818989403545857e-18	2.957834693272139e+05	4.560148785154131e+04	8.534704998557501e-03	4.524181858086153e+04	1.111810753726990e+04	1.402825562350742e+04	1.225384105654891e-19	-inf	
20	4.000000000000001e-01	6.000000000000002e-01	3.359299081977196e-03	5.175405916580304e-03	0.000000000000000e+00	0.000000000000000e+00	2.957834693272139e+05	4.560148785154131e+04	8.534704998557501e-03	4.524181858086153e+04	1.111810753726990e+04	1.402825562350742e+04	0.000000000000000e+00	-inf	
21	6.000000000000000e-01	6.000000000000001e-01	3.359299081977196e-03	5.175405916580304e-03	2.410758382806658e-18	2.273736754432320e-18	2.957834693272139e+05	4.560148785154131e+04	8.534704998557501e-03	4.524181858086153e+04	1.111810753726990e+04	1.402825562350742e+04	1.344611840165107e-19	-inf	
22	8.000000000000000e-01	6.000000000000001e-01	3.359299081977196e-03	5.175405916580304e-03	-1.364242052659393e-18	-9.094947017729286e-19	2.957834693272139e+05	4.560148785154131e+04	8.534704998557501e-03	4.524181858086153e+04	1.111810753726990e+04	1.402825562350742e+04	6.652812543217338e-20	-inf	
23	1.000000000000000e+00	6.000000000000001e-01	3.359299081977196e-03	5.175405916580304e-03	9.094947017729311e-19	-9.094947017729280e-19	2.957834693272139e+05	4.560148785154131e+04	8.534704998557501e-03	4.524181858086153e+04	1.111810753726990e+04	1.402825562350742e+04	5.218895535098473e-20	-inf	
24	0.000000000000000e+00	8.000000000000000e-01	3.359299081977196e-03	5.175405916580304e-03	2.728484105318784e-18	0.000000000000000e+00	2.957834693272139e+05	4.560148785154131e+04	8.534704998557501e-03	4.524181858086153e+04	1.111810753726990e+04	1.402825562350742e+04	1.107094926951696e-19	-inf	
25	2.000000000000000e-01	8.000000000000000e-01	3.359299081977196e-03	5.175405916580304e-03	2.273736754432320e-18	3.637978807091712e-18	2.957834693272139e+05	4.560148785154131e+04	8.534704998557501e-03	4.524181858086153e+04	1.111810753726990e+04	1.402825562350742e+04	1.740718775376314e-19	-inf	
26	3.999999999999999e-01	8.000000000000000e-01	3.359299081977196e-03	5.175405916580304e-03	-9.094947017729284e-19	0.000000000000000e+00	2.957834693272139e+05	4.560148785154131e+04	8.534704998557501e-03	4.524181858086153e+04	1.111810753726990e+04	1.402825562350742e+04	3.690316423172322e-20	-inf	
27	6.000000000000000e-01	8.000000000000000e-01	3.359299081977196e-03	5.175405916580304e-03	0.000000000000000e+00	-9.094947017729276e-19	2.957834693272139e+05	4.560148785154131e+04	8.534704998557501e-03	4.524181858086153e+04	1.111810753726990e+04	1.402825562350742e+04	3.690316423172318e-20	-inf	
28	8.000000000000000e-01	8.000000000000000e-01	3.359299081977196e-03	5.175405916580304e-03	0.000000000000000e+00	0.000000000000000e+00	2.957834693272139e+05	4.560148785154131e+04	8.534704998557501e-03	4.524181858086153e+04	1.111810753726990e+04	1.402825562350742e+04	0.000000000000000e+00	-inf	
29	1.000000000000000e+00	8.000000000000000e-01	3.359299081977196e-03	5.175405916580304e-03	-3.637978807091710e-18	-9.094947017729276e-19	2.957834693272139e+05	4.560148785154131e+04	8.534704998557501e-03	4.524181858086153e+04	1.111810753726990e+04	1.402825562350742e+04	1.521556440469103e-19	-inf	
30	0.000000000000000e+00	1.000000000000000e+00	3.359299081977196e-03	5.175405916580304e-03	1.818989403545857e-18	1.818989403545857e-18	2.957834693272139e+05	4.560148785154131e+04	8.534704998557501e-03	4.524181858086153e+04	1.111810753726990e+04	1.402825562350742e+04	1.043779107019693e-19	-inf	
31	2.000000000000000e-01	1.000000000000000e+00	3.359299081977196e-03	5.175405916580304e-03	0.000000000000000e+00	0.000000000000000e+00	2.957834693272139e+05	4.560148785154131e+04	8.534704998557501e-03	4.524181858086153e+04	1.111810753726990e+04	1.402825562350742e+04	0.000000000000000e+00	-inf	
32	3.999999999999999e-01	1.000000000000000e+00	3.359299081977196e-03	5.175405916580304e-03	0.000000000000000e+00	0.000000000000000e+00	2.957834693272139e+05	4.560148785154131e+04	8.534704998557501e-03	4.524181858086153e+04	1.111810753726990e+04	1.402825562350742e+04	0.000000000000000e+00	-inf	
33	6.000000000000000e-01	1.000000000000000e+00	3.359299081977196e-03	5.175405916580304e-03	0.000000000000000e+00	-1.273292582482100e-17	2.957834693272139e+05	4.560148785154131e+04	8.534704998557501e-03	4.524181858086153e+04	1.111810753726990e+04	1.402825562350742e+04	5.166442992441250e-19	-inf	
34	8.000000000000000e-01	1.000000000000000e+00	3.359299081977196e-03	5.175405916580304e-03	0.000000000000000e+00	1.546140993013979e-17	2.957834693272139e+05	4.560148785154131e+04	8.534704998557501e-03	4.524181858086153e+04	1.111810753726990e+04	1.402825562350742e+04	6.273537919392948e-19	-inf	
35	1.000000000000000e+00	1.000000000000000e+00	3.359299081977196e-03	5.175405916580304e-03	1.818989403545856e-18	-7.275957614183424e-18	2.957834693272139e+05	4.560148785154131e+04	8.534704998557501e-03	4.524181858086153e+04	1.111810753726990e+04	1.402825562350742e+04	3.043112880938207e-19	-inf	
EXT_ITER= 142
AOA= 0.000000000000000e+00
SIDESLIP_ANGLE= 0.000000000000000e+00
INITIAL_BCTHRUST= 4.000000000000000e+03
DCD_DCL_VALUE= 0.000000000000000e+00
DCMX_DCL_VALUE= 0.000000000000000e+00
DCMY_DCL_VALUE= 0.000000000000000e+00
DCMZ_DCL_VALUE= 0.000000000000000e+00
