"PointID"	"x"	"y"	"Density[0]"	"Density[1]"	"Momentum_x"	"Momentum_y"	"Energy"	"Electronic_Energy"	"Total_Density"	"Pressure"	"Temperature"	"Tve"	"Mach"	"C<sub>p</sub>"
0	0.000000000000000e+00	0.000000000000000e+00	2.074957475073248e-03	6.459747523484231e-03	0.000000000000000e+00	0.000000000000000e+00	2.957834693272139e+05	1.774963813676353e+04	8.534704998557479e-03	3.884936058138218e+04	8.729413109328660e+03	9.027147446312583e+03	0.000000000000000e+00	-inf	
1	2.000000000000000e-01	0.000000000000000e+00	2.074957475073248e-03	6.459747523484231e-03	0.000000000000000e+00	8.494680514558887e-16	2.957834693272139e+05	1.774963813676353e+04	8.534704998557479e-03	3.884936058138218e+04	8.729413109328660e+03	9.027147446312583e+03	3.676204822547816e-17	-inf	
2	4.000000000000000e-01	0.000000000000000e+00	2.074957475073248e-03	6.459747523484231e-03	0.000000000000000e+00	-6.971276889089360e-16	2.957834693272139e+05	1.774963813676353e+04	8.534704998557479e-03	3.884936058138218e+04	8.729413109328660e+03	9.027147446312583e+03	3.016928261759030e-17	-inf	
3	6.000000000000001e-01	0.000000000000000e+00	2.074957475073248e-03	6.459747523484231e-03	0.000000000000000e+00	-2.437445800751477e-16	2.957834693272139e+05	1.774963813676353e+04	8.534704998557479e-03	3.884936058138218e+04	8.729413109328660e+03	9.027147446312583e+03	1.054842497262160e-17	-inf	
4	8.000000000000000e-01	0.000000000000000e+00	2.074957475073248e-03	6.459747523484231e-03	1.293756213271984e-16	0.000000000000000e+00	2.957834693272139e+05	1.774963813676353e+04	8.534704998557479e-03	3.884936058138218e+04	8.729413109328660e+03	9.027147446312583e+03	5.598930792370885e-18	-inf	
5	1.000000000000000e+00	0.000000000000000e+00	2.074957475073248e-03	6.459747523484231e-03	2.028173184953606e-16	3.747118171304526e-16	2.957834693272139e+05	1.774963813676352e+04	8.534704998557479e-03	3.884936058138220e+04	8.729413109328665e+03	9.027147446312581e+03	1.843925516797307e-17	-inf	
6	0.000000000000000e+00	2.000000000000000e-01	2.074957475073248e-03	6.459747523484231e-03	0.000000000000000e+00	0.000000000000000e+00	2.957834693272139e+05	1.774963813676353e+04	8.534704998557479e-03	3.884936058138218e+04	8.729413109328660e+03	9.027147446312583e+03	0.000000000000000e+00	-inf	
7	2.000000000000000e-01	2.000000000000000e-01	2.074957475073248e-03	6.459747523484231e-03	-3.492459654807977e-16	-1.818989403545857e-18	2.957834693272139e+05	1.774963813676353e+04	8.534704998557479e-03	3.884936058138218e+04	8.729413109328660e+03	9.027147446312583e+03	1.511436615234100e-17	-inf	
8	4.000000000000000e-01	2.000000000000000e-01	2.074957475073248e-03	6.459747523484231e-03	-4.238245310261715e-16	1.311946107307442e-16	2.957834693272139e+05	1.774963813676353e+04	8.534704998557479e-03	3.884936058138218e+04	8.729413109328660e+03	9.027147446312583e+03	1.920032197161327e-17	-inf	
9	5.999999999999999e-01	2.000000000000000e-01	2.074957475073248e-03	6.459747523484231e-03	0.000000000000000e+00	2.592059900052872e-16	2.957834693272139e+05	1.774963813676353e+04	8.534704998557479e-03	3.884936058138218e+04	8.729413109328660e+03	9.027147446312583e+03	1.121754148207891e-17	-inf	
10	7.999999999999999e-01	2.000000000000000e-01	2.074957475073248e-03	6.459747523484231e-03	1.202806743094700e-16	-2.216893335571552e-16	2.957834693272139e+05	1.774963813676353e+04	8.534704998557479e-03	3.884936058138218e+04	8.729413109328660e+03	9.027147446312583e+03	1.091509806236440e-17	-inf	
11	1.000000000000000e+00	2.000000000000000e-01	2.074957475073248e-03	6.459747523484231e-03	2.141860022675237e-16	-1.023181539494536e-16	2.957834693272139e+05	1.774963813676352e+04	8.534704998557479e-03	3.884936058138220e+04	8.729413109328665e+03	9.027147446312581e+03	1.027256709572514e-17	-inf	
12	0.000000000000000e+00	3.999999999999999e-01	2.074957475073248e-03	6.459747523484231e-03	-9.249561117030433e-16	0.000000000000000e+00	2.957834693272139e+05	1.774963813676353e+04	8.534704998557479e-03	3.884936058138218e+04	8.729413109328660e+03	9.027147446312583e+03	4.002891118341697e-17	-inf	
13	2.000000000000000e-01	3.999999999999999e-01	2.074957475073248e-03	6.459747523484231e-03	3.175033709651490e-16	0.000000000000000e+00	2.957834693272139e+05	1.774963813676353e+04	8.534704998557479e-03	3.884936058138218e+04	8.729413109328660e+03	9.027147446312583e+03	1.374045111545764e-17	-inf	
14	3.999999999999999e-01	4.000000000000001e-01	2.074957475073248e-03	6.459747523484231e-03	8.762858509204030e-17	0.000000000000000e+00	2.957834693272139e+05	1.774963813676352e+04	8.534704998557479e-03	3.884936058138220e+04	8.729413109328665e+03	9.027147446312581e+03	3.792263011614021e-18	-inf	
15	6.000000000000001e-01	4.000000000000000e-01	2.074957475073248e-03	6.459747523484231e-03	-2.073647920042296e-16	-9.094947017729280e-19	2.957834693272139e+05	1.774963813676352e+04	8.534704998557479e-03	3.884936058138220e+04	8.729413109328665e+03	9.027147446312581e+03	8.974119500587223e-18	-inf	
16	8.000000000000000e-01	4.000000000000000e-01	2.074957475073248e-03	6.459747523484231e-03	-1.368789526168254e-16	0.000000000000000e+00	2.957834693272139e+05	1.774963813676353e+04	8.534704998557479e-03	3.884936058138218e+04	8.729413109328660e+03	9.027147446312583e+03	5.923649098431073e-18	-inf	
17	1.000000000000000e+00	4.000000000000000e-01	2.074957475073248e-03	6.459747523484231e-03	0.000000000000000e+00	0.000000000000000e+00	2.957834693272139e+05	1.774963813676353e+04	8.534704998557479e-03	3.884936058138218e+04	8.729413109328660e+03	9.027147446312583e+03	0.000000000000000e+00	-inf	
18	0.000000000000000e+00	6.000000000000000e-01	2.074957475073248e-03	6.459747523484231e-03	6.971276889089360e-16	1.293756213271983e-16	2.957834693272139e+05	1.774963813676353e+04	8.534704998557479e-03	3.884936058138218e+04	8.729413109328660e+03	9.027147446312583e+03	3.068442014569927e-17	-inf	
19	2.000000000000000e-01	6.000000000000000e-01	2.074957475073248e-03	6.459747523484231e-03	-4.165731618876095e-17	1.818989403545857e-18	2.957834693272139e+05	1.774963813676353e+04	8.534704998557479e-03	3.884936058138218e+04	8.729413109328660e+03	9.027147446312583e+03	1.804502854929801e-18	-inf	
20	4.000000000000001e-01	6.000000000000002e-01	2.074957475073248e-03	6.459747523484231e-03	0.000000000000000e+00	-1.311946107307444e-16	2.957834693272139e+05	1.774963813676353e+04	8.534704998557479e-03	3.884936058138218e+04	8.729413109328660e+03	9.027147446312583e+03	5.677650381718812e-18	-inf	
21	6.000000000000000e-01	6.000000000000001e-01	2.074957475073248e-03	6.459747523484231e-03	4.165731618876118e-17	-1.391526893712578e-16	2.957834693272139e+05	1.774963813676353e+04	8.534704998557479e-03	3.884936058138218e+04	8.729413109328660e+03	9.027147446312583e+03	6.286103955646942e-18	-inf	
22	8.000000000000000e-01	6.000000000000001e-01	2.074957475073248e-03	6.459747523484231e-03	1.377884473185981e-16	-9.094947017729286e-19	2.957834693272139e+05	1.774963813676353e+04	8.534704998557479e-03	3.884936058138218e+04	8.729413109328660e+03	9.027147446312583e+03	5.963138792002613e-18	-inf	
23	1.000000000000000e+00	6.000000000000001e-01	2.074957475073248e-03	6.459747523484231e-03	4.156390787102322e-16	-9.094947017729280e-19	2.957834693272139e+05	1.774963813676352e+04	8.534704998557479e-03	3.884936058138220e+04	8.729413109328665e+03	9.027147446312581e+03	1.798746922918135e-17	-inf	
24	0.000000000000000e+00	8.000000000000000e-01	2.074957475073248e-03	6.459747523484231e-03	-1.691660145297657e-16	0.000000000000000e+00	2.957834693272139e+05	1.774963813676352e+04	8.534704998557479e-03	3.884936058138220e+04	8.729413109328665e+03	9.027147446312581e+03	7.320921809356736e-18	-inf	
25	2.000000000000000e-01	8.000000000000000e-01	2.074957475073248e-03	6.459747523484231e-03	-1.391526893712579e-16	3.483364707790248e-16	2.957834693272139e+05	1.774963813676353e+04	8.534704998557479e-03	3.884936058138218e+04	8.729413109328660e+03	9.027147446312583e+03	1.623313602508074e-17	-inf	
26	3.999999999999999e-01	8.000000000000000e-01	2.074957475073248e-03	6.459747523484231e-03	-9.094947017729284e-19	0.000000000000000e+00	2.957834693272139e+05	1.774963813676353e+04	8.534704998557479e-03	3.884936058138218e+04	8.729413109328660e+03	9.027147446312583e+03	3.935979467396072e-20	-inf	
27	6.000000000000000e-01	8.000000000000000e-01	2.074957475073248e-03	6.459747523484231e-03	0.000000000000000e+00	-3.681179805425843e-16	2.957834693272139e+05	1.774963813676353e+04	8.534704998557479e-03	3.884936058138218e+04	8.729413109328660e+03	9.027147446312583e+03	1.593087689428524e-17	-inf	
28	8.000000000000000e-01	8.000000000000000e-01	2.074957475073248e-03	6.459747523484231e-03	0.000000000000000e+00	1.291482476517549e-16	2.957834693272139e+05	1.774963813676353e+04	8.534704998557479e-03	3.884936058138218e+04	8.729413109328660e+03	9.027147446312583e+03	5.589090843702380e-18	-inf	
29	1.000000000000000e+00	8.000000000000000e-01	2.074957475073248e-03	6.459747523484231e-03	-2.419255906716018e-16	-1.207354216603570e-16	2.957834693272139e+05	1.774963813676353e+04	8.534704998557479e-03	3.884936058138218e+04	8.729413109328660e+03	9.027147446312583e+03	1.170108922180884e-17	-inf	
30	0.000000000000000e+00	1.000000000000000e+00	2.074957475073248e-03	6.459747523484231e-03	1.818989403545857e-18	-2.605702320579430e-16	2.957834693272139e+05	1.774963813676353e+04	8.534704998557479e-03	3.884936058138218e+04	8.729413109328660e+03	9.027147446312583e+03	1.127685593370694e-17	-inf	
31	2.000000000000000e-01	1.000000000000000e+00	2.074957475073248e-03	6.459747523484231e-03	0.000000000000000e+00	0.000000000000000e+00	2.957834693272139e+05	1.774963813676353e+04	8.534704998557479e-03	3.884936058138218e+04	8.729413109328660e+03	9.027147446312583e+03	0.000000000000000e+00	-inf	
32	3.999999999999999e-01	1.000000000000000e+00	2.074957475073248e-03	6.459747523484231e-03	0.000000000000000e+00	0.000000000000000e+00	2.957834693272139e+05	1.774963813676353e+04	8.534704998557479e-03	3.884936058138218e+04	8.729413109328660e+03	9.027147446312583e+03	0.000000000000000e+00	-inf	
33	6.000000000000000e-01	1.000000000000000e+00	2.074957475073248e-03	6.459747523484231e-03	1.391526893712572e-16	-2.009983290918191e-16	2.957834693272139e+05	1.774963813676353e+04	8.534704998557479e-03	3.884936058138218e+04	8.729413109328660e+03	9.027147446312583e+03	1.057966094953388e-17	-inf	
34	8.000000000000000e-01	1.000000000000000e+00	2.074957475073248e-03	6.459747523484231e-03	0.000000000000000e+00	6.098161975387518e-16	2.957834693272139e+05	1.774963813676352e+04	8.534704998557479e-03	3.884936058138220e+04	8.729413109328665e+03	9.027147446312581e+03	2.639074232889080e-17	-inf	
35	1.000000000000000e+00	1.000000000000000e+00	2.074957475073248e-03	6.459747523484231e-03	-2.764863893389685e-16	-3.719833330251337e-16	2.957834693272139e+05	1.774963813676353e+04	8.534704998557479e-03	3.884936058138218e+04	8.729413109328660e+03	9.027147446312583e+03	2.005793827766237e-17	-inf	
EXT_ITER= 3943
AOA= 0.000000000000000e+00
SIDESLIP_ANGLE= 0.000000000000000e+00
INITIAL_BCTHRUST= 4.000000000000000e+03
DCD_DCL_VALUE= 0.000000000000000e+00
DCMX_DCL_VALUE= 0.000000000000000e+00
DCMY_DCL_VALUE= 0.000000000000000e+00
DCMZ_DCL_VALUE= 0.000000000000000e+00
