"PointID"	"x"	"y"	"Density[0]"	"Density[1]"	"Momentum_x"	"Momentum_y"	"Energy"	"Electronic_Energy"	"Total_Density"	"Pressure"	"Temperature"	"Tve"	"Mach"	"C<sub>p</sub>"
0	0.000000000000000e+00	0.000000000000000e+00	1.993620360824538e-03	6.541084637732942e-03	0.000000000000000e+00	0.000000000000000e+00	2.957834693272139e+05	1.631403402705117e+04	8.534704998557480e-03	3.820089031911553e+04	8.537391565787728e+03	8.740112156538455e+03	0.000000000000000e+00	-inf	
1	2.000000000000000e-01	0.000000000000000e+00	1.993620360824538e-03	6.541084637732942e-03	0.000000000000000e+00	1.105945557355880e-15	2.957834693272139e+05	1.631403402705117e+04	8.534704998557480e-03	3.820089031911553e+04	8.537391565787728e+03	8.740112156538455e+03	4.823165048524135e-17	-inf	
2	4.000000000000000e-01	0.000000000000000e+00	1.993620360824538e-03	6.541084637732942e-03	0.000000000000000e+00	-8.217284630518167e-16	2.957834693272139e+05	1.631403402705117e+04	8.534704998557480e-03	3.820089031911553e+04	8.537391565787728e+03	8.740112156538455e+03	3.583659228076836e-17	-inf	
3	6.000000000000001e-01	0.000000000000000e+00	1.993620360824538e-03	6.541084637732942e-03	0.000000000000000e+00	-5.352376319933684e-16	2.957834693272139e+05	1.631403402705117e+04	8.534704998557480e-03	3.820089031911553e+04	8.537391565787728e+03	8.740112156538455e+03	2.334237361066164e-17	-inf	
4	8.000000000000000e-01	0.000000000000000e+00	1.993620360824538e-03	6.541084637732942e-03	7.798917067702798e-17	0.000000000000000e+00	2.957834693272139e+05	1.631403402705117e+04	8.534704998557480e-03	3.820089031911553e+04	8.537391565787728e+03	8.740112156538455e+03	3.401203971307085e-18	-inf	
5	1.000000000000000e+00	0.000000000000000e+00	1.993620360824539e-03	6.541084637732942e-03	8.003553375601490e-17	1.332409738097343e-16	2.957834693272139e+05	1.631403402705117e+04	8.534704998557480e-03	3.820089031911552e+04	8.537391565787724e+03	8.740112156538455e+03	6.778544445341475e-18	-inf	
6	0.000000000000000e+00	2.000000000000000e-01	1.993620360824538e-03	6.541084637732942e-03	0.000000000000000e+00	0.000000000000000e+00	2.957834693272139e+05	1.631403402705117e+04	8.534704998557480e-03	3.820089031911553e+04	8.537391565787728e+03	8.740112156538455e+03	0.000000000000000e+00	-inf	
7	2.000000000000000e-01	2.000000000000000e-01	1.993620360824538e-03	6.541084637732942e-03	-4.199591785436369e-16	-1.818989403545857e-18	2.957834693272139e+05	1.631403402705117e+04	8.534704998557480e-03	3.820089031911553e+04	8.537391565787728e+03	8.740112156538455e+03	1.831510980152054e-17	-inf	
8	4.000000000000000e-01	2.000000000000000e-01	1.993620360824538e-03	6.541084637732942e-03	-5.520632839761670e-16	7.980816008057379e-17	2.957834693272139e+05	1.631403402705117e+04	8.534704998557480e-03	3.820089031911553e+04	8.537391565787728e+03	8.740112156538455e+03	2.432643904496586e-17	-inf	
9	5.999999999999999e-01	2.000000000000000e-01	1.993620360824538e-03	6.541084637732942e-03	0.000000000000000e+00	3.458353603491647e-16	2.957834693272139e+05	1.631403402705117e+04	8.534704998557480e-03	3.820089031911553e+04	8.537391565787728e+03	8.740112156538455e+03	1.508230682320189e-17	-inf	
10	7.999999999999999e-01	2.000000000000000e-01	1.993620360824538e-03	6.541084637732942e-03	6.389200279954855e-17	-2.839897206285955e-16	2.957834693272139e+05	1.631403402705117e+04	8.534704998557480e-03	3.820089031911553e+04	8.537391565787728e+03	8.740112156538455e+03	1.269471629683122e-17	-inf	
11	1.000000000000000e+00	2.000000000000000e-01	1.993620360824539e-03	6.541084637732942e-03	9.140421752817858e-17	-3.933564585167830e-17	2.957834693272139e+05	1.631403402705117e+04	8.534704998557480e-03	3.820089031911552e+04	8.537391565787724e+03	8.740112156538455e+03	4.339706544018323e-18	-inf	
12	0.000000000000000e+00	3.999999999999999e-01	1.993620360824538e-03	6.541084637732942e-03	-1.210537448059781e-15	0.000000000000000e+00	2.957834693272139e+05	1.631403402705117e+04	8.534704998557480e-03	3.820089031911553e+04	8.537391565787728e+03	8.740112156538455e+03	5.279303190448765e-17	-inf	
13	2.000000000000000e-01	3.999999999999999e-01	1.993620360824538e-03	6.541084637732942e-03	3.506901858136562e-16	0.000000000000000e+00	2.957834693272139e+05	1.631403402705117e+04	8.534704998557480e-03	3.820089031911553e+04	8.537391565787728e+03	8.740112156538455e+03	1.529403175252846e-17	-inf	
14	3.999999999999999e-01	4.000000000000001e-01	1.993620360824539e-03	6.541084637732942e-03	5.055693422858841e-17	0.000000000000000e+00	2.957834693272139e+05	1.631403402705117e+04	8.534704998557480e-03	3.820089031911552e+04	8.537391565787724e+03	8.740112156538455e+03	2.204850288605978e-18	-inf	
15	6.000000000000001e-01	4.000000000000000e-01	1.993620360824539e-03	6.541084637732942e-03	-2.933120413217771e-16	-9.094947017729280e-19	2.957834693272139e+05	1.631403402705117e+04	8.534704998557480e-03	3.820089031911552e+04	8.537391565787724e+03	8.740112156538455e+03	1.279176156173002e-17	-inf	
16	8.000000000000000e-01	4.000000000000000e-01	1.993620360824538e-03	6.541084637732942e-03	-8.799361239653075e-17	0.000000000000000e+00	2.957834693272139e+05	1.631403402705117e+04	8.534704998557480e-03	3.820089031911553e+04	8.537391565787728e+03	8.740112156538455e+03	3.837510020104524e-18	-inf	
17	1.000000000000000e+00	4.000000000000000e-01	1.993620360824538e-03	6.541084637732942e-03	0.000000000000000e+00	0.000000000000000e+00	2.957834693272139e+05	1.631403402705117e+04	8.534704998557480e-03	3.820089031911553e+04	8.537391565787728e+03	8.740112156538455e+03	0.000000000000000e+00	-inf	
18	0.000000000000000e+00	6.000000000000000e-01	1.993620360824538e-03	6.541084637732942e-03	8.217284630518167e-16	7.798917067702792e-17	2.957834693272139e+05	1.631403402705117e+04	8.534704998557480e-03	3.820089031911553e+04	8.537391565787728e+03	8.740112156538455e+03	3.599763234925960e-17	-inf	
19	2.000000000000000e-01	6.000000000000000e-01	1.993620360824538e-03	6.541084637732942e-03	8.420775867134278e-19	1.818989403545857e-18	2.957834693272139e+05	1.631403402705117e+04	8.534704998557480e-03	3.820089031911553e+04	8.537391565787728e+03	8.740112156538455e+03	8.741650871095310e-20	-inf	
20	4.000000000000001e-01	6.000000000000002e-01	1.993620360824538e-03	6.541084637732942e-03	0.000000000000000e+00	-7.980816008057394e-17	2.957834693272139e+05	1.631403402705117e+04	8.534704998557480e-03	3.820089031911553e+04	8.537391565787728e+03	8.740112156538455e+03	3.480532343815710e-18	-inf	
21	6.000000000000000e-01	6.000000000000001e-01	1.993620360824538e-03	6.541084637732942e-03	-8.420775867130765e-19	-8.003553375601768e-17	2.957834693272139e+05	1.631403402705117e+04	8.534704998557480e-03	3.820089031911553e+04	8.537391565787728e+03	8.740112156538455e+03	3.490641577305219e-18	-inf	
22	8.000000000000000e-01	6.000000000000001e-01	1.993620360824538e-03	6.541084637732942e-03	8.890310709830348e-17	-9.094947017729286e-19	2.957834693272139e+05	1.631403402705117e+04	8.534704998557480e-03	3.820089031911553e+04	8.537391565787728e+03	8.740112156538455e+03	3.877377086913962e-18	-inf	
23	1.000000000000000e+00	6.000000000000001e-01	1.993620360824539e-03	6.541084637732942e-03	5.875335773453271e-16	-9.094947017729280e-19	2.957834693272139e+05	1.631403402705117e+04	8.534704998557480e-03	3.820089031911552e+04	8.537391565787724e+03	8.740112156538455e+03	2.562309502010133e-17	-inf	
24	0.000000000000000e+00	8.000000000000000e-01	1.993620360824539e-03	6.541084637732942e-03	-7.003109203651650e-17	0.000000000000000e+00	2.957834693272139e+05	1.631403402705117e+04	8.534704998557480e-03	3.820089031911552e+04	8.537391565787724e+03	8.740112156538455e+03	3.054142341581942e-18	-inf	
25	2.000000000000000e-01	8.000000000000000e-01	1.993620360824538e-03	6.541084637732942e-03	-8.003553375601773e-17	4.190496838418640e-16	2.957834693272139e+05	1.631403402705117e+04	8.534704998557480e-03	3.820089031911553e+04	8.537391565787728e+03	8.740112156538455e+03	1.860561375070097e-17	-inf	
26	3.999999999999999e-01	8.000000000000000e-01	1.993620360824538e-03	6.541084637732942e-03	-9.094947017729284e-19	0.000000000000000e+00	2.957834693272139e+05	1.631403402705117e+04	8.534704998557480e-03	3.820089031911553e+04	8.537391565787728e+03	8.740112156538455e+03	3.966418625431036e-20	-inf	
27	6.000000000000000e-01	8.000000000000000e-01	1.993620360824538e-03	6.541084637732942e-03	0.000000000000000e+00	-5.138645065016989e-16	2.957834693272139e+05	1.631403402705117e+04	8.534704998557480e-03	3.820089031911553e+04	8.537391565787728e+03	8.740112156538455e+03	2.241026523368511e-17	-inf	
28	8.000000000000000e-01	8.000000000000000e-01	1.993620360824538e-03	6.541084637732942e-03	0.000000000000000e+00	7.776179700158442e-17	2.957834693272139e+05	1.631403402705117e+04	8.534704998557480e-03	3.820089031911553e+04	8.537391565787728e+03	8.740112156538455e+03	3.391287924743493e-18	-inf	
29	1.000000000000000e+00	8.000000000000000e-01	1.993620360824538e-03	6.541084637732942e-03	-5.334186425898227e-16	-6.480149750132205e-17	2.957834693272139e+05	1.631403402705117e+04	8.534704998557480e-03	3.820089031911553e+04	8.537391565787728e+03	8.740112156538455e+03	2.343407697954552e-17	-inf	
30	0.000000000000000e+00	1.000000000000000e+00	1.993620360824538e-03	6.541084637732942e-03	1.818989403545857e-18	-1.577973307576021e-16	2.957834693272139e+05	1.631403402705117e+04	8.534704998557480e-03	3.820089031911553e+04	8.537391565787728e+03	8.740112156538455e+03	6.882193523983822e-18	-inf	
31	2.000000000000000e-01	1.000000000000000e+00	1.993620360824538e-03	6.541084637732942e-03	0.000000000000000e+00	0.000000000000000e+00	2.957834693272139e+05	1.631403402705117e+04	8.534704998557480e-03	3.820089031911553e+04	8.537391565787728e+03	8.740112156538455e+03	0.000000000000000e+00	-inf	
32	3.999999999999999e-01	1.000000000000000e+00	1.993620360824538e-03	6.541084637732942e-03	0.000000000000000e+00	0.000000000000000e+00	2.957834693272139e+05	1.631403402705117e+04	8.534704998557480e-03	3.820089031911553e+04	8.537391565787728e+03	8.740112156538455e+03	0.000000000000000e+00	-inf	
33	6.000000000000000e-01	1.000000000000000e+00	1.993620360824538e-03	6.541084637732942e-03	9.026734915096268e-17	-3.255991032347133e-16	2.957834693272139e+05	1.631403402705117e+04	8.534704998557480e-03	3.820089031911553e+04	8.537391565787728e+03	8.740112156538455e+03	1.473536864306801e-17	-inf	
34	8.000000000000000e-01	1.000000000000000e+00	1.993620360824539e-03	6.541084637732942e-03	0.000000000000000e+00	2.096385287586547e-16	2.957834693272139e+05	1.631403402705117e+04	8.534704998557480e-03	3.820089031911552e+04	8.537391565787724e+03	8.740112156538455e+03	9.142594931618308e-18	-inf	
35	1.000000000000000e+00	1.000000000000000e+00	1.993620360824538e-03	6.541084637732942e-03	-1.787157088983795e-16	-1.577973307576039e-16	2.957834693272139e+05	1.631403402705117e+04	8.534704998557480e-03	3.820089031911553e+04	8.537391565787728e+03	8.740112156538455e+03	1.039735192747723e-17	-inf	
EXT_ITER= 5486
AOA= 0.000000000000000e+00
SIDESLIP_ANGLE= 0.000000000000000e+00
INITIAL_BCTHRUST= 4.000000000000000e+03
DCD_DCL_VALUE= 0.000000000000000e+00
DCMX_DCL_VALUE= 0.000000000000000e+00
DCMY_DCL_VALUE= 0.000000000000000e+00
DCMZ_DCL_VALUE= 0.000000000000000e+00
