"PointID"	"x"	"y"	"Density[0]"	"Density[1]"	"Momentum_x"	"Momentum_y"	"Energy"	"Electronic_Energy"	"Total_Density"	"Pressure"	"Temperature"	"Tve"	"Mach"	"C<sub>p</sub>"
0	0.000000000000000e+00	0.000000000000000e+00	2.360539583919591e-03	6.174165414637892e-03	0.000000000000000e+00	0.000000000000000e+00	2.957834693272139e+05	2.479179585394080e+04	8.534704998557484e-03	3.986944399448244e+04	9.132562269272306e+03	1.038952415088888e+04	0.000000000000000e+00	-inf	
1	2.000000000000000e-01	0.000000000000000e+00	2.360539583919591e-03	6.174165414637892e-03	0.000000000000000e+00	3.478817234281505e-16	2.957834693272139e+05	2.479179585394080e+04	8.534704998557484e-03	3.986944399448244e+04	9.132562269272306e+03	1.038952415088888e+04	1.489890691122712e-17	-inf	
2	4.000000000000000e-01	0.000000000000000e+00	2.360539583919591e-03	6.174165414637892e-03	0.000000000000000e+00	-2.501110429875584e-16	2.957834693272139e+05	2.479179585394080e+04	8.534704998557484e-03	3.986944399448244e+04	9.132562269272306e+03	1.038952415088888e+04	1.071163241983645e-17	-inf	
3	6.000000000000001e-01	0.000000000000000e+00	2.360539583919591e-03	6.174165414637892e-03	0.000000000000000e+00	-9.003997547551973e-17	2.957834693272139e+05	2.479179585394080e+04	8.534704998557484e-03	3.986944399448244e+04	9.132562269272306e+03	1.038952415088888e+04	3.856187671141068e-18	-inf	
4	8.000000000000000e-01	0.000000000000000e+00	2.360539583919591e-03	6.174165414637892e-03	5.018137017032136e-16	0.000000000000000e+00	2.957834693272139e+05	2.479179585394080e+04	8.534704998557484e-03	3.986944399448244e+04	9.132562269272306e+03	1.038952415088888e+04	2.149142977325344e-17	-inf	
5	1.000000000000000e+00	0.000000000000000e+00	2.360539583919592e-03	6.174165414637892e-03	9.749783203005779e-16	8.594724931754153e-17	2.957834693272139e+05	2.479179585394080e+04	8.534704998557484e-03	3.986944399448244e+04	9.132562269272306e+03	1.038952415088888e+04	4.191781821238052e-17	-inf	
6	0.000000000000000e+00	2.000000000000000e-01	2.360539583919591e-03	6.174165414637892e-03	0.000000000000000e+00	0.000000000000000e+00	2.957834693272139e+05	2.479179585394080e+04	8.534704998557484e-03	3.986944399448244e+04	9.132562269272306e+03	1.038952415088888e+04	0.000000000000000e+00	-inf	
7	2.000000000000000e-01	2.000000000000000e-01	2.360539583919591e-03	6.174165414637892e-03	-1.386979420203735e-16	-1.818989403545857e-18	2.957834693272139e+05	2.479179585394080e+04	8.534704998557484e-03	3.986944399448244e+04	9.132562269272306e+03	1.038952415088888e+04	5.940597885128051e-18	-inf	
8	4.000000000000000e-01	2.000000000000000e-01	2.360539583919591e-03	6.174165414637892e-03	-1.730313670123023e-16	5.036326911067593e-16	2.957834693272139e+05	2.479179585394080e+04	8.534704998557484e-03	3.986944399448244e+04	9.132562269272306e+03	1.038952415088888e+04	2.280683335540977e-17	-inf	
9	5.999999999999999e-01	2.000000000000000e-01	2.360539583919591e-03	6.174165414637892e-03	0.000000000000000e+00	5.461515684146424e-16	2.957834693272139e+05	2.479179585394080e+04	8.534704998557484e-03	3.986944399448244e+04	9.132562269272306e+03	1.038952415088888e+04	2.339031006586072e-17	-inf	
10	7.999999999999999e-01	2.000000000000000e-01	2.360539583919591e-03	6.174165414637892e-03	4.938556230626993e-16	-8.299139153678025e-17	2.957834693272139e+05	2.479179585394080e+04	8.534704998557484e-03	3.986944399448244e+04	9.132562269272306e+03	1.038952415088888e+04	2.144717340660069e-17	-inf	
11	1.000000000000000e+00	2.000000000000000e-01	2.360539583919592e-03	6.174165414637892e-03	9.840732673183064e-16	-4.906723916064938e-16	2.957834693272139e+05	2.479179585394080e+04	8.534704998557484e-03	3.986944399448244e+04	9.132562269272306e+03	1.038952415088888e+04	4.709389447422299e-17	-inf	
12	0.000000000000000e+00	3.999999999999999e-01	2.360539583919591e-03	6.174165414637892e-03	-3.878994903061604e-16	0.000000000000000e+00	2.957834693272139e+05	2.479179585394080e+04	8.534704998557484e-03	3.986944399448244e+04	9.132562269272306e+03	1.038952415088888e+04	1.661276809840097e-17	-inf	
13	2.000000000000000e-01	3.999999999999999e-01	2.360539583919591e-03	6.174165414637892e-03	5.970095842316367e-16	0.000000000000000e+00	2.957834693272139e+05	2.479179585394080e+04	8.534704998557484e-03	3.986944399448244e+04	9.132562269272306e+03	1.038952415088888e+04	2.556843208928922e-17	-inf	
14	3.999999999999999e-01	4.000000000000001e-01	2.360539583919592e-03	6.174165414637892e-03	4.624043683692426e-16	0.000000000000000e+00	2.957834693272139e+05	2.479179585394080e+04	8.534704998557484e-03	3.986944399448244e+04	9.132562269272306e+03	1.038952415088888e+04	1.980362627788636e-17	-inf	
15	6.000000000000001e-01	4.000000000000000e-01	2.360539583919592e-03	6.174165414637892e-03	-5.250058165984225e-16	-9.094947017729280e-19	2.957834693272139e+05	2.479179585394080e+04	8.534704998557484e-03	3.986944399448244e+04	9.132562269272306e+03	1.038952415088888e+04	2.248472397272979e-17	-inf	
16	8.000000000000000e-01	4.000000000000000e-01	2.360539583919591e-03	6.174165414637892e-03	-5.029505700804288e-16	0.000000000000000e+00	2.957834693272139e+05	2.479179585394080e+04	8.534704998557484e-03	3.986944399448244e+04	9.132562269272306e+03	1.038952415088888e+04	2.154011901152538e-17	-inf	
17	1.000000000000000e+00	4.000000000000000e-01	2.360539583919591e-03	6.174165414637892e-03	0.000000000000000e+00	0.000000000000000e+00	2.957834693272139e+05	2.479179585394080e+04	8.534704998557484e-03	3.986944399448244e+04	9.132562269272306e+03	1.038952415088888e+04	0.000000000000000e+00	-inf	
18	0.000000000000000e+00	6.000000000000000e-01	2.360539583919591e-03	6.174165414637892e-03	2.501110429875584e-16	5.018137017032135e-16	2.957834693272139e+05	2.479179585394080e+04	8.534704998557484e-03	3.986944399448244e+04	9.132562269272306e+03	1.038952415088888e+04	2.401292616064055e-17	-inf	
19	2.000000000000000e-01	6.000000000000000e-01	2.360539583919591e-03	6.174165414637892e-03	-9.242321982311315e-18	1.818989403545857e-18	2.957834693272139e+05	2.479179585394080e+04	8.534704998557484e-03	3.986944399448244e+04	9.132562269272306e+03	1.038952415088888e+04	4.034188340417718e-19	-inf	
20	4.000000000000001e-01	6.000000000000002e-01	2.360539583919591e-03	6.174165414637892e-03	0.000000000000000e+00	-5.036326911067597e-16	2.957834693272139e+05	2.479179585394080e+04	8.534704998557484e-03	3.986944399448244e+04	9.132562269272306e+03	1.038952415088888e+04	2.156933255448862e-17	-inf	
21	6.000000000000000e-01	6.000000000000001e-01	2.360539583919591e-03	6.174165414637892e-03	9.242321982311155e-18	-5.029505700804284e-16	2.957834693272139e+05	2.479179585394080e+04	8.534704998557484e-03	3.986944399448244e+04	9.132562269272306e+03	1.038952415088888e+04	2.154375559049563e-17	-inf	
22	8.000000000000000e-01	6.000000000000001e-01	2.360539583919591e-03	6.174165414637892e-03	5.038600647822016e-16	-9.094947017729286e-19	2.957834693272139e+05	2.479179585394080e+04	8.534704998557484e-03	3.986944399448244e+04	9.132562269272306e+03	1.038952415088888e+04	2.157910555679900e-17	-inf	
23	1.000000000000000e+00	6.000000000000001e-01	2.360539583919592e-03	6.174165414637892e-03	1.050921127898618e-15	-9.094947017729280e-19	2.957834693272139e+05	2.479179585394080e+04	8.534704998557484e-03	3.986944399448244e+04	9.132562269272306e+03	1.038952415088888e+04	4.500834871339556e-17	-inf	
24	0.000000000000000e+00	8.000000000000000e-01	2.360539583919592e-03	6.174165414637892e-03	-9.627001418266439e-16	0.000000000000000e+00	2.957834693272139e+05	2.479179585394080e+04	8.534704998557484e-03	3.986944399448244e+04	9.132562269272306e+03	1.038952415088888e+04	4.123004696871541e-17	-inf	
25	2.000000000000000e-01	8.000000000000000e-01	2.360539583919591e-03	6.174165414637892e-03	-5.029505700804284e-16	1.377884473186005e-16	2.957834693272139e+05	2.479179585394080e+04	8.534704998557484e-03	3.986944399448244e+04	9.132562269272306e+03	1.038952415088888e+04	2.233383373555697e-17	-inf	
26	3.999999999999999e-01	8.000000000000000e-01	2.360539583919591e-03	6.174165414637892e-03	-9.094947017729284e-19	0.000000000000000e+00	2.957834693272139e+05	2.479179585394080e+04	8.534704998557484e-03	3.986944399448244e+04	9.132562269272306e+03	1.038952415088888e+04	3.895139061758663e-20	-inf	
27	6.000000000000000e-01	8.000000000000000e-01	2.360539583919591e-03	6.174165414637892e-03	0.000000000000000e+00	-1.246007741428927e-16	2.957834693272139e+05	2.479179585394080e+04	8.534704998557484e-03	3.986944399448244e+04	9.132562269272306e+03	1.038952415088888e+04	5.336340514609433e-18	-inf	
28	8.000000000000000e-01	8.000000000000000e-01	2.360539583919591e-03	6.174165414637892e-03	0.000000000000000e+00	5.015863280277694e-16	2.957834693272139e+05	2.479179585394080e+04	8.534704998557484e-03	3.986944399448244e+04	9.132562269272306e+03	1.038952415088888e+04	2.148169192559900e-17	-inf	
29	1.000000000000000e+00	8.000000000000000e-01	2.360539583919591e-03	6.174165414637892e-03	-8.822098607197387e-17	-4.952198651153586e-16	2.957834693272139e+05	2.479179585394080e+04	8.534704998557484e-03	3.986944399448244e+04	9.132562269272306e+03	1.038952415088888e+04	2.154294509113988e-17	-inf	
30	0.000000000000000e+00	1.000000000000000e+00	2.360539583919591e-03	6.174165414637892e-03	1.818989403545857e-18	-1.005446392809973e-15	2.957834693272139e+05	2.479179585394080e+04	8.534704998557484e-03	3.986944399448244e+04	9.132562269272306e+03	1.038952415088888e+04	4.306083279605276e-17	-inf	
31	2.000000000000000e-01	1.000000000000000e+00	2.360539583919591e-03	6.174165414637892e-03	0.000000000000000e+00	0.000000000000000e+00	2.957834693272139e+05	2.479179585394080e+04	8.534704998557484e-03	3.986944399448244e+04	9.132562269272306e+03	1.038952415088888e+04	0.000000000000000e+00	-inf	
32	3.999999999999999e-01	1.000000000000000e+00	2.360539583919591e-03	6.174165414637892e-03	0.000000000000000e+00	0.000000000000000e+00	2.957834693272139e+05	2.479179585394080e+04	8.534704998557484e-03	3.986944399448244e+04	9.132562269272306e+03	1.038952415088888e+04	0.000000000000000e+00	-inf	
33	6.000000000000000e-01	1.000000000000000e+00	2.360539583919591e-03	6.174165414637892e-03	5.052243068348607e-16	-8.731149137020095e-17	2.957834693272139e+05	2.479179585394080e+04	8.534704998557484e-03	3.986944399448244e+04	9.132562269272306e+03	1.038952415088888e+04	2.195823108916349e-17	-inf	
34	8.000000000000000e-01	1.000000000000000e+00	2.360539583919592e-03	6.174165414637892e-03	0.000000000000000e+00	1.014996087178590e-15	2.957834693272139e+05	2.479179585394080e+04	8.534704998557484e-03	3.986944399448244e+04	9.132562269272306e+03	1.038952415088888e+04	4.346975192922676e-17	-inf	
35	1.000000000000000e+00	1.000000000000000e+00	2.360539583919591e-03	6.174165414637892e-03	-1.008629624266175e-15	-7.730704965069872e-17	2.957834693272139e+05	2.479179585394080e+04	8.534704998557484e-03	3.986944399448244e+04	9.132562269272306e+03	1.038952415088888e+04	4.332378818096684e-17	-inf	
EXT_ITER= 1441
AOA= 0.000000000000000e+00
SIDESLIP_ANGLE= 0.000000000000000e+00
INITIAL_BCTHRUST= 4.000000000000000e+03
DCD_DCL_VALUE= 0.000000000000000e+00
DCMX_DCL_VALUE= 0.000000000000000e+00
DCMY_DCL_VALUE= 0.000000000000000e+00
DCMZ_DCL_VALUE= 0.000000000000000e+00
