"PointID"	"x"	"y"	"Density[0]"	"Density[1]"	"Momentum_x"	"Momentum_y"	"Energy"	"Electronic_Energy"	"Total_Density"	"Pressure"	"Temperature"	"Tve"	"Mach"	"C<sub>p</sub>"
0	0.000000000000000e+00	0.000000000000000e+00	2.321292812238782e-03	6.213412186318702e-03	0.000000000000000e+00	0.000000000000000e+00	2.957834693272139e+05	2.363709623299227e+04	8.534704998557484e-03	3.984486161694155e+04	9.102643366454724e+03	1.017103008315381e+04	0.000000000000000e+00	-inf	
1	2.000000000000000e-01	0.000000000000000e+00	2.321292812238782e-03	6.213412186318702e-03	0.000000000000000e+00	3.969944373238899e-16	2.957834693272139e+05	2.363709623299227e+04	8.534704998557484e-03	3.984486161694155e+04	9.102643366454724e+03	1.017103008315381e+04	1.700157345370302e-17	-inf	
2	4.000000000000000e-01	0.000000000000000e+00	2.321292812238782e-03	6.213412186318702e-03	0.000000000000000e+00	-2.864908310584764e-16	2.957834693272139e+05	2.363709623299227e+04	8.534704998557484e-03	3.984486161694155e+04	9.102643366454724e+03	1.017103008315381e+04	1.226917671916710e-17	-inf	
3	6.000000000000001e-01	0.000000000000000e+00	2.321292812238782e-03	6.213412186318702e-03	0.000000000000000e+00	-9.003997547551973e-17	2.957834693272139e+05	2.363709623299227e+04	8.534704998557484e-03	3.984486161694155e+04	9.102643366454724e+03	1.017103008315381e+04	3.856026968881027e-18	-inf	
4	8.000000000000000e-01	0.000000000000000e+00	2.321292812238782e-03	6.213412186318702e-03	4.949924914399162e-16	0.000000000000000e+00	2.957834693272139e+05	2.363709623299227e+04	8.534704998557484e-03	3.984486161694155e+04	9.102643366454724e+03	1.017103008315381e+04	2.119841088700508e-17	-inf	
5	1.000000000000000e+00	0.000000000000000e+00	2.321292812238783e-03	6.213412186318702e-03	9.531504474580267e-16	1.000444171950219e-16	2.957834693272139e+05	2.363709623299227e+04	8.534704998557486e-03	3.984486161694155e+04	9.102643366454722e+03	1.017103008315381e+04	4.104359342468659e-17	-inf	
6	0.000000000000000e+00	2.000000000000000e-01	2.321292812238782e-03	6.213412186318702e-03	0.000000000000000e+00	0.000000000000000e+00	2.957834693272139e+05	2.363709623299227e+04	8.534704998557484e-03	3.984486161694155e+04	9.102643366454724e+03	1.017103008315381e+04	0.000000000000000e+00	-inf	
7	2.000000000000000e-01	2.000000000000000e-01	2.321292812238782e-03	6.213412186318702e-03	-1.575699570821622e-16	-1.818989403545857e-18	2.957834693272139e+05	2.363709623299227e+04	8.534704998557484e-03	3.984486161694155e+04	9.102643366454724e+03	1.017103008315381e+04	6.748496817126863e-18	-inf	
8	4.000000000000000e-01	2.000000000000000e-01	2.321292812238782e-03	6.213412186318702e-03	-1.975877239601720e-16	4.968114808434619e-16	2.957834693272139e+05	2.363709623299227e+04	8.534704998557484e-03	3.984486161694155e+04	9.102643366454724e+03	1.017103008315381e+04	2.289725026920895e-17	-inf	
9	5.999999999999999e-01	2.000000000000000e-01	2.321292812238782e-03	6.213412186318702e-03	0.000000000000000e+00	5.388756108004591e-16	2.957834693272139e+05	2.363709623299227e+04	8.534704998557484e-03	3.984486161694155e+04	9.102643366454724e+03	1.017103008315381e+04	2.307773716224251e-17	-inf	
10	7.999999999999999e-01	2.000000000000000e-01	2.321292812238782e-03	6.213412186318702e-03	4.838511813431977e-16	-9.094947017729357e-17	2.957834693272139e+05	2.363709623299227e+04	8.534704998557484e-03	3.984486161694155e+04	9.102643366454724e+03	1.017103008315381e+04	2.108416781991365e-17	-inf	
11	1.000000000000000e+00	2.000000000000000e-01	2.321292812238783e-03	6.213412186318702e-03	9.599716577213238e-16	-4.786215868080025e-16	2.957834693272139e+05	2.363709623299227e+04	8.534704998557486e-03	3.984486161694155e+04	9.102643366454722e+03	1.017103008315381e+04	4.593793277800644e-17	-inf	
12	0.000000000000000e+00	3.999999999999999e-01	2.321292812238782e-03	6.213412186318702e-03	-4.383764462545591e-16	0.000000000000000e+00	2.957834693272139e+05	2.363709623299227e+04	8.534704998557484e-03	3.984486161694155e+04	9.102643366454724e+03	1.017103008315381e+04	1.877378786869385e-17	-inf	
13	2.000000000000000e-01	3.999999999999999e-01	2.321292812238782e-03	6.213412186318702e-03	5.966319390186910e-16	0.000000000000000e+00	2.957834693272139e+05	2.363709623299227e+04	8.534704998557484e-03	3.984486161694155e+04	9.102643366454724e+03	1.017103008315381e+04	2.555119362485114e-17	-inf	
14	3.999999999999999e-01	4.000000000000001e-01	2.321292812238783e-03	6.213412186318702e-03	4.504306657086914e-16	0.000000000000000e+00	2.957834693272139e+05	2.363709623299227e+04	8.534704998557486e-03	3.984486161694155e+04	9.102643366454722e+03	1.017103008315381e+04	1.929001852133970e-17	-inf	
15	6.000000000000001e-01	4.000000000000000e-01	2.321292812238783e-03	6.213412186318702e-03	-5.140918801771471e-16	-9.094947017729280e-19	2.957834693272139e+05	2.363709623299227e+04	8.534704998557486e-03	3.984486161694155e+04	9.102643366454722e+03	1.017103008315381e+04	2.201639045516495e-17	-inf	
16	8.000000000000000e-01	4.000000000000000e-01	2.321292812238782e-03	6.213412186318702e-03	-4.956746124662455e-16	0.000000000000000e+00	2.957834693272139e+05	2.363709623299227e+04	8.534704998557484e-03	3.984486161694155e+04	9.102643366454724e+03	1.017103008315381e+04	2.122762321252689e-17	-inf	
17	1.000000000000000e+00	4.000000000000000e-01	2.321292812238782e-03	6.213412186318702e-03	0.000000000000000e+00	0.000000000000000e+00	2.957834693272139e+05	2.363709623299227e+04	8.534704998557484e-03	3.984486161694155e+04	9.102643366454724e+03	1.017103008315381e+04	0.000000000000000e+00	-inf	
18	0.000000000000000e+00	6.000000000000000e-01	2.321292812238782e-03	6.213412186318702e-03	2.864908310584764e-16	4.949924914399161e-16	2.957834693272139e+05	2.363709623299227e+04	8.534704998557484e-03	3.984486161694155e+04	9.102643366454724e+03	1.017103008315381e+04	2.449296473480593e-17	-inf	
19	2.000000000000000e-01	6.000000000000000e-01	2.321292812238782e-03	6.213412186318702e-03	-1.136185446086183e-17	1.818989403545857e-18	2.957834693272139e+05	2.363709623299227e+04	8.534704998557484e-03	3.984486161694155e+04	9.102643366454724e+03	1.017103008315381e+04	4.927758779635223e-19	-inf	
20	4.000000000000001e-01	6.000000000000002e-01	2.321292812238782e-03	6.213412186318702e-03	0.000000000000000e+00	-4.968114808434623e-16	2.957834693272139e+05	2.363709623299227e+04	8.534704998557484e-03	3.984486161694155e+04	9.102643366454724e+03	1.017103008315381e+04	2.127631042172995e-17	-inf	
21	6.000000000000000e-01	6.000000000000001e-01	2.321292812238782e-03	6.213412186318702e-03	1.136185446086169e-17	-4.956746124662451e-16	2.957834693272139e+05	2.363709623299227e+04	8.534704998557484e-03	3.984486161694155e+04	9.102643366454724e+03	1.017103008315381e+04	2.123319916972951e-17	-inf	
22	8.000000000000000e-01	6.000000000000001e-01	2.321292812238782e-03	6.213412186318702e-03	4.965841071680183e-16	-9.094947017729286e-19	2.957834693272139e+05	2.363709623299227e+04	8.534704998557484e-03	3.984486161694155e+04	9.102643366454724e+03	1.017103008315381e+04	2.126660864814453e-17	-inf	
23	1.000000000000000e+00	6.000000000000001e-01	2.321292812238783e-03	6.213412186318702e-03	1.029093255056067e-15	-9.094947017729280e-19	2.957834693272139e+05	2.363709623299227e+04	8.534704998557486e-03	3.984486161694155e+04	9.102643366454722e+03	1.017103008315381e+04	4.407167898215455e-17	-inf	
24	0.000000000000000e+00	8.000000000000000e-01	2.321292812238783e-03	6.213412186318702e-03	-9.408722689840931e-16	0.000000000000000e+00	2.957834693272139e+05	2.363709623299227e+04	8.534704998557486e-03	3.984486161694155e+04	9.102643366454722e+03	1.017103008315381e+04	4.029353433643863e-17	-inf	
25	2.000000000000000e-01	8.000000000000000e-01	2.321292812238782e-03	6.213412186318702e-03	-4.956746124662451e-16	1.566604623803892e-16	2.957834693272139e+05	2.363709623299227e+04	8.534704998557484e-03	3.984486161694155e+04	9.102643366454724e+03	1.017103008315381e+04	2.226261385268617e-17	-inf	
26	3.999999999999999e-01	8.000000000000000e-01	2.321292812238782e-03	6.213412186318702e-03	-9.094947017729284e-19	0.000000000000000e+00	2.957834693272139e+05	2.363709623299227e+04	8.534704998557484e-03	3.984486161694155e+04	9.102643366454724e+03	1.017103008315381e+04	3.894976736243469e-20	-inf	
27	6.000000000000000e-01	8.000000000000000e-01	2.321292812238782e-03	6.213412186318702e-03	0.000000000000000e+00	-1.427906681783517e-16	2.957834693272139e+05	2.363709623299227e+04	8.534704998557484e-03	3.984486161694155e+04	9.102643366454724e+03	1.017103008315381e+04	6.115113475902330e-18	-inf	
28	8.000000000000000e-01	8.000000000000000e-01	2.321292812238782e-03	6.213412186318702e-03	0.000000000000000e+00	4.943103704135858e-16	2.957834693272139e+05	2.363709623299227e+04	8.534704998557484e-03	3.984486161694155e+04	9.102643366454724e+03	1.017103008315381e+04	2.116919856148322e-17	-inf	
29	1.000000000000000e+00	8.000000000000000e-01	2.321292812238782e-03	6.213412186318702e-03	-8.822098607197387e-17	-4.852154233958569e-16	2.957834693272139e+05	2.363709623299227e+04	8.534704998557484e-03	3.984486161694155e+04	9.102643366454724e+03	1.017103008315381e+04	2.112037442607509e-17	-inf	
30	0.000000000000000e+00	1.000000000000000e+00	2.321292812238782e-03	6.213412186318702e-03	1.818989403545857e-18	-9.918039722833783e-16	2.957834693272139e+05	2.363709623299227e+04	8.534704998557484e-03	3.984486161694155e+04	9.102643366454724e+03	1.017103008315381e+04	4.247479274336980e-17	-inf	
31	2.000000000000000e-01	1.000000000000000e+00	2.321292812238782e-03	6.213412186318702e-03	0.000000000000000e+00	0.000000000000000e+00	2.957834693272139e+05	2.363709623299227e+04	8.534704998557484e-03	3.984486161694155e+04	9.102643366454724e+03	1.017103008315381e+04	0.000000000000000e+00	-inf	
32	3.999999999999999e-01	1.000000000000000e+00	2.321292812238782e-03	6.213412186318702e-03	0.000000000000000e+00	0.000000000000000e+00	2.957834693272139e+05	2.363709623299227e+04	8.534704998557484e-03	3.984486161694155e+04	9.102643366454724e+03	1.017103008315381e+04	0.000000000000000e+00	-inf	
33	6.000000000000000e-01	1.000000000000000e+00	2.321292812238782e-03	6.213412186318702e-03	4.979483492206773e-16	-8.731149137020095e-17	2.957834693272139e+05	2.363709623299227e+04	8.534704998557484e-03	3.984486161694155e+04	9.102643366454724e+03	1.017103008315381e+04	2.165033426030981e-17	-inf	
34	8.000000000000000e-01	1.000000000000000e+00	2.321292812238783e-03	6.213412186318702e-03	0.000000000000000e+00	1.009084371617064e-15	2.957834693272139e+05	2.363709623299227e+04	8.534704998557486e-03	3.984486161694155e+04	9.102643366454722e+03	1.017103008315381e+04	4.321476688862129e-17	-inf	
35	1.000000000000000e+00	1.000000000000000e+00	2.321292812238782e-03	6.213412186318702e-03	-9.940777090378088e-16	-9.913492249324894e-17	2.957834693272139e+05	2.363709623299227e+04	8.534704998557484e-03	3.984486161694155e+04	9.102643366454724e+03	1.017103008315381e+04	4.278326558470005e-17	-inf	
EXT_ITER= 1632
AOA= 0.000000000000000e+00
SIDESLIP_ANGLE= 0.000000000000000e+00
INITIAL_BCTHRUST= 4.000000000000000e+03
DCD_DCL_VALUE= 0.000000000000000e+00
DCMX_DCL_VALUE= 0.000000000000000e+00
DCMY_DCL_VALUE= 0.000000000000000e+00
DCMZ_DCL_VALUE= 0.000000000000000e+00
