"PointID"	"x"	"y"	"Density[0]"	"Density[1]"	"Momentum_x"	"Momentum_y"	"Energy"	"Electronic_Energy"	"Total_Density"	"Pressure"	"Temperature"	"Tve"	"Mach"	"C<sub>p</sub>"
0	0.000000000000000e+00	0.000000000000000e+00	1.965790669713828e-03	6.568914328843663e-03	0.000000000000000e+00	0.000000000000000e+00	2.957834693272139e+05	1.585359565156353e+04	8.534704998557491e-03	3.795867125618027e+04	8.467627703499038e+03	8.647064495773679e+03	0.000000000000000e+00	-inf	
1	2.000000000000000e-01	0.000000000000000e+00	1.965790669713828e-03	6.568914328843663e-03	0.000000000000000e+00	1.172338670585313e-15	2.957834693272139e+05	1.585359565156353e+04	8.534704998557491e-03	3.795867125618027e+04	8.467627703499038e+03	8.647064495773679e+03	5.127753707429541e-17	-inf	
2	4.000000000000000e-01	0.000000000000000e+00	1.965790669713828e-03	6.568914328843663e-03	0.000000000000000e+00	-8.853930921759163e-16	2.957834693272139e+05	1.585359565156353e+04	8.534704998557491e-03	3.795867125618027e+04	8.467627703499038e+03	8.647064495773679e+03	3.872667365541084e-17	-inf	
3	6.000000000000001e-01	0.000000000000000e+00	1.965790669713828e-03	6.568914328843663e-03	0.000000000000000e+00	-6.534719432238391e-16	2.957834693272139e+05	1.585359565156353e+04	8.534704998557491e-03	3.795867125618027e+04	8.467627703499038e+03	8.647064495773679e+03	2.858255266709111e-17	-inf	
4	8.000000000000000e-01	0.000000000000000e+00	1.965790669713828e-03	6.568914328843663e-03	1.361968315904957e-16	0.000000000000000e+00	2.957834693272139e+05	1.585359565156353e+04	8.534704998557491e-03	3.795867125618027e+04	8.467627703499038e+03	8.647064495773679e+03	5.957184776474527e-18	-inf	
5	1.000000000000000e+00	0.000000000000000e+00	1.965790669713829e-03	6.568914328843663e-03	2.014530764427010e-16	6.593836587853717e-17	2.957834693272139e+05	1.585359565156353e+04	8.534704998557491e-03	3.795867125618027e+04	8.467627703499038e+03	8.647064495773677e+03	9.271459897312264e-18	-inf	
6	0.000000000000000e+00	2.000000000000000e-01	1.965790669713828e-03	6.568914328843663e-03	0.000000000000000e+00	0.000000000000000e+00	2.957834693272139e+05	1.585359565156353e+04	8.534704998557491e-03	3.795867125618027e+04	8.467627703499038e+03	8.647064495773679e+03	0.000000000000000e+00	-inf	
7	2.000000000000000e-01	2.000000000000000e-01	1.965790669713828e-03	6.568914328843663e-03	-4.797584551852097e-16	-1.818989403545857e-18	2.957834693272139e+05	1.585359565156353e+04	8.534704998557491e-03	3.795867125618027e+04	8.467627703499038e+03	8.647064495773679e+03	2.098455796989415e-17	-inf	
8	4.000000000000000e-01	2.000000000000000e-01	1.965790669713828e-03	6.568914328843663e-03	-5.852598405908832e-16	1.380158209940415e-16	2.957834693272139e+05	1.585359565156353e+04	8.534704998557491e-03	3.795867125618027e+04	8.467627703499038e+03	8.647064495773679e+03	2.630114975012226e-17	-inf	
9	5.999999999999999e-01	2.000000000000000e-01	1.965790669713828e-03	6.568914328843663e-03	0.000000000000000e+00	4.638422979042040e-16	2.957834693272139e+05	1.585359565156353e+04	8.534704998557491e-03	3.795867125618027e+04	8.467627703499038e+03	8.647064495773679e+03	2.028824197664164e-17	-inf	
10	7.999999999999999e-01	2.000000000000000e-01	1.965790669713828e-03	6.568914328843663e-03	1.243734004674483e-16	-3.253717295592603e-16	2.957834693272139e+05	1.585359565156353e+04	8.534704998557491e-03	3.795867125618027e+04	8.467627703499038e+03	8.647064495773679e+03	1.523589664007688e-17	-inf	
11	1.000000000000000e+00	2.000000000000000e-01	1.965790669713829e-03	6.568914328843663e-03	2.096385287586594e-16	-1.000444171950213e-16	2.957834693272139e+05	1.585359565156353e+04	8.534704998557491e-03	3.795867125618027e+04	8.467627703499038e+03	8.647064495773677e+03	1.016011822330772e-17	-inf	
12	0.000000000000000e+00	3.999999999999999e-01	1.965790669713828e-03	6.568914328843663e-03	-1.268745108973260e-15	0.000000000000000e+00	2.957834693272139e+05	1.585359565156353e+04	8.534704998557491e-03	3.795867125618027e+04	8.467627703499038e+03	8.647064495773679e+03	5.549430893610783e-17	-inf	
13	2.000000000000000e-01	3.999999999999999e-01	1.965790669713828e-03	6.568914328843663e-03	4.205671918398485e-16	0.000000000000000e+00	2.957834693272139e+05	1.585359565156353e+04	8.534704998557491e-03	3.795867125618027e+04	8.467627703499038e+03	8.647064495773679e+03	1.839540937520476e-17	-inf	
14	3.999999999999999e-01	4.000000000000001e-01	1.965790669713829e-03	6.568914328843663e-03	1.206613139302244e-16	0.000000000000000e+00	2.957834693272139e+05	1.585359565156353e+04	8.534704998557491e-03	3.795867125618027e+04	8.467627703499038e+03	8.647064495773677e+03	5.277668606974460e-18	-inf	
15	6.000000000000001e-01	4.000000000000000e-01	1.965790669713829e-03	6.568914328843663e-03	-4.167759470874550e-16	-9.094947017729280e-19	2.957834693272139e+05	1.585359565156353e+04	8.534704998557491e-03	3.795867125618027e+04	8.467627703499038e+03	8.647064495773677e+03	1.822962553416110e-17	-inf	
16	8.000000000000000e-01	4.000000000000000e-01	1.965790669713828e-03	6.568914328843663e-03	-1.443822839064523e-16	0.000000000000000e+00	2.957834693272139e+05	1.585359565156353e+04	8.534704998557491e-03	3.795867125618027e+04	8.467627703499038e+03	8.647064495773679e+03	6.315212576062326e-18	-inf	
17	1.000000000000000e+00	4.000000000000000e-01	1.965790669713828e-03	6.568914328843663e-03	0.000000000000000e+00	0.000000000000000e+00	2.957834693272139e+05	1.585359565156353e+04	8.534704998557491e-03	3.795867125618027e+04	8.467627703499038e+03	8.647064495773679e+03	0.000000000000000e+00	-inf	
18	0.000000000000000e+00	6.000000000000000e-01	1.965790669713828e-03	6.568914328843663e-03	8.853930921759163e-16	1.361968315904956e-16	2.957834693272139e+05	1.585359565156353e+04	8.534704998557491e-03	3.795867125618027e+04	8.467627703499038e+03	8.647064495773679e+03	3.918218093564666e-17	-inf	
19	2.000000000000000e-01	6.000000000000000e-01	1.965790669713828e-03	6.568914328843663e-03	1.417632609266172e-17	1.818989403545857e-18	2.957834693272139e+05	1.585359565156353e+04	8.534704998557491e-03	3.795867125618027e+04	8.467627703499038e+03	8.647064495773679e+03	6.251492903330296e-19	-inf	
20	4.000000000000001e-01	6.000000000000002e-01	1.965790669713828e-03	6.568914328843663e-03	0.000000000000000e+00	-1.380158209940417e-16	2.957834693272139e+05	1.585359565156353e+04	8.534704998557491e-03	3.795867125618027e+04	8.467627703499038e+03	8.647064495773679e+03	6.036746509716263e-18	-inf	
21	6.000000000000000e-01	6.000000000000001e-01	1.965790669713828e-03	6.568914328843663e-03	-1.417632609266135e-17	-1.389253156958149e-16	2.957834693272139e+05	1.585359565156353e+04	8.534704998557491e-03	3.795867125618027e+04	8.467627703499038e+03	8.647064495773679e+03	6.108082065688229e-18	-inf	
22	8.000000000000000e-01	6.000000000000001e-01	1.965790669713828e-03	6.568914328843663e-03	1.452917786082251e-16	-9.094947017729286e-19	2.957834693272139e+05	1.585359565156353e+04	8.534704998557491e-03	3.795867125618027e+04	8.467627703499038e+03	8.647064495773679e+03	6.355117951218163e-18	-inf	
23	1.000000000000000e+00	6.000000000000001e-01	1.965790669713829e-03	6.568914328843663e-03	8.344613888766830e-16	-9.094947017729280e-19	2.957834693272139e+05	1.585359565156353e+04	8.534704998557491e-03	3.795867125618027e+04	8.467627703499038e+03	8.647064495773677e+03	3.649896680358457e-17	-inf	
24	0.000000000000000e+00	8.000000000000000e-01	1.965790669713829e-03	6.568914328843663e-03	-1.937223714776348e-16	0.000000000000000e+00	2.957834693272139e+05	1.585359565156353e+04	8.534704998557491e-03	3.795867125618027e+04	8.467627703499038e+03	8.647064495773677e+03	8.473324590244306e-18	-inf	
25	2.000000000000000e-01	8.000000000000000e-01	1.965790669713828e-03	6.568914328843663e-03	-1.389253156958149e-16	4.788489604834365e-16	2.957834693272139e+05	1.585359565156353e+04	8.534704998557491e-03	3.795867125618027e+04	8.467627703499038e+03	8.647064495773679e+03	2.180829096449025e-17	-inf	
26	3.999999999999999e-01	8.000000000000000e-01	1.965790669713828e-03	6.568914328843663e-03	-9.094947017729284e-19	0.000000000000000e+00	2.957834693272139e+05	1.585359565156353e+04	8.534704998557491e-03	3.795867125618027e+04	8.467627703499038e+03	8.647064495773679e+03	3.978086662086506e-20	-inf	
27	6.000000000000000e-01	8.000000000000000e-01	1.965790669713828e-03	6.568914328843663e-03	0.000000000000000e+00	-5.700258043361847e-16	2.957834693272139e+05	1.585359565156353e+04	8.534704998557491e-03	3.795867125618027e+04	8.467627703499038e+03	8.647064495773679e+03	2.493265815462725e-17	-inf	
28	8.000000000000000e-01	8.000000000000000e-01	1.965790669713828e-03	6.568914328843663e-03	0.000000000000000e+00	1.346052158623927e-16	2.957834693272139e+05	1.585359565156353e+04	8.534704998557491e-03	3.795867125618027e+04	8.467627703499038e+03	8.647064495773679e+03	5.887568259887997e-18	-inf	
29	1.000000000000000e+00	8.000000000000000e-01	1.965790669713828e-03	6.568914328843663e-03	-6.516529538202934e-16	-1.230091584147897e-16	2.957834693272139e+05	1.585359565156353e+04	8.534704998557491e-03	3.795867125618027e+04	8.467627703499038e+03	8.647064495773679e+03	2.900635774603519e-17	-inf	
30	0.000000000000000e+00	1.000000000000000e+00	1.965790669713828e-03	6.568914328843663e-03	1.818989403545857e-18	-2.742126525845375e-16	2.957834693272139e+05	1.585359565156353e+04	8.534704998557491e-03	3.795867125618027e+04	8.467627703499038e+03	8.647064495773679e+03	1.199419516963364e-17	-inf	
31	2.000000000000000e-01	1.000000000000000e+00	1.965790669713828e-03	6.568914328843663e-03	0.000000000000000e+00	0.000000000000000e+00	2.957834693272139e+05	1.585359565156353e+04	8.534704998557491e-03	3.795867125618027e+04	8.467627703499038e+03	8.647064495773679e+03	0.000000000000000e+00	-inf	
32	3.999999999999999e-01	1.000000000000000e+00	1.965790669713828e-03	6.568914328843663e-03	0.000000000000000e+00	0.000000000000000e+00	2.957834693272139e+05	1.585359565156353e+04	8.534704998557491e-03	3.795867125618027e+04	8.467627703499038e+03	8.647064495773679e+03	0.000000000000000e+00	-inf	
33	6.000000000000000e-01	1.000000000000000e+00	1.965790669713828e-03	6.568914328843663e-03	1.466560206608843e-16	-3.951754479203440e-16	2.957834693272139e+05	1.585359565156353e+04	8.534704998557491e-03	3.795867125618027e+04	8.467627703499038e+03	8.647064495773679e+03	1.843669628017475e-17	-inf	
34	8.000000000000000e-01	1.000000000000000e+00	1.965790669713829e-03	6.568914328843663e-03	0.000000000000000e+00	2.273736754432270e-16	2.957834693272139e+05	1.585359565156353e+04	8.534704998557491e-03	3.795867125618027e+04	8.467627703499038e+03	8.647064495773677e+03	9.945216655216044e-18	-inf	
35	1.000000000000000e+00	1.000000000000000e+00	1.965790669713828e-03	6.568914328843663e-03	-2.914930519182226e-16	-9.413270163349782e-17	2.957834693272139e+05	1.585359565156353e+04	8.534704998557491e-03	3.795867125618027e+04	8.467627703499038e+03	8.647064495773679e+03	1.339809311814875e-17	-inf	
EXT_ITER= 6170
AOA= 0.000000000000000e+00
SIDESLIP_ANGLE= 0.000000000000000e+00
INITIAL_BCTHRUST= 4.000000000000000e+03
DCD_DCL_VALUE= 0.000000000000000e+00
DCMX_DCL_VALUE= 0.000000000000000e+00
DCMY_DCL_VALUE= 0.000000000000000e+00
DCMZ_DCL_VALUE= 0.000000000000000e+00
