"PointID"	"x"	"y"	"Density[0]"	"Density[1]"	"Momentum_x"	"Momentum_y"	"Energy"	"Electronic_Energy"	"Total_Density"	"Pressure"	"Temperature"	"Tve"	"Mach"	"C<sub>p</sub>"
0	0.000000000000000e+00	0.000000000000000e+00	1.899447074803628e-03	6.635257923753881e-03	0.000000000000000e+00	0.000000000000000e+00	2.957834693272139e+05	1.479659594722261e+04	8.534704998557510e-03	3.735301383613247e+04	8.296079670459168e+03	8.431784966492867e+03	0.000000000000000e+00	-inf	
1	2.000000000000000e-01	0.000000000000000e+00	1.899447074803628e-03	6.635257923753881e-03	0.000000000000000e+00	1.353782863589036e-15	2.957834693272139e+05	1.479659594722261e+04	8.534704998557510e-03	3.735301383613247e+04	8.296079670459168e+03	8.431784966492867e+03	5.965746823993025e-17	-inf	
2	4.000000000000000e-01	0.000000000000000e+00	1.899447074803628e-03	6.635257923753881e-03	0.000000000000000e+00	-1.071839506039391e-15	2.957834693272139e+05	1.479659594722261e+04	8.534704998557510e-03	3.735301383613247e+04	8.296079670459168e+03	8.431784966492867e+03	4.723300391048424e-17	-inf	
3	6.000000000000001e-01	0.000000000000000e+00	1.899447074803628e-03	6.635257923753881e-03	0.000000000000000e+00	-1.018634065985667e-15	2.957834693272139e+05	1.479659594722261e+04	8.534704998557510e-03	3.735301383613247e+04	8.296079670459168e+03	8.431784966492867e+03	4.488838725476620e-17	-inf	
4	8.000000000000000e-01	0.000000000000000e+00	1.899447074803628e-03	6.635257923753881e-03	3.331024345243352e-16	0.000000000000000e+00	2.957834693272139e+05	1.479659594722261e+04	8.534704998557510e-03	3.735301383613247e+04	8.296079670459168e+03	8.431784966492867e+03	1.467890342148065e-17	-inf	
5	1.000000000000000e+00	0.000000000000000e+00	1.899447074803629e-03	6.635257923753881e-03	6.298250809777535e-16	-1.164153218269347e-16	2.957834693272139e+05	1.479659594722261e+04	8.534704998557510e-03	3.735301383613246e+04	8.296079670459167e+03	8.431784966492867e+03	2.822478601553021e-17	-inf	
6	0.000000000000000e+00	2.000000000000000e-01	1.899447074803628e-03	6.635257923753881e-03	0.000000000000000e+00	0.000000000000000e+00	2.957834693272139e+05	1.479659594722261e+04	8.534704998557510e-03	3.735301383613247e+04	8.296079670459168e+03	8.431784966492867e+03	0.000000000000000e+00	-inf	
7	2.000000000000000e-01	2.000000000000000e-01	1.899447074803628e-03	6.635257923753881e-03	-6.648406269960251e-16	-1.818989403545857e-18	2.957834693272139e+05	1.479659594722261e+04	8.534704998557510e-03	3.735301383613247e+04	8.296079670459168e+03	8.431784966492867e+03	2.929779812200928e-17	-inf	
8	4.000000000000000e-01	2.000000000000000e-01	1.899447074803628e-03	6.635257923753881e-03	-6.759819370927449e-16	3.349214239278810e-16	2.957834693272139e+05	1.479659594722261e+04	8.534704998557510e-03	3.735301383613247e+04	8.296079670459168e+03	8.431784966492867e+03	3.324445619865164e-17	-inf	
9	5.999999999999999e-01	2.000000000000000e-01	1.899447074803628e-03	6.635257923753881e-03	0.000000000000000e+00	8.549250196665513e-16	2.957834693272139e+05	1.479659594722261e+04	8.534704998557510e-03	3.735301383613247e+04	8.296079670459168e+03	8.431784966492867e+03	3.767418216025060e-17	-inf	
10	7.999999999999999e-01	2.000000000000000e-01	1.899447074803628e-03	6.635257923753881e-03	3.171862772433091e-16	-5.093170329928337e-16	2.957834693272139e+05	1.479659594722261e+04	8.534704998557510e-03	3.735301383613247e+04	8.296079670459168e+03	8.431784966492867e+03	2.644074430126324e-17	-inf	
11	1.000000000000000e+00	2.000000000000000e-01	1.899447074803629e-03	6.635257923753881e-03	6.243681127671164e-16	-3.140030457871043e-16	2.957834693272139e+05	1.479659594722261e+04	8.534704998557510e-03	3.735301383613246e+04	8.296079670459167e+03	8.431784966492867e+03	3.079771579436030e-17	-inf	
12	0.000000000000000e+00	3.999999999999999e-01	1.899447074803628e-03	6.635257923753881e-03	-1.260104909306440e-15	0.000000000000000e+00	2.957834693272139e+05	1.479659594722261e+04	8.534704998557510e-03	3.735301383613247e+04	8.296079670459168e+03	8.431784966492867e+03	5.552933976918008e-17	-inf	
13	2.000000000000000e-01	3.999999999999999e-01	1.899447074803628e-03	6.635257923753881e-03	6.697759534770954e-16	0.000000000000000e+00	2.957834693272139e+05	1.479659594722261e+04	8.534704998557510e-03	3.735301383613247e+04	8.296079670459168e+03	8.431784966492867e+03	2.951517466139126e-17	-inf	
14	3.999999999999999e-01	4.000000000000001e-01	1.899447074803629e-03	6.635257923753881e-03	2.677792952934579e-16	0.000000000000000e+00	2.957834693272139e+05	1.479659594722261e+04	8.534704998557510e-03	3.735301383613246e+04	8.296079670459167e+03	8.431784966492867e+03	1.180029326263497e-17	-inf	
15	6.000000000000001e-01	4.000000000000000e-01	1.899447074803629e-03	6.635257923753881e-03	-8.058123057708123e-16	-9.094947017729280e-19	2.957834693272139e+05	1.479659594722261e+04	8.534704998557510e-03	3.735301383613246e+04	8.296079670459167e+03	8.431784966492867e+03	3.550994324978763e-17	-inf	
16	8.000000000000000e-01	4.000000000000000e-01	1.899447074803628e-03	6.635257923753881e-03	-3.433342499192807e-16	0.000000000000000e+00	2.957834693272139e+05	1.479659594722261e+04	8.534704998557510e-03	3.735301383613247e+04	8.296079670459168e+03	8.431784966492867e+03	1.512979123988791e-17	-inf	
17	1.000000000000000e+00	4.000000000000000e-01	1.899447074803628e-03	6.635257923753881e-03	0.000000000000000e+00	0.000000000000000e+00	2.957834693272139e+05	1.479659594722261e+04	8.534704998557510e-03	3.735301383613247e+04	8.296079670459168e+03	8.431784966492867e+03	0.000000000000000e+00	-inf	
18	0.000000000000000e+00	6.000000000000000e-01	1.899447074803628e-03	6.635257923753881e-03	1.071839506039391e-15	3.331024345243351e-16	2.957834693272139e+05	1.479659594722261e+04	8.534704998557510e-03	3.735301383613247e+04	8.296079670459168e+03	8.431784966492867e+03	4.946136738976163e-17	-inf	
19	2.000000000000000e-01	6.000000000000000e-01	1.899447074803628e-03	6.635257923753881e-03	2.123933673432682e-17	1.818989403545857e-18	2.957834693272139e+05	1.479659594722261e+04	8.534704998557510e-03	3.735301383613247e+04	8.296079670459168e+03	8.431784966492867e+03	9.393850400893024e-19	-inf	
20	4.000000000000001e-01	6.000000000000002e-01	1.899447074803628e-03	6.635257923753881e-03	0.000000000000000e+00	-3.349214239278811e-16	2.957834693272139e+05	1.479659594722261e+04	8.534704998557510e-03	3.735301383613247e+04	8.296079670459168e+03	8.431784966492867e+03	1.475906125586417e-17	-inf	
21	6.000000000000000e-01	6.000000000000001e-01	1.899447074803628e-03	6.635257923753881e-03	-2.123933673432641e-17	-3.474269760772591e-16	2.957834693272139e+05	1.479659594722261e+04	8.534704998557510e-03	3.735301383613247e+04	8.296079670459168e+03	8.431784966492867e+03	1.533872878571670e-17	-inf	
22	8.000000000000000e-01	6.000000000000001e-01	1.899447074803628e-03	6.635257923753881e-03	5.145466275280344e-16	-9.094947017729286e-19	2.957834693272139e+05	1.479659594722261e+04	8.534704998557510e-03	3.735301383613247e+04	8.296079670459168e+03	8.431784966492867e+03	2.267468282225753e-17	-inf	
23	1.000000000000000e+00	6.000000000000001e-01	1.899447074803629e-03	6.635257923753881e-03	1.271928340429437e-15	-9.094947017729280e-19	2.957834693272139e+05	1.479659594722261e+04	8.534704998557510e-03	3.735301383613246e+04	8.296079670459167e+03	8.431784966492867e+03	5.605038002192059e-17	-inf	
24	0.000000000000000e+00	8.000000000000000e-01	1.899447074803629e-03	6.635257923753881e-03	-5.875335773453137e-16	0.000000000000000e+00	2.957834693272139e+05	1.479659594722261e+04	8.534704998557510e-03	3.735301383613246e+04	8.296079670459167e+03	8.431784966492867e+03	2.589098050587448e-17	-inf	
25	2.000000000000000e-01	8.000000000000000e-01	1.899447074803628e-03	6.635257923753881e-03	-3.474269760772592e-16	6.639311322942520e-16	2.957834693272139e+05	1.479659594722261e+04	8.534704998557510e-03	3.735301383613247e+04	8.296079670459168e+03	8.431784966492867e+03	3.302133095993970e-17	-inf	
26	3.999999999999999e-01	8.000000000000000e-01	1.899447074803628e-03	6.635257923753881e-03	-9.094947017729284e-19	0.000000000000000e+00	2.957834693272139e+05	1.479659594722261e+04	8.534704998557510e-03	3.735301383613247e+04	8.296079670459168e+03	8.431784966492867e+03	4.007891719175603e-20	-inf	
27	6.000000000000000e-01	8.000000000000000e-01	1.899447074803628e-03	6.635257923753881e-03	0.000000000000000e+00	-6.607479008380463e-16	2.957834693272139e+05	1.479659594722261e+04	8.534704998557510e-03	3.735301383613247e+04	8.296079670459168e+03	8.431784966492867e+03	2.911733333981136e-17	-inf	
28	8.000000000000000e-01	8.000000000000000e-01	1.899447074803628e-03	6.635257923753881e-03	0.000000000000000e+00	3.274180926382534e-16	2.957834693272139e+05	1.479659594722261e+04	8.534704998557510e-03	3.735301383613247e+04	8.296079670459168e+03	8.431784966492867e+03	1.442841018903213e-17	-inf	
29	1.000000000000000e+00	8.000000000000000e-01	1.899447074803628e-03	6.635257923753881e-03	-1.016815076582121e-15	-3.199147613486290e-16	2.957834693272139e+05	1.479659594722261e+04	8.534704998557510e-03	3.735301383613247e+04	8.296079670459168e+03	8.431784966492867e+03	4.697365470194147e-17	-inf	
30	0.000000000000000e+00	1.000000000000000e+00	1.899447074803628e-03	6.635257923753881e-03	1.818989403545857e-18	-6.680238584522165e-16	2.957834693272139e+05	1.479659594722261e+04	8.534704998557510e-03	3.735301383613247e+04	8.296079670459168e+03	8.431784966492867e+03	2.943807380966042e-17	-inf	
31	2.000000000000000e-01	1.000000000000000e+00	1.899447074803628e-03	6.635257923753881e-03	0.000000000000000e+00	0.000000000000000e+00	2.957834693272139e+05	1.479659594722261e+04	8.534704998557510e-03	3.735301383613247e+04	8.296079670459168e+03	8.431784966492867e+03	0.000000000000000e+00	-inf	
32	3.999999999999999e-01	1.000000000000000e+00	1.899447074803628e-03	6.635257923753881e-03	0.000000000000000e+00	0.000000000000000e+00	2.957834693272139e+05	1.479659594722261e+04	8.534704998557510e-03	3.735301383613247e+04	8.296079670459168e+03	8.431784966492867e+03	0.000000000000000e+00	-inf	
33	6.000000000000000e-01	1.000000000000000e+00	1.899447074803628e-03	6.635257923753881e-03	3.456079866737127e-16	-7.653397915418999e-16	2.957834693272139e+05	1.479659594722261e+04	8.534704998557510e-03	3.735301383613247e+04	8.296079670459168e+03	8.431784966492867e+03	3.700571850935157e-17	-inf	
34	8.000000000000000e-01	1.000000000000000e+00	1.899447074803629e-03	6.635257923753881e-03	0.000000000000000e+00	4.424691724125231e-16	2.957834693272139e+05	1.479659594722261e+04	8.534704998557510e-03	3.735301383613246e+04	8.296079670459167e+03	8.431784966492867e+03	1.949839321378902e-17	-inf	
35	1.000000000000000e+00	1.000000000000000e+00	1.899447074803628e-03	6.635257923753881e-03	-6.893969839438794e-16	8.594724931754156e-17	2.957834693272139e+05	1.479659594722261e+04	8.534704998557510e-03	3.735301383613247e+04	8.296079670459168e+03	8.431784966492867e+03	3.061500044368140e-17	-inf	
EXT_ITER= 8244
AOA= 0.000000000000000e+00
SIDESLIP_ANGLE= 0.000000000000000e+00
INITIAL_BCTHRUST= 4.000000000000000e+03
DCD_DCL_VALUE= 0.000000000000000e+00
DCMX_DCL_VALUE= 0.000000000000000e+00
DCMY_DCL_VALUE= 0.000000000000000e+00
DCMZ_DCL_VALUE= 0.000000000000000e+00
