"PointID"	"x"	"y"	"Density[0]"	"Density[1]"	"Momentum_x"	"Momentum_y"	"Energy"	"Electronic_Energy"	"Total_Density"	"Pressure"	"Temperature"	"Tve"	"Mach"	"C<sub>p</sub>"
0	0.000000000000000e+00	0.000000000000000e+00	3.165945218265986e-03	5.368759780291514e-03	0.000000000000000e+00	0.000000000000000e+00	2.957834693272139e+05	4.330716265781087e+04	8.534704998557501e-03	4.326323664157854e+04	1.048401782686629e+04	1.366187037504100e+04	0.000000000000000e+00	-inf	
1	2.000000000000000e-01	0.000000000000000e+00	3.165945218265986e-03	5.368759780291514e-03	0.000000000000000e+00	3.092281986027956e-17	2.957834693272139e+05	4.330716265781087e+04	8.534704998557501e-03	4.326323664157854e+04	1.048401782686629e+04	1.366187037504100e+04	1.280742215288972e-18	-inf	
2	4.000000000000000e-01	0.000000000000000e+00	3.165945218265986e-03	5.368759780291514e-03	0.000000000000000e+00	-2.364686224609614e-17	2.957834693272139e+05	4.330716265781087e+04	8.534704998557501e-03	4.326323664157854e+04	1.048401782686629e+04	1.366187037504100e+04	9.793911058092144e-19	-inf	
3	6.000000000000001e-01	0.000000000000000e+00	3.165945218265986e-03	5.368759780291514e-03	0.000000000000000e+00	-2.819433575496078e-17	2.957834693272139e+05	4.330716265781087e+04	8.534704998557501e-03	4.326323664157854e+04	1.048401782686629e+04	1.366187037504100e+04	1.167735549234063e-18	-inf	
4	8.000000000000000e-01	0.000000000000000e+00	3.165945218265986e-03	5.368759780291514e-03	-1.818989403545857e-18	0.000000000000000e+00	2.957834693272139e+05	4.330716265781087e+04	8.534704998557501e-03	4.326323664157854e+04	1.048401782686629e+04	1.366187037504100e+04	7.533777736993955e-20	-inf	
5	1.000000000000000e+00	0.000000000000000e+00	3.165945218265986e-03	5.368759780291514e-03	-2.728484105318784e-18	7.275957614183424e-18	2.957834693272139e+05	4.330716265781087e+04	8.534704998557501e-03	4.326323664157854e+04	1.048401782686629e+04	1.366187037504100e+04	3.218431260063308e-19	-inf	
6	0.000000000000000e+00	2.000000000000000e-01	3.165945218265986e-03	5.368759780291514e-03	0.000000000000000e+00	0.000000000000000e+00	2.957834693272139e+05	4.330716265781087e+04	8.534704998557501e-03	4.326323664157854e+04	1.048401782686629e+04	1.366187037504100e+04	0.000000000000000e+00	-inf	
7	2.000000000000000e-01	2.000000000000000e-01	3.165945218265986e-03	5.368759780291514e-03	-1.591615728102625e-17	-1.818989403545857e-18	2.957834693272139e+05	4.330716265781087e+04	8.534704998557501e-03	4.326323664157854e+04	1.048401782686629e+04	1.366187037504100e+04	6.634966017015383e-19	-inf	
8	4.000000000000000e-01	2.000000000000000e-01	3.165945218265986e-03	5.368759780291514e-03	-1.455191522836685e-17	0.000000000000000e+00	2.957834693272139e+05	4.330716265781087e+04	8.534704998557501e-03	4.326323664157854e+04	1.048401782686629e+04	1.366187037504100e+04	6.027022189595164e-19	-inf	
9	5.999999999999999e-01	2.000000000000000e-01	3.165945218265986e-03	5.368759780291514e-03	0.000000000000000e+00	1.000444171950221e-17	2.957834693272139e+05	4.330716265781087e+04	8.534704998557501e-03	4.326323664157854e+04	1.048401782686629e+04	1.366187037504100e+04	4.143577755346676e-19	-inf	
10	7.999999999999999e-01	2.000000000000000e-01	3.165945218265986e-03	5.368759780291514e-03	0.000000000000000e+00	-1.000444171950221e-17	2.957834693272139e+05	4.330716265781087e+04	8.534704998557501e-03	4.326323664157854e+04	1.048401782686629e+04	1.366187037504100e+04	4.143577755346676e-19	-inf	
11	1.000000000000000e+00	2.000000000000000e-01	3.165945218265986e-03	5.368759780291514e-03	1.818989403545854e-18	0.000000000000000e+00	2.957834693272139e+05	4.330716265781087e+04	8.534704998557501e-03	4.326323664157854e+04	1.048401782686629e+04	1.366187037504100e+04	7.533777736993946e-20	-inf	
12	0.000000000000000e+00	3.999999999999999e-01	3.165945218265986e-03	5.368759780291514e-03	-3.183231456205249e-17	0.000000000000000e+00	2.957834693272139e+05	4.330716265781087e+04	8.534704998557501e-03	4.326323664157854e+04	1.048401782686629e+04	1.366187037504100e+04	1.318411103973942e-18	-inf	
13	2.000000000000000e-01	3.999999999999999e-01	3.165945218265986e-03	5.368759780291514e-03	1.286019436392052e-17	0.000000000000000e+00	2.957834693272139e+05	4.330716265781087e+04	8.534704998557501e-03	4.326323664157854e+04	1.048401782686629e+04	1.366187037504100e+04	5.326355711773505e-19	-inf	
14	3.999999999999999e-01	4.000000000000001e-01	3.165945218265986e-03	5.368759780291514e-03	-4.874952320651601e-18	0.000000000000000e+00	2.957834693272139e+05	4.330716265781087e+04	8.534704998557501e-03	4.326323664157854e+04	1.048401782686629e+04	1.366187037504100e+04	2.019077581795609e-19	-inf	
15	6.000000000000001e-01	4.000000000000000e-01	3.165945218265986e-03	5.368759780291514e-03	-1.136868377216161e-17	-9.094947017729280e-19	2.957834693272139e+05	4.330716265781087e+04	8.534704998557501e-03	4.326323664157854e+04	1.048401782686629e+04	1.366187037504100e+04	4.723654609845129e-19	-inf	
16	8.000000000000000e-01	4.000000000000000e-01	3.165945218265986e-03	5.368759780291514e-03	2.273736754432322e-18	0.000000000000000e+00	2.957834693272139e+05	4.330716265781087e+04	8.534704998557501e-03	4.326323664157854e+04	1.048401782686629e+04	1.366187037504100e+04	9.417222171242448e-20	-inf	
17	1.000000000000000e+00	4.000000000000000e-01	3.165945218265986e-03	5.368759780291514e-03	0.000000000000000e+00	0.000000000000000e+00	2.957834693272139e+05	4.330716265781087e+04	8.534704998557501e-03	4.326323664157854e+04	1.048401782686629e+04	1.366187037504100e+04	0.000000000000000e+00	-inf	
18	0.000000000000000e+00	6.000000000000000e-01	3.165945218265986e-03	5.368759780291514e-03	2.364686224609614e-17	-1.818989403545856e-18	2.957834693272139e+05	4.330716265781087e+04	8.534704998557501e-03	4.326323664157854e+04	1.048401782686629e+04	1.366187037504100e+04	9.822844388654635e-19	-inf	
19	2.000000000000000e-01	6.000000000000000e-01	3.165945218265986e-03	5.368759780291514e-03	2.545370781990415e-19	1.818989403545857e-18	2.957834693272139e+05	4.330716265781087e+04	8.534704998557501e-03	4.326323664157854e+04	1.048401782686629e+04	1.366187037504100e+04	7.607180770539757e-20	-inf	
20	4.000000000000001e-01	6.000000000000002e-01	3.165945218265986e-03	5.368759780291514e-03	0.000000000000000e+00	0.000000000000000e+00	2.957834693272139e+05	4.330716265781087e+04	8.534704998557501e-03	4.326323664157854e+04	1.048401782686629e+04	1.366187037504100e+04	0.000000000000000e+00	-inf	
21	6.000000000000000e-01	6.000000000000001e-01	3.165945218265986e-03	5.368759780291514e-03	-2.545370781990128e-19	2.273736754432320e-18	2.957834693272139e+05	4.330716265781087e+04	8.534704998557501e-03	4.326323664157854e+04	1.048401782686629e+04	1.366187037504100e+04	9.476046945207904e-20	-inf	
22	8.000000000000000e-01	6.000000000000001e-01	3.165945218265986e-03	5.368759780291514e-03	-1.364242052659393e-18	-9.094947017729286e-19	2.957834693272139e+05	4.330716265781087e+04	8.534704998557501e-03	4.326323664157854e+04	1.048401782686629e+04	1.366187037504100e+04	6.790855482170193e-20	-inf	
23	1.000000000000000e+00	6.000000000000001e-01	3.165945218265986e-03	5.368759780291514e-03	2.364686224609615e-17	-9.094947017729280e-19	2.957834693272139e+05	4.330716265781087e+04	8.534704998557501e-03	4.326323664157854e+04	1.048401782686629e+04	1.366187037504100e+04	9.801152398126237e-19	-inf	
24	0.000000000000000e+00	8.000000000000000e-01	3.165945218265986e-03	5.368759780291514e-03	2.728484105318784e-18	0.000000000000000e+00	2.957834693272139e+05	4.330716265781087e+04	8.534704998557501e-03	4.326323664157854e+04	1.048401782686629e+04	1.366187037504100e+04	1.130066660549093e-19	-inf	
25	2.000000000000000e-01	8.000000000000000e-01	3.165945218265986e-03	5.368759780291514e-03	2.273736754432320e-18	1.500666257925332e-17	2.957834693272139e+05	4.330716265781087e+04	8.534704998557501e-03	4.326323664157854e+04	1.048401782686629e+04	1.366187037504100e+04	6.286304408560242e-19	-inf	
26	3.999999999999999e-01	8.000000000000000e-01	3.165945218265986e-03	5.368759780291514e-03	-9.094947017729284e-19	0.000000000000000e+00	2.957834693272139e+05	4.330716265781087e+04	8.534704998557501e-03	4.326323664157854e+04	1.048401782686629e+04	1.366187037504100e+04	3.766888868496978e-20	-inf	
27	6.000000000000000e-01	8.000000000000000e-01	3.165945218265986e-03	5.368759780291514e-03	0.000000000000000e+00	-1.227817847393453e-17	2.957834693272139e+05	4.330716265781087e+04	8.534704998557501e-03	4.326323664157854e+04	1.048401782686629e+04	1.366187037504100e+04	5.085299972470918e-19	-inf	
28	8.000000000000000e-01	8.000000000000000e-01	3.165945218265986e-03	5.368759780291514e-03	0.000000000000000e+00	0.000000000000000e+00	2.957834693272139e+05	4.330716265781087e+04	8.534704998557501e-03	4.326323664157854e+04	1.048401782686629e+04	1.366187037504100e+04	0.000000000000000e+00	-inf	
29	1.000000000000000e+00	8.000000000000000e-01	3.165945218265986e-03	5.368759780291514e-03	-2.637534635141492e-17	-9.094947017729276e-19	2.957834693272139e+05	4.330716265781087e+04	8.534704998557501e-03	4.326323664157854e+04	1.048401782686629e+04	1.366187037504100e+04	1.093047042513936e-18	-inf	
30	0.000000000000000e+00	1.000000000000000e+00	3.165945218265986e-03	5.368759780291514e-03	1.818989403545857e-18	1.818989403545857e-18	2.957834693272139e+05	4.330716265781087e+04	8.534704998557501e-03	4.326323664157854e+04	1.048401782686629e+04	1.366187037504100e+04	1.065437065156134e-19	-inf	
31	2.000000000000000e-01	1.000000000000000e+00	3.165945218265986e-03	5.368759780291514e-03	0.000000000000000e+00	0.000000000000000e+00	2.957834693272139e+05	4.330716265781087e+04	8.534704998557501e-03	4.326323664157854e+04	1.048401782686629e+04	1.366187037504100e+04	0.000000000000000e+00	-inf	
32	3.999999999999999e-01	1.000000000000000e+00	3.165945218265986e-03	5.368759780291514e-03	0.000000000000000e+00	0.000000000000000e+00	2.957834693272139e+05	4.330716265781087e+04	8.534704998557501e-03	4.326323664157854e+04	1.048401782686629e+04	1.366187037504100e+04	0.000000000000000e+00	-inf	
33	6.000000000000000e-01	1.000000000000000e+00	3.165945218265986e-03	5.368759780291514e-03	0.000000000000000e+00	-2.364686224609614e-17	2.957834693272139e+05	4.330716265781087e+04	8.534704998557501e-03	4.326323664157854e+04	1.048401782686629e+04	1.366187037504100e+04	9.793911058092144e-19	-inf	
34	8.000000000000000e-01	1.000000000000000e+00	3.165945218265986e-03	5.368759780291514e-03	0.000000000000000e+00	-1.818989403545858e-18	2.957834693272139e+05	4.330716265781087e+04	8.534704998557501e-03	4.326323664157854e+04	1.048401782686629e+04	1.366187037504100e+04	7.533777736993958e-20	-inf	
35	1.000000000000000e+00	1.000000000000000e+00	3.165945218265986e-03	5.368759780291514e-03	1.818989403545856e-18	7.275957614183424e-18	2.957834693272139e+05	4.330716265781087e+04	8.534704998557501e-03	4.326323664157854e+04	1.048401782686629e+04	1.366187037504100e+04	3.106256136955285e-19	-inf	
EXT_ITER= 204
AOA= 0.000000000000000e+00
SIDESLIP_ANGLE= 0.000000000000000e+00
INITIAL_BCTHRUST= 4.000000000000000e+03
DCD_DCL_VALUE= 0.000000000000000e+00
DCMX_DCL_VALUE= 0.000000000000000e+00
DCMY_DCL_VALUE= 0.000000000000000e+00
DCMZ_DCL_VALUE= 0.000000000000000e+00
