"PointID"	"x"	"y"	"Density[0]"	"Density[1]"	"Momentum_x"	"Momentum_y"	"Energy"	"Electronic_Energy"	"Total_Density"	"Pressure"	"Temperature"	"Tve"	"Mach"	"C<sub>p</sub>"
0	0.000000000000000e+00	0.000000000000000e+00	1.916205873766388e-03	6.618499124791120e-03	0.000000000000000e+00	0.000000000000000e+00	2.957834693272139e+05	1.505918250522229e+04	8.534704998557508e-03	3.750916466877976e+04	8.339974133931539e+03	8.485615300881684e+03	0.000000000000000e+00	-inf	
1	2.000000000000000e-01	0.000000000000000e+00	1.916205873766388e-03	6.618499124791120e-03	0.000000000000000e+00	1.307853381149497e-15	2.957834693272139e+05	1.505918250522229e+04	8.534704998557508e-03	3.750916466877976e+04	8.339974133931539e+03	8.485615300881684e+03	5.752177657710482e-17	-inf	
2	4.000000000000000e-01	0.000000000000000e+00	1.916205873766388e-03	6.618499124791120e-03	0.000000000000000e+00	-1.022272044792760e-15	2.957834693272139e+05	1.505918250522229e+04	8.534704998557508e-03	3.750916466877976e+04	8.339974133931539e+03	8.485615300881684e+03	4.496138864580236e-17	-inf	
3	6.000000000000001e-01	0.000000000000000e+00	1.916205873766388e-03	6.618499124791120e-03	0.000000000000000e+00	-9.049472282640362e-16	2.957834693272139e+05	1.505918250522229e+04	8.534704998557508e-03	3.750916466877976e+04	8.339974133931539e+03	8.485615300881684e+03	3.980122927275134e-17	-inf	
4	8.000000000000000e-01	0.000000000000000e+00	1.916205873766388e-03	6.618499124791120e-03	2.692104317247867e-16	0.000000000000000e+00	2.957834693272139e+05	1.505918250522229e+04	8.534704998557508e-03	3.750916466877976e+04	8.339974133931539e+03	8.485615300881684e+03	1.184036569320075e-17	-inf	
5	1.000000000000000e+00	0.000000000000000e+00	1.916205873766389e-03	6.618499124791120e-03	4.833964339923109e-16	-7.275957614183409e-17	2.957834693272139e+05	1.505918250522229e+04	8.534704998557510e-03	3.750916466877979e+04	8.339974133931546e+03	8.485615300881684e+03	2.150014310174297e-17	-inf	
6	0.000000000000000e+00	2.000000000000000e-01	1.916205873766388e-03	6.618499124791120e-03	0.000000000000000e+00	0.000000000000000e+00	2.957834693272139e+05	1.505918250522229e+04	8.534704998557508e-03	3.750916466877976e+04	8.339974133931539e+03	8.485615300881684e+03	0.000000000000000e+00	-inf	
7	2.000000000000000e-01	2.000000000000000e-01	1.916205873766388e-03	6.618499124791120e-03	-6.100435712141989e-16	-1.818989403545857e-18	2.957834693272139e+05	1.505918250522229e+04	8.534704998557508e-03	3.750916466877976e+04	8.339974133931539e+03	8.485615300881684e+03	2.683094795098269e-17	-inf	
8	4.000000000000000e-01	2.000000000000000e-01	1.916205873766388e-03	6.618499124791120e-03	-6.530171958729754e-16	2.710294211283325e-16	2.957834693272139e+05	1.505918250522229e+04	8.534704998557508e-03	3.750916466877976e+04	8.339974133931539e+03	8.485615300881684e+03	3.109637487368539e-17	-inf	
9	5.999999999999999e-01	2.000000000000000e-01	1.916205873766388e-03	6.618499124791120e-03	0.000000000000000e+00	7.344169716816406e-16	2.957834693272139e+05	1.505918250522229e+04	8.534704998557508e-03	3.750916466877976e+04	8.339974133931539e+03	8.485615300881684e+03	3.230099762587711e-17	-inf	
10	7.999999999999999e-01	2.000000000000000e-01	1.916205873766388e-03	6.618499124791120e-03	2.562501322245229e-16	-4.615685611497486e-16	2.957834693272139e+05	1.505918250522229e+04	8.534704998557508e-03	3.750916466877976e+04	8.339974133931539e+03	8.485615300881684e+03	2.321930667027377e-17	-inf	
11	1.000000000000000e+00	2.000000000000000e-01	1.916205873766389e-03	6.618499124791120e-03	4.833964339923126e-16	-2.410160959698263e-16	2.957834693272139e+05	1.505918250522229e+04	8.534704998557510e-03	3.750916466877979e+04	8.339974133931546e+03	8.485615300881684e+03	2.375673508082625e-17	-inf	
12	0.000000000000000e+00	3.999999999999999e-01	1.916205873766388e-03	6.618499124791120e-03	-1.261923898709980e-15	0.000000000000000e+00	2.957834693272139e+05	1.505918250522229e+04	8.534704998557508e-03	3.750916466877976e+04	8.339974133931539e+03	8.485615300881684e+03	5.550171418688038e-17	-inf	
13	2.000000000000000e-01	3.999999999999999e-01	1.916205873766388e-03	6.618499124791120e-03	5.916642155427550e-16	0.000000000000000e+00	2.957834693272139e+05	1.505918250522229e+04	8.534704998557508e-03	3.750916466877976e+04	8.339974133931539e+03	8.485615300881684e+03	2.602247110085505e-17	-inf	
14	3.999999999999999e-01	4.000000000000001e-01	1.916205873766389e-03	6.618499124791120e-03	2.078574513945771e-16	0.000000000000000e+00	2.957834693272139e+05	1.505918250522229e+04	8.534704998557510e-03	3.750916466877979e+04	8.339974133931546e+03	8.485615300881684e+03	9.141949740953869e-18	-inf	
15	6.000000000000001e-01	4.000000000000000e-01	1.916205873766389e-03	6.618499124791120e-03	-6.805294106015951e-16	-9.094947017729280e-19	2.957834693272139e+05	1.505918250522229e+04	8.534704998557510e-03	3.750916466877979e+04	8.339974133931546e+03	8.485615300881684e+03	2.993095115531250e-17	-inf	
16	8.000000000000000e-01	4.000000000000000e-01	1.916205873766388e-03	6.618499124791120e-03	-2.778506313916297e-16	0.000000000000000e+00	2.957834693272139e+05	1.505918250522229e+04	8.534704998557508e-03	3.750916466877976e+04	8.339974133931539e+03	8.485615300881684e+03	1.222037742997578e-17	-inf	
17	1.000000000000000e+00	4.000000000000000e-01	1.916205873766388e-03	6.618499124791120e-03	0.000000000000000e+00	0.000000000000000e+00	2.957834693272139e+05	1.505918250522229e+04	8.534704998557508e-03	3.750916466877976e+04	8.339974133931539e+03	8.485615300881684e+03	0.000000000000000e+00	-inf	
18	0.000000000000000e+00	6.000000000000000e-01	1.916205873766388e-03	6.618499124791120e-03	1.022272044792760e-15	2.692104317247866e-16	2.957834693272139e+05	1.505918250522229e+04	8.534704998557508e-03	3.750916466877976e+04	8.339974133931539e+03	8.485615300881684e+03	4.649430856252849e-17	-inf	
19	2.000000000000000e-01	6.000000000000000e-01	1.916205873766388e-03	6.618499124791120e-03	1.098976050020275e-17	1.818989403545857e-18	2.957834693272139e+05	1.505918250522229e+04	8.534704998557508e-03	3.750916466877976e+04	8.339974133931539e+03	8.485615300881684e+03	4.899258456901446e-19	-inf	
20	4.000000000000001e-01	6.000000000000002e-01	1.916205873766388e-03	6.618499124791120e-03	0.000000000000000e+00	-2.710294211283326e-16	2.957834693272139e+05	1.505918250522229e+04	8.534704998557508e-03	3.750916466877976e+04	8.339974133931539e+03	8.485615300881684e+03	1.192036816410076e-17	-inf	
21	6.000000000000000e-01	6.000000000000001e-01	1.916205873766388e-03	6.618499124791120e-03	-1.098976050020233e-17	-2.837623469531540e-16	2.957834693272139e+05	1.505918250522229e+04	8.534704998557508e-03	3.750916466877976e+04	8.339974133931539e+03	8.485615300881684e+03	1.248974171787027e-17	-inf	
22	8.000000000000000e-01	6.000000000000001e-01	1.916205873766388e-03	6.618499124791120e-03	3.319655661471190e-16	-9.094947017729286e-19	2.957834693272139e+05	1.505918250522229e+04	8.534704998557508e-03	3.750916466877976e+04	8.339974133931539e+03	8.485615300881684e+03	1.460050573536106e-17	-inf	
23	1.000000000000000e+00	6.000000000000001e-01	1.916205873766389e-03	6.618499124791120e-03	1.255557435797531e-15	-9.094947017729280e-19	2.957834693272139e+05	1.505918250522229e+04	8.534704998557510e-03	3.750916466877979e+04	8.339974133931546e+03	8.485615300881684e+03	5.522172002667873e-17	-inf	
24	0.000000000000000e+00	8.000000000000000e-01	1.916205873766389e-03	6.618499124791120e-03	-4.470166459213964e-16	0.000000000000000e+00	2.957834693272139e+05	1.505918250522229e+04	8.534704998557510e-03	3.750916466877979e+04	8.339974133931546e+03	8.485615300881684e+03	1.966060722367634e-17	-inf	
25	2.000000000000000e-01	8.000000000000000e-01	1.916205873766388e-03	6.618499124791120e-03	-2.837623469531540e-16	6.091340765124258e-16	2.957834693272139e+05	1.505918250522229e+04	8.534704998557508e-03	3.750916466877976e+04	8.339974133931539e+03	8.485615300881684e+03	2.955517647217609e-17	-inf	
26	3.999999999999999e-01	8.000000000000000e-01	1.916205873766388e-03	6.618499124791120e-03	-9.094947017729284e-19	0.000000000000000e+00	2.957834693272139e+05	1.505918250522229e+04	8.534704998557508e-03	3.750916466877976e+04	8.339974133931539e+03	8.485615300881684e+03	4.000123545000257e-20	-inf	
27	6.000000000000000e-01	8.000000000000000e-01	1.916205873766388e-03	6.618499124791120e-03	0.000000000000000e+00	-6.339178071357414e-16	2.957834693272139e+05	1.505918250522229e+04	8.534704998557508e-03	3.750916466877976e+04	8.339974133931539e+03	8.485615300881684e+03	2.788086110865224e-17	-inf	
28	8.000000000000000e-01	8.000000000000000e-01	1.916205873766388e-03	6.618499124791120e-03	0.000000000000000e+00	2.664819476194672e-16	2.957834693272139e+05	1.505918250522229e+04	8.534704998557508e-03	3.750916466877976e+04	8.339974133931539e+03	8.485615300881684e+03	1.172036198685071e-17	-inf	
29	1.000000000000000e+00	8.000000000000000e-01	1.916205873766388e-03	6.618499124791120e-03	-9.031282388604901e-16	-2.560227585490806e-16	2.957834693272139e+05	1.505918250522229e+04	8.534704998557508e-03	3.750916466877976e+04	8.339974133931539e+03	8.485615300881684e+03	4.128645408305369e-17	-inf	
30	0.000000000000000e+00	1.000000000000000e+00	1.916205873766388e-03	6.618499124791120e-03	1.818989403545857e-18	-5.402398528531195e-16	2.957834693272139e+05	1.505918250522229e+04	8.534704998557508e-03	3.750916466877976e+04	8.339974133931539e+03	8.485615300881684e+03	2.376086854121425e-17	-inf	
31	2.000000000000000e-01	1.000000000000000e+00	1.916205873766388e-03	6.618499124791120e-03	0.000000000000000e+00	0.000000000000000e+00	2.957834693272139e+05	1.505918250522229e+04	8.534704998557508e-03	3.750916466877976e+04	8.339974133931539e+03	8.485615300881684e+03	0.000000000000000e+00	-inf	
32	3.999999999999999e-01	1.000000000000000e+00	1.916205873766388e-03	6.618499124791120e-03	0.000000000000000e+00	0.000000000000000e+00	2.957834693272139e+05	1.505918250522229e+04	8.534704998557508e-03	3.750916466877976e+04	8.339974133931539e+03	8.485615300881684e+03	0.000000000000000e+00	-inf	
33	6.000000000000000e-01	1.000000000000000e+00	1.916205873766388e-03	6.618499124791120e-03	2.801243681460617e-16	-6.557456799782713e-16	2.957834693272139e+05	1.505918250522229e+04	8.534704998557508e-03	3.750916466877976e+04	8.339974133931539e+03	8.485615300881684e+03	3.136221860649733e-17	-inf	
34	8.000000000000000e-01	1.000000000000000e+00	1.916205873766389e-03	6.618499124791120e-03	0.000000000000000e+00	3.565219230949822e-16	2.957834693272139e+05	1.505918250522229e+04	8.534704998557510e-03	3.750916466877979e+04	8.339974133931546e+03	8.485615300881684e+03	1.568048429640075e-17	-inf	
35	1.000000000000000e+00	1.000000000000000e+00	1.916205873766388e-03	6.618499124791120e-03	-5.584297468885773e-16	4.274625098332759e-17	2.957834693272139e+05	1.505918250522229e+04	8.534704998557508e-03	3.750916466877976e+04	8.339974133931539e+03	8.485615300881684e+03	2.463261008671738e-17	-inf	
EXT_ITER= 7652
AOA= 0.000000000000000e+00
SIDESLIP_ANGLE= 0.000000000000000e+00
INITIAL_BCTHRUST= 4.000000000000000e+03
DCD_DCL_VALUE= 0.000000000000000e+00
DCMX_DCL_VALUE= 0.000000000000000e+00
DCMY_DCL_VALUE= 0.000000000000000e+00
DCMZ_DCL_VALUE= 0.000000000000000e+00
