"PointID"	"x"	"y"	"Density[0]"	"Density[1]"	"Momentum_x"	"Momentum_y"	"Energy"	"Electronic_Energy"	"Total_Density"	"Pressure"	"Temperature"	"Tve"	"Mach"	"C<sub>p</sub>"
0	0.000000000000000e+00	0.000000000000000e+00	1.947359331340403e-03	6.587345667217095e-03	0.000000000000000e+00	0.000000000000000e+00	2.957834693272139e+05	1.555479947678773e+04	8.534704998557498e-03	3.779403777417874e+04	8.420626193492320e+03	8.586799737987292e+03	0.000000000000000e+00	-inf	
1	2.000000000000000e-01	0.000000000000000e+00	1.947359331340403e-03	6.587345667217095e-03	0.000000000000000e+00	1.221451384481057e-15	2.957834693272139e+05	1.555479947678773e+04	8.534704998557498e-03	3.779403777417874e+04	8.420626193492320e+03	8.586799737987292e+03	5.353333450749810e-17	-inf	
2	4.000000000000000e-01	0.000000000000000e+00	1.947359331340403e-03	6.587345667217095e-03	0.000000000000000e+00	-9.354153007734333e-16	2.957834693272139e+05	1.555479947678773e+04	8.534704998557498e-03	3.779403777417874e+04	8.420626193492320e+03	8.586799737987292e+03	4.099704731270272e-17	-inf	
3	6.000000000000001e-01	0.000000000000000e+00	1.947359331340403e-03	6.587345667217095e-03	0.000000000000000e+00	-7.280505087692130e-16	2.957834693272139e+05	1.555479947678773e+04	8.534704998557498e-03	3.779403777417874e+04	8.420626193492320e+03	8.586799737987292e+03	3.190873735908471e-17	-inf	
4	8.000000000000000e-01	0.000000000000000e+00	1.947359331340403e-03	6.587345667217095e-03	1.630269252927972e-16	0.000000000000000e+00	2.957834693272139e+05	1.555479947678773e+04	8.534704998557498e-03	3.779403777417874e+04	8.420626193492320e+03	8.586799737987292e+03	7.145085785903880e-18	-inf	
5	1.000000000000000e+00	0.000000000000000e+00	1.947359331340404e-03	6.587345667217095e-03	2.501110429875533e-16	1.591615728102626e-17	2.957834693272139e+05	1.555479947678773e+04	8.534704998557498e-03	3.779403777417872e+04	8.420626193492315e+03	8.586799737987292e+03	1.098395026555453e-17	-inf	
6	0.000000000000000e+00	2.000000000000000e-01	1.947359331340403e-03	6.587345667217095e-03	0.000000000000000e+00	0.000000000000000e+00	2.957834693272139e+05	1.555479947678773e+04	8.534704998557498e-03	3.779403777417874e+04	8.420626193492320e+03	8.586799737987292e+03	0.000000000000000e+00	-inf	
7	2.000000000000000e-01	2.000000000000000e-01	1.947359331340403e-03	6.587345667217095e-03	-5.250058165984188e-16	-1.818989403545857e-18	2.957834693272139e+05	1.555479947678773e+04	8.534704998557498e-03	3.779403777417874e+04	8.420626193492320e+03	8.586799737987292e+03	2.300990530232215e-17	-inf	
8	4.000000000000000e-01	2.000000000000000e-01	1.947359331340403e-03	6.587345667217095e-03	-6.098161975387556e-16	1.648459146963431e-16	2.957834693272139e+05	1.555479947678773e+04	8.534704998557498e-03	3.779403777417874e+04	8.420626193492320e+03	8.586799737987292e+03	2.768609795291315e-17	-inf	
9	5.999999999999999e-01	2.000000000000000e-01	1.947359331340403e-03	6.587345667217095e-03	0.000000000000000e+00	5.356923793442625e-16	2.957834693272139e+05	1.555479947678773e+04	8.534704998557498e-03	3.779403777417874e+04	8.420626193492320e+03	8.586799737987292e+03	2.347813404684770e-17	-inf	
10	7.999999999999999e-01	2.000000000000000e-01	1.947359331340403e-03	6.587345667217095e-03	1.516582415206363e-16	-3.749391908058807e-16	2.957834693272139e+05	1.555479947678773e+04	8.534704998557498e-03	3.779403777417874e+04	8.420626193492320e+03	8.586799737987292e+03	1.772608003403231e-17	-inf	
11	1.000000000000000e+00	2.000000000000000e-01	1.947359331340404e-03	6.587345667217095e-03	2.542037691455335e-16	-1.243734004674475e-16	2.957834693272139e+05	1.555479947678773e+04	8.534704998557498e-03	3.779403777417872e+04	8.420626193492315e+03	8.586799737987292e+03	1.240316852171395e-17	-inf	
12	0.000000000000000e+00	3.999999999999999e-01	1.947359331340403e-03	6.587345667217095e-03	-1.266016624867948e-15	0.000000000000000e+00	2.957834693272139e+05	1.555479947678773e+04	8.534704998557498e-03	3.779403777417874e+04	8.420626193492320e+03	8.586799737987292e+03	5.548652392735541e-17	-inf	
13	2.000000000000000e-01	3.999999999999999e-01	1.947359331340403e-03	6.587345667217095e-03	4.568646716312287e-16	0.000000000000000e+00	2.957834693272139e+05	1.555479947678773e+04	8.534704998557498e-03	3.779403777417874e+04	8.420626193492320e+03	8.586799737987292e+03	2.002330146073214e-17	-inf	
14	3.999999999999999e-01	4.000000000000001e-01	1.947359331340404e-03	6.587345667217095e-03	1.253538528349947e-16	0.000000000000000e+00	2.957834693272139e+05	1.555479947678773e+04	8.534704998557498e-03	3.779403777417872e+04	8.420626193492315e+03	8.586799737987292e+03	5.493963837513283e-18	-inf	
15	6.000000000000001e-01	4.000000000000000e-01	1.947359331340404e-03	6.587345667217095e-03	-4.813500709133312e-16	-9.094947017729280e-19	2.957834693272139e+05	1.555479947678773e+04	8.534704998557498e-03	3.779403777417872e+04	8.420626193492315e+03	8.586799737987292e+03	2.109647644286089e-17	-inf	
16	8.000000000000000e-01	4.000000000000000e-01	1.947359331340403e-03	6.587345667217095e-03	-1.691660145297647e-16	0.000000000000000e+00	2.957834693272139e+05	1.555479947678773e+04	8.534704998557498e-03	3.779403777417874e+04	8.420626193492320e+03	8.586799737987292e+03	7.414147593741274e-18	-inf	
17	1.000000000000000e+00	4.000000000000000e-01	1.947359331340403e-03	6.587345667217095e-03	0.000000000000000e+00	0.000000000000000e+00	2.957834693272139e+05	1.555479947678773e+04	8.534704998557498e-03	3.779403777417874e+04	8.420626193492320e+03	8.586799737987292e+03	0.000000000000000e+00	-inf	
18	0.000000000000000e+00	6.000000000000000e-01	1.947359331340403e-03	6.587345667217095e-03	9.354153007734333e-16	1.630269252927972e-16	2.957834693272139e+05	1.555479947678773e+04	8.534704998557498e-03	3.779403777417874e+04	8.420626193492320e+03	8.586799737987292e+03	4.161502299948795e-17	-inf	
19	2.000000000000000e-01	6.000000000000000e-01	1.947359331340403e-03	6.587345667217095e-03	8.099993972062483e-18	1.818989403545857e-18	2.957834693272139e+05	1.555479947678773e+04	8.534704998557498e-03	3.779403777417874e+04	8.420626193492320e+03	8.586799737987292e+03	3.638449999500308e-19	-inf	
20	4.000000000000001e-01	6.000000000000002e-01	1.947359331340403e-03	6.587345667217095e-03	0.000000000000000e+00	-1.648459146963432e-16	2.957834693272139e+05	1.555479947678773e+04	8.534704998557498e-03	3.779403777417874e+04	8.420626193492320e+03	8.586799737987292e+03	7.224807803040888e-18	-inf	
21	6.000000000000000e-01	6.000000000000001e-01	1.947359331340403e-03	6.587345667217095e-03	-8.099993972062087e-18	-1.734861143631864e-16	2.957834693272139e+05	1.555479947678773e+04	8.534704998557498e-03	3.779403777417874e+04	8.420626193492320e+03	8.586799737987292e+03	7.611770358420953e-18	-inf	
22	8.000000000000000e-01	6.000000000000001e-01	1.947359331340403e-03	6.587345667217095e-03	1.700755092315375e-16	-9.094947017729286e-19	2.957834693272139e+05	1.555479947678773e+04	8.534704998557498e-03	3.779403777417874e+04	8.420626193492320e+03	8.586799737987292e+03	7.454115181784631e-18	-inf	
23	1.000000000000000e+00	6.000000000000001e-01	1.947359331340404e-03	6.587345667217095e-03	9.636096365284353e-16	-9.094947017729280e-19	2.957834693272139e+05	1.555479947678773e+04	8.534704998557498e-03	3.779403777417872e+04	8.420626193492315e+03	8.586799737987292e+03	4.223275738955965e-17	-inf	
24	0.000000000000000e+00	8.000000000000000e-01	1.947359331340404e-03	6.587345667217095e-03	-2.287379174958927e-16	0.000000000000000e+00	2.957834693272139e+05	1.555479947678773e+04	8.534704998557498e-03	3.779403777417872e+04	8.420626193492315e+03	8.586799737987292e+03	1.002504365497817e-17	-inf	
25	2.000000000000000e-01	8.000000000000000e-01	1.947359331340403e-03	6.587345667217095e-03	-1.734861143631865e-16	5.240963218966457e-16	2.957834693272139e+05	1.555479947678773e+04	8.534704998557498e-03	3.779403777417874e+04	8.420626193492320e+03	8.586799737987292e+03	2.419565272259570e-17	-inf	
26	3.999999999999999e-01	8.000000000000000e-01	1.947359331340403e-03	6.587345667217095e-03	-9.094947017729284e-19	0.000000000000000e+00	2.957834693272139e+05	1.555479947678773e+04	8.534704998557498e-03	3.779403777417874e+04	8.420626193492320e+03	8.586799737987292e+03	3.986100856850146e-20	-inf	
27	6.000000000000000e-01	8.000000000000000e-01	1.947359331340403e-03	6.587345667217095e-03	0.000000000000000e+00	-5.870788299944293e-16	2.957834693272139e+05	1.555479947678773e+04	8.534704998557498e-03	3.779403777417874e+04	8.420626193492320e+03	8.586799737987292e+03	2.573028103096787e-17	-inf	
28	8.000000000000000e-01	8.000000000000000e-01	1.947359331340403e-03	6.587345667217095e-03	0.000000000000000e+00	1.618900569155806e-16	2.957834693272139e+05	1.555479947678773e+04	8.534704998557498e-03	3.779403777417874e+04	8.420626193492320e+03	8.586799737987292e+03	7.095259525193233e-18	-inf	
29	1.000000000000000e+00	8.000000000000000e-01	1.947359331340403e-03	6.587345667217095e-03	-7.262315193656673e-16	-1.498392521170912e-16	2.957834693272139e+05	1.555479947678773e+04	8.534704998557498e-03	3.779403777417874e+04	8.420626193492320e+03	8.586799737987292e+03	3.249943130741564e-17	-inf	
30	0.000000000000000e+00	1.000000000000000e+00	1.947359331340403e-03	6.587345667217095e-03	1.818989403545857e-18	-3.278728399891406e-16	2.957834693272139e+05	1.555479947678773e+04	8.534704998557498e-03	3.779403777417874e+04	8.420626193492320e+03	8.586799737987292e+03	1.437011473014786e-17	-inf	
31	2.000000000000000e-01	1.000000000000000e+00	1.947359331340403e-03	6.587345667217095e-03	0.000000000000000e+00	0.000000000000000e+00	2.957834693272139e+05	1.555479947678773e+04	8.534704998557498e-03	3.779403777417874e+04	8.420626193492320e+03	8.586799737987292e+03	0.000000000000000e+00	-inf	
32	3.999999999999999e-01	1.000000000000000e+00	1.947359331340403e-03	6.587345667217095e-03	0.000000000000000e+00	0.000000000000000e+00	2.957834693272139e+05	1.555479947678773e+04	8.534704998557498e-03	3.779403777417874e+04	8.420626193492320e+03	8.586799737987292e+03	0.000000000000000e+00	-inf	
33	6.000000000000000e-01	1.000000000000000e+00	1.947359331340403e-03	6.587345667217095e-03	1.714397512841967e-16	-4.856701707467480e-16	2.957834693272139e+05	1.555479947678773e+04	8.534704998557498e-03	3.779403777417874e+04	8.420626193492320e+03	8.586799737987292e+03	2.257302730559716e-17	-inf	
34	8.000000000000000e-01	1.000000000000000e+00	1.947359331340404e-03	6.587345667217095e-03	0.000000000000000e+00	2.196429704781570e-16	2.957834693272139e+05	1.555479947678773e+04	8.534704998557498e-03	3.779403777417872e+04	8.420626193492315e+03	8.586799737987292e+03	9.626433569292874e-18	-inf	
35	1.000000000000000e+00	1.000000000000000e+00	1.947359331340403e-03	6.587345667217095e-03	-3.410605131648474e-16	-4.411049303598691e-17	2.957834693272139e+05	1.555479947678773e+04	8.534704998557498e-03	3.779403777417874e+04	8.420626193492320e+03	8.586799737987292e+03	1.507237715527782e-17	-inf	
EXT_ITER= 6678
AOA= 0.000000000000000e+00
SIDESLIP_ANGLE= 0.000000000000000e+00
INITIAL_BCTHRUST= 4.000000000000000e+03
DCD_DCL_VALUE= 0.000000000000000e+00
DCMX_DCL_VALUE= 0.000000000000000e+00
DCMY_DCL_VALUE= 0.000000000000000e+00
DCMZ_DCL_VALUE= 0.000000000000000e+00
