"PointID"	"x"	"y"	"Density[0]"	"Density[1]"	"Momentum_x"	"Momentum_y"	"Energy"	"Electronic_Energy"	"Total_Density"	"Pressure"	"Temperature"	"Tve"	"Mach"	"C<sub>p</sub>"
0	0.000000000000000e+00	0.000000000000000e+00	2.114162267790045e-03	6.420542730767437e-03	0.000000000000000e+00	0.000000000000000e+00	2.957834693272139e+05	1.851038002990491e+04	8.534704998557482e-03	3.911772179484270e+04	8.812755615504853e+03	9.177910039145554e+03	0.000000000000000e+00	-inf	
1	2.000000000000000e-01	0.000000000000000e+00	2.114162267790045e-03	6.420542730767437e-03	0.000000000000000e+00	7.462404028046700e-16	2.957834693272139e+05	1.851038002990491e+04	8.534704998557482e-03	3.911772179484270e+04	8.812755615504853e+03	9.177910039145554e+03	3.219483923480832e-17	-inf	
2	4.000000000000000e-01	0.000000000000000e+00	2.114162267790045e-03	6.420542730767437e-03	0.000000000000000e+00	-6.089067028369694e-16	2.957834693272139e+05	1.851038002990491e+04	8.534704998557482e-03	3.911772179484270e+04	8.812755615504853e+03	9.177910039145554e+03	2.626989014954841e-17	-inf	
3	6.000000000000001e-01	0.000000000000000e+00	2.114162267790045e-03	6.420542730767437e-03	0.000000000000000e+00	-1.832631824072466e-16	2.957834693272139e+05	1.851038002990491e+04	8.534704998557482e-03	3.911772179484270e+04	8.812755615504853e+03	9.177910039145554e+03	7.906471792582674e-18	-inf	
4	8.000000000000000e-01	0.000000000000000e+00	2.114162267790045e-03	6.420542730767437e-03	1.625721779419101e-16	0.000000000000000e+00	2.957834693272139e+05	1.851038002990491e+04	8.534704998557482e-03	3.911772179484270e+04	8.812755615504853e+03	9.177910039145554e+03	7.013805622452279e-18	-inf	
5	1.000000000000000e+00	0.000000000000000e+00	2.114162267790046e-03	6.420542730767437e-03	2.564775058999633e-16	3.246896085329403e-16	2.957834693272139e+05	1.851038002990491e+04	8.534704998557482e-03	3.911772179484269e+04	8.812755615504850e+03	9.177910039145554e+03	1.785108108616879e-17	-inf	
6	0.000000000000000e+00	2.000000000000000e-01	2.114162267790045e-03	6.420542730767437e-03	0.000000000000000e+00	0.000000000000000e+00	2.957834693272139e+05	1.851038002990491e+04	8.534704998557482e-03	3.911772179484270e+04	8.812755615504853e+03	9.177910039145554e+03	0.000000000000000e+00	-inf	
7	2.000000000000000e-01	2.000000000000000e-01	2.114162267790045e-03	6.420542730767437e-03	-3.196873876731800e-16	-1.818989403545857e-18	2.957834693272139e+05	1.851038002990491e+04	8.534704998557482e-03	3.911772179484270e+04	8.812755615504853e+03	9.177910039145554e+03	1.379240606335419e-17	-inf	
8	4.000000000000000e-01	2.000000000000000e-01	2.114162267790045e-03	6.420542730767437e-03	-3.722107067005622e-16	1.643911673454559e-16	2.957834693272139e+05	1.851038002990491e+04	8.534704998557482e-03	3.911772179484270e+04	8.812755615504853e+03	9.177910039145554e+03	1.755464768073167e-17	-inf	
9	5.999999999999999e-01	2.000000000000000e-01	2.114162267790045e-03	6.420542730767437e-03	0.000000000000000e+00	2.578417479526261e-16	2.957834693272139e+05	1.851038002990491e+04	8.534704998557482e-03	3.911772179484270e+04	8.812755615504853e+03	9.177910039145554e+03	1.112399381239294e-17	-inf	
10	7.999999999999999e-01	2.000000000000000e-01	2.114162267790045e-03	6.420542730767437e-03	1.518856151960791e-16	-1.775788405211671e-16	2.957834693272139e+05	1.851038002990491e+04	8.534704998557482e-03	3.911772179484270e+04	8.812755615504853e+03	9.177910039145554e+03	1.008132653313118e-17	-inf	
11	1.000000000000000e+00	2.000000000000000e-01	2.114162267790046e-03	6.420542730767437e-03	2.642082108650345e-16	-1.273292582482090e-16	2.957834693272139e+05	1.851038002990491e+04	8.534704998557482e-03	3.911772179484269e+04	8.812755615504850e+03	9.177910039145554e+03	1.265330529047875e-17	-inf	
12	0.000000000000000e+00	3.999999999999999e-01	2.114162267790045e-03	6.420542730767437e-03	-8.203642209991574e-16	0.000000000000000e+00	2.957834693272139e+05	1.851038002990491e+04	8.534704998557482e-03	3.911772179484270e+04	8.812755615504853e+03	9.177910039145554e+03	3.539274221791218e-17	-inf	
13	2.000000000000000e-01	3.999999999999999e-01	2.114162267790045e-03	6.420542730767437e-03	3.209766603825802e-16	0.000000000000000e+00	2.957834693272139e+05	1.851038002990491e+04	8.534704998557482e-03	3.911772179484270e+04	8.812755615504853e+03	9.177910039145554e+03	1.384780553331649e-17	-inf	
14	3.999999999999999e-01	4.000000000000001e-01	2.114162267790046e-03	6.420542730767437e-03	1.092917685449301e-16	0.000000000000000e+00	2.957834693272139e+05	1.851038002990491e+04	8.534704998557482e-03	3.911772179484269e+04	8.812755615504850e+03	9.177910039145554e+03	4.715143946598820e-18	-inf	
15	6.000000000000001e-01	4.000000000000000e-01	2.114162267790046e-03	6.420542730767437e-03	-2.021351974690347e-16	-9.094947017729280e-19	2.957834693272139e+05	1.851038002990491e+04	8.534704998557482e-03	3.911772179484269e+04	8.812755615504850e+03	9.177910039145554e+03	8.720750090072396e-18	-inf	
16	8.000000000000000e-01	4.000000000000000e-01	2.114162267790045e-03	6.420542730767437e-03	-1.675743988016616e-16	0.000000000000000e+00	2.957834693272139e+05	1.851038002990491e+04	8.534704998557482e-03	3.911772179484270e+04	8.812755615504853e+03	9.177910039145554e+03	7.229615026220059e-18	-inf	
17	1.000000000000000e+00	4.000000000000000e-01	2.114162267790045e-03	6.420542730767437e-03	0.000000000000000e+00	0.000000000000000e+00	2.957834693272139e+05	1.851038002990491e+04	8.534704998557482e-03	3.911772179484270e+04	8.812755615504853e+03	9.177910039145554e+03	0.000000000000000e+00	-inf	
18	0.000000000000000e+00	6.000000000000000e-01	2.114162267790045e-03	6.420542730767437e-03	6.089067028369694e-16	1.625721779419100e-16	2.957834693272139e+05	1.851038002990491e+04	8.534704998557482e-03	3.911772179484270e+04	8.812755615504853e+03	9.177910039145554e+03	2.719008271004124e-17	-inf	
19	2.000000000000000e-01	6.000000000000000e-01	2.114162267790045e-03	6.420542730767437e-03	-2.811690076604477e-17	1.818989403545857e-18	2.957834693272139e+05	1.851038002990491e+04	8.534704998557482e-03	3.911772179484270e+04	8.812755615504853e+03	9.177910039145554e+03	1.215575329811247e-18	-inf	
20	4.000000000000001e-01	6.000000000000002e-01	2.114162267790045e-03	6.420542730767437e-03	0.000000000000000e+00	-1.643911673454561e-16	2.957834693272139e+05	1.851038002990491e+04	8.534704998557482e-03	3.911772179484270e+04	8.812755615504853e+03	9.177910039145554e+03	7.092281769276927e-18	-inf	
21	6.000000000000000e-01	6.000000000000001e-01	2.114162267790045e-03	6.420542730767437e-03	2.811690076604495e-17	-1.680291461525481e-16	2.957834693272139e+05	1.851038002990491e+04	8.534704998557482e-03	3.911772179484270e+04	8.812755615504853e+03	9.177910039145554e+03	7.350024447300504e-18	-inf	
22	8.000000000000000e-01	6.000000000000001e-01	2.114162267790045e-03	6.420542730767437e-03	1.684838935034343e-16	-9.094947017729286e-19	2.957834693272139e+05	1.851038002990491e+04	8.534704998557482e-03	3.911772179484270e+04	8.812755615504853e+03	9.177910039145554e+03	7.268959004592078e-18	-inf	
23	1.000000000000000e+00	6.000000000000001e-01	2.114162267790046e-03	6.420542730767437e-03	4.051798896398423e-16	-9.094947017729280e-19	2.957834693272139e+05	1.851038002990491e+04	8.534704998557482e-03	3.911772179484269e+04	8.812755615504850e+03	9.177910039145554e+03	1.748060574337526e-17	-inf	
24	0.000000000000000e+00	8.000000000000000e-01	2.114162267790046e-03	6.420542730767437e-03	-2.228262019343685e-16	0.000000000000000e+00	2.957834693272139e+05	1.851038002990491e+04	8.534704998557482e-03	3.911772179484269e+04	8.812755615504850e+03	9.177910039145554e+03	9.613327986018605e-18	-inf	
25	2.000000000000000e-01	8.000000000000000e-01	2.114162267790045e-03	6.420542730767437e-03	-1.680291461525481e-16	3.187778929714071e-16	2.957834693272139e+05	1.851038002990491e+04	8.534704998557482e-03	3.911772179484270e+04	8.812755615504853e+03	9.177910039145554e+03	1.554653926999611e-17	-inf	
26	3.999999999999999e-01	8.000000000000000e-01	2.114162267790045e-03	6.420542730767437e-03	-9.094947017729284e-19	0.000000000000000e+00	2.957834693272139e+05	1.851038002990491e+04	8.534704998557482e-03	3.911772179484270e+04	8.812755615504853e+03	9.177910039145554e+03	3.923807341232065e-20	-inf	
27	6.000000000000000e-01	8.000000000000000e-01	2.114162267790045e-03	6.420542730767437e-03	0.000000000000000e+00	-3.183231456205207e-16	2.957834693272139e+05	1.851038002990491e+04	8.534704998557482e-03	3.911772179484270e+04	8.812755615504853e+03	9.177910039145554e+03	1.373332569431204e-17	-inf	
28	8.000000000000000e-01	8.000000000000000e-01	2.114162267790045e-03	6.420542730767437e-03	0.000000000000000e+00	1.623448042664666e-16	2.957834693272139e+05	1.851038002990491e+04	8.534704998557482e-03	3.911772179484270e+04	8.812755615504853e+03	9.177910039145554e+03	7.003996104099185e-18	-inf	
29	1.000000000000000e+00	8.000000000000000e-01	2.114162267790045e-03	6.420542730767437e-03	-1.814441930037007e-16	-1.523403625469660e-16	2.957834693272139e+05	1.851038002990491e+04	8.534704998557482e-03	3.911772179484270e+04	8.812755615504853e+03	9.177910039145554e+03	1.022123569625479e-17	-inf	
30	0.000000000000000e+00	1.000000000000000e+00	2.114162267790045e-03	6.420542730767437e-03	1.818989403545857e-18	-3.269633452873664e-16	2.957834693272139e+05	1.851038002990491e+04	8.534704998557482e-03	3.911772179484270e+04	8.812755615504853e+03	9.177910039145554e+03	1.410630568252093e-17	-inf	
31	2.000000000000000e-01	1.000000000000000e+00	2.114162267790045e-03	6.420542730767437e-03	0.000000000000000e+00	0.000000000000000e+00	2.957834693272139e+05	1.851038002990491e+04	8.534704998557482e-03	3.911772179484270e+04	8.812755615504853e+03	9.177910039145554e+03	0.000000000000000e+00	-inf	
32	3.999999999999999e-01	1.000000000000000e+00	2.114162267790045e-03	6.420542730767437e-03	0.000000000000000e+00	0.000000000000000e+00	2.957834693272139e+05	1.851038002990491e+04	8.534704998557482e-03	3.911772179484270e+04	8.812755615504853e+03	9.177910039145554e+03	0.000000000000000e+00	-inf	
33	6.000000000000000e-01	1.000000000000000e+00	2.114162267790045e-03	6.420542730767437e-03	1.698481355560935e-16	-1.518856151960798e-16	2.957834693272139e+05	1.851038002990491e+04	8.534704998557482e-03	3.911772179484270e+04	8.812755615504853e+03	9.177910039145554e+03	9.830258273830778e-18	-inf	
34	8.000000000000000e-01	1.000000000000000e+00	2.114162267790046e-03	6.420542730767437e-03	0.000000000000000e+00	5.661604518536501e-16	2.957834693272139e+05	1.851038002990491e+04	8.534704998557482e-03	3.911772179484269e+04	8.812755615504850e+03	9.177910039145554e+03	2.442570069916970e-17	-inf	
35	1.000000000000000e+00	1.000000000000000e+00	2.114162267790045e-03	6.420542730767437e-03	-3.378772817086410e-16	-3.210516297258485e-16	2.957834693272139e+05	1.851038002990491e+04	8.534704998557482e-03	3.911772179484270e+04	8.812755615504853e+03	9.177910039145554e+03	2.010817274252368e-17	-inf	
EXT_ITER= 3386
AOA= 0.000000000000000e+00
SIDESLIP_ANGLE= 0.000000000000000e+00
INITIAL_BCTHRUST= 4.000000000000000e+03
DCD_DCL_VALUE= 0.000000000000000e+00
DCMX_DCL_VALUE= 0.000000000000000e+00
DCMY_DCL_VALUE= 0.000000000000000e+00
DCMZ_DCL_VALUE= 0.000000000000000e+00
