"PointID"	"x"	"y"	"Density[0]"	"Density[1]"	"Momentum_x"	"Momentum_y"	"Energy"	"Electronic_Energy"	"Total_Density"	"Pressure"	"Temperature"	"Tve"	"Mach"	"C<sub>p</sub>"
0	0.000000000000000e+00	0.000000000000000e+00	1.943413268215214e-03	6.591291730342287e-03	0.000000000000000e+00	0.000000000000000e+00	2.957834693272139e+05	1.549134916374343e+04	8.534704998557501e-03	3.775842455273745e+04	8.410496760679591e+03	8.573789069633465e+03	0.000000000000000e+00	-inf	
1	2.000000000000000e-01	0.000000000000000e+00	1.943413268215214e-03	6.591291730342287e-03	0.000000000000000e+00	1.231910573551447e-15	2.957834693272139e+05	1.549134916374343e+04	8.534704998557501e-03	3.775842455273745e+04	8.410496760679591e+03	8.573789069633465e+03	5.401533446843146e-17	-inf	
2	4.000000000000000e-01	0.000000000000000e+00	1.943413268215214e-03	6.591291730342287e-03	0.000000000000000e+00	-9.445102477911638e-16	2.957834693272139e+05	1.549134916374343e+04	8.534704998557501e-03	3.775842455273745e+04	8.410496760679591e+03	8.573789069633465e+03	4.141375034733409e-17	-inf	
3	6.000000000000001e-01	0.000000000000000e+00	1.943413268215214e-03	6.591291730342287e-03	0.000000000000000e+00	-7.466951501555564e-16	2.957834693272139e+05	1.549134916374343e+04	8.534704998557501e-03	3.775842455273745e+04	8.410496760679591e+03	8.573789069633465e+03	3.274019165639026e-17	-inf	
4	8.000000000000000e-01	0.000000000000000e+00	1.943413268215214e-03	6.591291730342287e-03	1.723492459859698e-16	0.000000000000000e+00	2.957834693272139e+05	1.549134916374343e+04	8.534704998557501e-03	3.775842455273745e+04	8.410496760679591e+03	8.573789069633465e+03	7.556962629581113e-18	-inf	
5	1.000000000000000e+00	0.000000000000000e+00	1.943413268215215e-03	6.591291730342287e-03	2.801243681460604e-16	1.045918907038869e-17	2.957834693272139e+05	1.549134916374343e+04	8.534704998557501e-03	3.775842455273745e+04	8.410496760679591e+03	8.573789069633465e+03	1.229111525559802e-17	-inf	
6	0.000000000000000e+00	2.000000000000000e-01	1.943413268215214e-03	6.591291730342287e-03	0.000000000000000e+00	0.000000000000000e+00	2.957834693272139e+05	1.549134916374343e+04	8.534704998557501e-03	3.775842455273745e+04	8.410496760679591e+03	8.573789069633465e+03	0.000000000000000e+00	-inf	
7	2.000000000000000e-01	2.000000000000000e-01	1.943413268215214e-03	6.591291730342287e-03	-5.336460162652628e-16	-1.818989403545857e-18	2.957834693272139e+05	1.549134916374343e+04	8.534704998557501e-03	3.775842455273745e+04	8.410496760679591e+03	8.573789069633465e+03	2.339880517966001e-17	-inf	
8	4.000000000000000e-01	2.000000000000000e-01	1.943413268215214e-03	6.591291730342287e-03	-6.150457920739506e-16	1.741682353895156e-16	2.957834693272139e+05	1.549134916374343e+04	8.534704998557501e-03	3.775842455273745e+04	8.410496760679591e+03	8.573789069633465e+03	2.802822002078416e-17	-inf	
9	5.999999999999999e-01	2.000000000000000e-01	1.943413268215214e-03	6.591291730342287e-03	0.000000000000000e+00	5.547917680814930e-16	2.957834693272139e+05	1.549134916374343e+04	8.534704998557501e-03	3.775842455273745e+04	8.410496760679591e+03	8.573789069633465e+03	2.432584276540654e-17	-inf	
10	7.999999999999999e-01	2.000000000000000e-01	1.943413268215214e-03	6.591291730342287e-03	1.605258148629223e-16	-3.847162588499389e-16	2.957834693272139e+05	1.549134916374343e+04	8.534704998557501e-03	3.775842455273745e+04	8.410496760679591e+03	8.573789069633465e+03	1.827812767832537e-17	-inf	
11	1.000000000000000e+00	2.000000000000000e-01	1.943413268215215e-03	6.591291730342287e-03	2.819433575496082e-16	-1.393800630467011e-16	2.957834693272139e+05	1.549134916374343e+04	8.534704998557501e-03	3.775842455273745e+04	8.410496760679591e+03	8.573789069633465e+03	1.379041817049081e-17	-inf	
12	0.000000000000000e+00	3.999999999999999e-01	1.943413268215214e-03	6.591291730342287e-03	-1.266016624867949e-15	0.000000000000000e+00	2.957834693272139e+05	1.549134916374343e+04	8.534704998557501e-03	3.775842455273745e+04	8.410496760679591e+03	8.573789069633465e+03	5.551077562204325e-17	-inf	
13	2.000000000000000e-01	3.999999999999999e-01	1.943413268215214e-03	6.591291730342287e-03	4.693352640870357e-16	0.000000000000000e+00	2.957834693272139e+05	1.549134916374343e+04	8.534704998557501e-03	3.775842455273745e+04	8.410496760679591e+03	8.573789069633465e+03	2.057884866951514e-17	-inf	
14	3.999999999999999e-01	4.000000000000001e-01	1.943413268215215e-03	6.591291730342287e-03	1.346412138345960e-16	0.000000000000000e+00	2.957834693272139e+05	1.549134916374343e+04	8.534704998557501e-03	3.775842455273745e+04	8.410496760679591e+03	8.573789069633465e+03	5.903586148745381e-18	-inf	
15	6.000000000000001e-01	4.000000000000000e-01	1.943413268215215e-03	6.591291730342287e-03	-5.052243068348691e-16	-9.094947017729280e-19	2.957834693272139e+05	1.549134916374343e+04	8.534704998557501e-03	3.775842455273745e+04	8.410496760679591e+03	8.573789069633465e+03	2.215250418297322e-17	-inf	
16	8.000000000000000e-01	4.000000000000000e-01	1.943413268215214e-03	6.591291730342287e-03	-1.784883352229373e-16	0.000000000000000e+00	2.957834693272139e+05	1.549134916374343e+04	8.534704998557501e-03	3.775842455273745e+04	8.410496760679591e+03	8.573789069633465e+03	7.826142037231115e-18	-inf	
17	1.000000000000000e+00	4.000000000000000e-01	1.943413268215214e-03	6.591291730342287e-03	0.000000000000000e+00	0.000000000000000e+00	2.957834693272139e+05	1.549134916374343e+04	8.534704998557501e-03	3.775842455273745e+04	8.410496760679591e+03	8.573789069633465e+03	0.000000000000000e+00	-inf	
18	0.000000000000000e+00	6.000000000000000e-01	1.943413268215214e-03	6.591291730342287e-03	9.445102477911638e-16	1.723492459859697e-16	2.957834693272139e+05	1.549134916374343e+04	8.534704998557501e-03	3.775842455273745e+04	8.410496760679591e+03	8.573789069633465e+03	4.209758190224469e-17	-inf	
19	2.000000000000000e-01	6.000000000000000e-01	1.943413268215214e-03	6.591291730342287e-03	8.484821935806619e-18	1.818989403545857e-18	2.957834693272139e+05	1.549134916374343e+04	8.534704998557501e-03	3.775842455273745e+04	8.410496760679591e+03	8.573789069633465e+03	3.804854419077919e-19	-inf	
20	4.000000000000001e-01	6.000000000000002e-01	1.943413268215214e-03	6.591291730342287e-03	0.000000000000000e+00	-1.741682353895158e-16	2.957834693272139e+05	1.549134916374343e+04	8.534704998557501e-03	3.775842455273745e+04	8.410496760679591e+03	8.573789069633465e+03	7.636719491107042e-18	-inf	
21	6.000000000000000e-01	6.000000000000001e-01	1.943413268215214e-03	6.591291730342287e-03	-8.484821935806222e-18	-1.832631824072455e-16	2.957834693272139e+05	1.549134916374343e+04	8.534704998557501e-03	3.775842455273745e+04	8.410496760679591e+03	8.573789069633465e+03	8.044111468276330e-18	-inf	
22	8.000000000000000e-01	6.000000000000001e-01	1.943413268215214e-03	6.591291730342287e-03	1.793978299247100e-16	-9.094947017729286e-19	2.957834693272139e+05	1.549134916374343e+04	8.534704998557501e-03	3.775842455273745e+04	8.410496760679591e+03	8.573789069633465e+03	7.866121553354086e-18	-inf	
23	1.000000000000000e+00	6.000000000000001e-01	1.943413268215215e-03	6.591291730342287e-03	1.011358108371511e-15	-9.094947017729280e-19	2.957834693272139e+05	1.549134916374343e+04	8.534704998557501e-03	3.775842455273745e+04	8.410496760679591e+03	8.573789069633465e+03	4.434483293935881e-17	-inf	
24	0.000000000000000e+00	8.000000000000000e-01	1.943413268215215e-03	6.591291730342287e-03	-2.569322532508538e-16	0.000000000000000e+00	2.957834693272139e+05	1.549134916374343e+04	8.534704998557501e-03	3.775842455273745e+04	8.410496760679591e+03	8.573789069633465e+03	1.126565669053657e-17	-inf	
25	2.000000000000000e-01	8.000000000000000e-01	1.943413268215214e-03	6.591291730342287e-03	-1.832631824072455e-16	5.327365215634897e-16	2.957834693272139e+05	1.549134916374343e+04	8.534704998557501e-03	3.775842455273745e+04	8.410496760679591e+03	8.573789069633465e+03	2.470227580293359e-17	-inf	
26	3.999999999999999e-01	8.000000000000000e-01	1.943413268215214e-03	6.591291730342287e-03	-9.094947017729284e-19	0.000000000000000e+00	2.957834693272139e+05	1.549134916374343e+04	8.534704998557501e-03	3.775842455273745e+04	8.410496760679591e+03	8.573789069633465e+03	3.987843076296107e-20	-inf	
27	6.000000000000000e-01	8.000000000000000e-01	1.943413268215214e-03	6.591291730342287e-03	0.000000000000000e+00	-5.923084245296244e-16	2.957834693272139e+05	1.549134916374343e+04	8.534704998557501e-03	3.775842455273745e+04	8.410496760679591e+03	8.573789069633465e+03	2.597082803437860e-17	-inf	
28	8.000000000000000e-01	8.000000000000000e-01	1.943413268215214e-03	6.591291730342287e-03	0.000000000000000e+00	1.707576302578667e-16	2.957834693272139e+05	1.549134916374343e+04	8.534704998557501e-03	3.775842455273745e+04	8.410496760679591e+03	8.573789069633465e+03	7.487175375745912e-18	-inf	
29	1.000000000000000e+00	8.000000000000000e-01	1.943413268215214e-03	6.591291730342287e-03	-7.448761607520107e-16	-1.591615728102637e-16	2.957834693272139e+05	1.549134916374343e+04	8.534704998557501e-03	3.775842455273745e+04	8.410496760679591e+03	8.573789069633465e+03	3.339770364812747e-17	-inf	
30	0.000000000000000e+00	1.000000000000000e+00	1.943413268215214e-03	6.591291730342287e-03	1.818989403545857e-18	-3.465174813754857e-16	2.957834693272139e+05	1.549134916374343e+04	8.534704998557501e-03	3.775842455273745e+04	8.410496760679591e+03	8.573789069633465e+03	1.519389145484064e-17	-inf	
31	2.000000000000000e-01	1.000000000000000e+00	1.943413268215214e-03	6.591291730342287e-03	0.000000000000000e+00	0.000000000000000e+00	2.957834693272139e+05	1.549134916374343e+04	8.534704998557501e-03	3.775842455273745e+04	8.410496760679591e+03	8.573789069633465e+03	0.000000000000000e+00	-inf	
32	3.999999999999999e-01	1.000000000000000e+00	1.943413268215214e-03	6.591291730342287e-03	0.000000000000000e+00	0.000000000000000e+00	2.957834693272139e+05	1.549134916374343e+04	8.534704998557501e-03	3.775842455273745e+04	8.410496760679591e+03	8.573789069633465e+03	0.000000000000000e+00	-inf	
33	6.000000000000000e-01	1.000000000000000e+00	1.943413268215214e-03	6.591291730342287e-03	1.807620719773693e-16	-5.029505700804322e-16	2.957834693272139e+05	1.549134916374343e+04	8.534704998557501e-03	3.775842455273745e+04	8.410496760679591e+03	8.573789069633465e+03	2.343381471383298e-17	-inf	
34	8.000000000000000e-01	1.000000000000000e+00	1.943413268215215e-03	6.591291730342287e-03	0.000000000000000e+00	2.355591277591834e-16	2.957834693272139e+05	1.549134916374343e+04	8.534704998557501e-03	3.775842455273745e+04	8.410496760679591e+03	8.573789069633465e+03	1.032851356760670e-17	-inf	
35	1.000000000000000e+00	1.000000000000000e+00	1.943413268215214e-03	6.591291730342287e-03	-3.597051545511925e-16	-3.501554601825765e-17	2.957834693272139e+05	1.549134916374343e+04	8.534704998557501e-03	3.775842455273745e+04	8.410496760679591e+03	8.573789069633465e+03	1.584647111307309e-17	-inf	
EXT_ITER= 6793
AOA= 0.000000000000000e+00
SIDESLIP_ANGLE= 0.000000000000000e+00
INITIAL_BCTHRUST= 4.000000000000000e+03
DCD_DCL_VALUE= 0.000000000000000e+00
DCMX_DCL_VALUE= 0.000000000000000e+00
DCMY_DCL_VALUE= 0.000000000000000e+00
DCMZ_DCL_VALUE= 0.000000000000000e+00
