"PointID"	"x"	"y"	"Density[0]"	"Density[1]"	"Momentum_x"	"Momentum_y"	"Energy"	"Electronic_Energy"	"Total_Density"	"Pressure"	"Temperature"	"Tve"	"Mach"	"C<sub>p</sub>"
0	0.000000000000000e+00	0.000000000000000e+00	1.950186649396719e-03	6.584518349160779e-03	0.000000000000000e+00	0.000000000000000e+00	2.957834693272139e+05	1.560038486006187e+04	8.534704998557498e-03	3.781946820117265e+04	8.427867899338074e+03	8.595967322605247e+03	0.000000000000000e+00	-inf	
1	2.000000000000000e-01	0.000000000000000e+00	1.950186649396719e-03	6.584518349160779e-03	0.000000000000000e+00	1.211446942761554e-15	2.957834693272139e+05	1.560038486006187e+04	8.534704998557498e-03	3.781946820117265e+04	8.427867899338074e+03	8.595967322605247e+03	5.307831768465058e-17	-inf	
2	4.000000000000000e-01	0.000000000000000e+00	1.950186649396719e-03	6.584518349160779e-03	0.000000000000000e+00	-9.267751011065894e-16	2.957834693272139e+05	1.560038486006187e+04	8.534704998557498e-03	3.781946820117265e+04	8.427867899338074e+03	8.595967322605247e+03	4.060571000049318e-17	-inf	
3	6.000000000000001e-01	0.000000000000000e+00	1.950186649396719e-03	6.584518349160779e-03	0.000000000000000e+00	-7.175913196988252e-16	2.957834693272139e+05	1.560038486006187e+04	8.534704998557498e-03	3.781946820117265e+04	8.427867899338074e+03	8.595967322605247e+03	3.144053502491588e-17	-inf	
4	8.000000000000000e-01	0.000000000000000e+00	1.950186649396719e-03	6.584518349160779e-03	1.657554093981160e-16	0.000000000000000e+00	2.957834693272139e+05	1.560038486006187e+04	8.534704998557498e-03	3.781946820117265e+04	8.427867899338074e+03	8.595967322605247e+03	7.262404953474061e-18	-inf	
5	1.000000000000000e+00	0.000000000000000e+00	1.950186649396719e-03	6.584518349160779e-03	2.473825588822342e-16	2.091837814077735e-17	2.957834693272139e+05	1.560038486006187e+04	8.534704998557498e-03	3.781946820117265e+04	8.427867899338074e+03	8.595967322605247e+03	1.087749642330641e-17	-inf	
6	0.000000000000000e+00	2.000000000000000e-01	1.950186649396719e-03	6.584518349160779e-03	0.000000000000000e+00	0.000000000000000e+00	2.957834693272139e+05	1.560038486006187e+04	8.534704998557498e-03	3.781946820117265e+04	8.427867899338074e+03	8.595967322605247e+03	0.000000000000000e+00	-inf	
7	2.000000000000000e-01	2.000000000000000e-01	1.950186649396719e-03	6.584518349160779e-03	-5.184119800105642e-16	-1.818989403545857e-18	2.957834693272139e+05	1.560038486006187e+04	8.534704998557498e-03	3.781946820117265e+04	8.427867899338074e+03	8.595967322605247e+03	2.271383432386499e-17	-inf	
8	4.000000000000000e-01	2.000000000000000e-01	1.950186649396719e-03	6.584518349160779e-03	-6.048139766790038e-16	1.675743988016618e-16	2.957834693272139e+05	1.560038486006187e+04	8.534704998557498e-03	3.781946820117265e+04	8.427867899338074e+03	8.595967322605247e+03	2.749763458302884e-17	-inf	
9	5.999999999999999e-01	2.000000000000000e-01	1.950186649396719e-03	6.584518349160779e-03	0.000000000000000e+00	5.313722795108413e-16	2.957834693272139e+05	1.560038486006187e+04	8.534704998557498e-03	3.781946820117265e+04	8.427867899338074e+03	8.595967322605247e+03	2.328153686731023e-17	-inf	
10	7.999999999999999e-01	2.000000000000000e-01	1.950186649396719e-03	6.584518349160779e-03	1.537046045996253e-16	-3.656168701127090e-16	2.957834693272139e+05	1.560038486006187e+04	8.534704998557498e-03	3.781946820117265e+04	8.427867899338074e+03	8.595967322605247e+03	1.737713673719833e-17	-inf	
11	1.000000000000000e+00	2.000000000000000e-01	1.950186649396719e-03	6.584518349160779e-03	2.523847797419874e-16	-1.230091584147880e-16	2.957834693272139e+05	1.560038486006187e+04	8.534704998557498e-03	3.781946820117265e+04	8.427867899338074e+03	8.595967322605247e+03	1.230146029324413e-17	-inf	
12	0.000000000000000e+00	3.999999999999999e-01	1.950186649396719e-03	6.584518349160779e-03	-1.266926119569720e-15	0.000000000000000e+00	2.957834693272139e+05	1.560038486006187e+04	8.534704998557498e-03	3.781946820117265e+04	8.427867899338074e+03	8.595967322605247e+03	5.550908148252195e-17	-inf	
13	2.000000000000000e-01	3.999999999999999e-01	1.950186649396719e-03	6.584518349160779e-03	4.582087862716309e-16	0.000000000000000e+00	2.957834693272139e+05	1.560038486006187e+04	8.534704998557498e-03	3.781946820117265e+04	8.427867899338074e+03	8.595967322605247e+03	2.007595270180216e-17	-inf	
14	3.999999999999999e-01	4.000000000000001e-01	1.950186649396719e-03	6.584518349160779e-03	1.266979674753974e-16	0.000000000000000e+00	2.957834693272139e+05	1.560038486006187e+04	8.534704998557498e-03	3.781946820117265e+04	8.427867899338074e+03	8.595967322605247e+03	5.551142794853972e-18	-inf	
15	6.000000000000001e-01	4.000000000000000e-01	1.950186649396719e-03	6.584518349160779e-03	-4.731646185973752e-16	-9.094947017729280e-19	2.957834693272139e+05	1.560038486006187e+04	8.534704998557498e-03	3.781946820117265e+04	8.427867899338074e+03	8.595967322605247e+03	2.073126560638991e-17	-inf	
16	8.000000000000000e-01	4.000000000000000e-01	1.950186649396719e-03	6.584518349160779e-03	-1.725766196614132e-16	0.000000000000000e+00	2.957834693272139e+05	1.560038486006187e+04	8.534704998557498e-03	3.781946820117265e+04	8.427867899338074e+03	8.595967322605247e+03	7.561269354851606e-18	-inf	
17	1.000000000000000e+00	4.000000000000000e-01	1.950186649396719e-03	6.584518349160779e-03	0.000000000000000e+00	0.000000000000000e+00	2.957834693272139e+05	1.560038486006187e+04	8.534704998557498e-03	3.781946820117265e+04	8.427867899338074e+03	8.595967322605247e+03	0.000000000000000e+00	-inf	
18	0.000000000000000e+00	6.000000000000000e-01	1.950186649396719e-03	6.584518349160779e-03	9.267751011065894e-16	1.657554093981159e-16	2.957834693272139e+05	1.560038486006187e+04	8.534704998557498e-03	3.781946820117265e+04	8.427867899338074e+03	8.595967322605247e+03	4.125004497394392e-17	-inf	
19	2.000000000000000e-01	6.000000000000000e-01	1.950186649396719e-03	6.584518349160779e-03	1.033347590198126e-17	1.818989403545857e-18	2.957834693272139e+05	1.560038486006187e+04	8.534704998557498e-03	3.781946820117265e+04	8.427867899338074e+03	8.595967322605247e+03	4.597117408799758e-19	-inf	
20	4.000000000000001e-01	6.000000000000002e-01	1.950186649396719e-03	6.584518349160779e-03	0.000000000000000e+00	-1.675743988016620e-16	2.957834693272139e+05	1.560038486006187e+04	8.534704998557498e-03	3.781946820117265e+04	8.427867899338074e+03	8.595967322605247e+03	7.342102127174743e-18	-inf	
21	6.000000000000000e-01	6.000000000000001e-01	1.950186649396719e-03	6.584518349160779e-03	-1.033347590198087e-17	-1.743956090649593e-16	2.957834693272139e+05	1.560038486006187e+04	8.534704998557498e-03	3.781946820117265e+04	8.427867899338074e+03	8.595967322605247e+03	7.654368212704657e-18	-inf	
22	8.000000000000000e-01	6.000000000000001e-01	1.950186649396719e-03	6.584518349160779e-03	1.734861143631859e-16	-9.094947017729286e-19	2.957834693272139e+05	1.560038486006187e+04	8.534704998557498e-03	3.781946820117265e+04	8.427867899338074e+03	8.595967322605247e+03	7.601222393374438e-18	-inf	
23	1.000000000000000e+00	6.000000000000001e-01	1.950186649396719e-03	6.584518349160779e-03	9.472387318965232e-16	-9.094947017729280e-19	2.957834693272139e+05	1.560038486006187e+04	8.534704998557498e-03	3.781946820117265e+04	8.427867899338074e+03	8.595967322605247e+03	4.150232233500580e-17	-inf	
24	0.000000000000000e+00	8.000000000000000e-01	1.950186649396719e-03	6.584518349160779e-03	-2.278284227941196e-16	0.000000000000000e+00	2.957834693272139e+05	1.560038486006187e+04	8.534704998557498e-03	3.781946820117265e+04	8.427867899338074e+03	8.595967322605247e+03	9.982071006009675e-18	-inf	
25	2.000000000000000e-01	8.000000000000000e-01	1.950186649396719e-03	6.584518349160779e-03	-1.743956090649593e-16	5.175024853087911e-16	2.957834693272139e+05	1.560038486006187e+04	8.534704998557498e-03	3.781946820117265e+04	8.427867899338074e+03	8.595967322605247e+03	2.392671432095299e-17	-inf	
26	3.999999999999999e-01	8.000000000000000e-01	1.950186649396719e-03	6.584518349160779e-03	-9.094947017729284e-19	0.000000000000000e+00	2.957834693272139e+05	1.560038486006187e+04	8.534704998557498e-03	3.781946820117265e+04	8.427867899338074e+03	8.595967322605247e+03	3.984858685033785e-20	-inf	
27	6.000000000000000e-01	8.000000000000000e-01	1.950186649396719e-03	6.584518349160779e-03	0.000000000000000e+00	-5.841229722136669e-16	2.957834693272139e+05	1.560038486006187e+04	8.534704998557498e-03	3.781946820117265e+04	8.427867899338074e+03	8.595967322605247e+03	2.559275490462964e-17	-inf	
28	8.000000000000000e-01	8.000000000000000e-01	1.950186649396719e-03	6.584518349160779e-03	0.000000000000000e+00	1.639364199945697e-16	2.957834693272139e+05	1.560038486006187e+04	8.534704998557498e-03	3.781946820117265e+04	8.427867899338074e+03	8.595967322605247e+03	7.182707779773367e-18	-inf	
29	1.000000000000000e+00	8.000000000000000e-01	1.950186649396719e-03	6.584518349160779e-03	-7.157723302952795e-16	-1.525677362224099e-16	2.957834693272139e+05	1.560038486006187e+04	8.534704998557498e-03	3.781946820117265e+04	8.427867899338074e+03	8.595967322605247e+03	3.206534007036361e-17	-inf	
30	0.000000000000000e+00	1.000000000000000e+00	1.950186649396719e-03	6.584518349160779e-03	1.818989403545857e-18	-3.333298081997781e-16	2.957834693272139e+05	1.560038486006187e+04	8.534704998557498e-03	3.781946820117265e+04	8.427867899338074e+03	8.595967322605247e+03	1.460472453380128e-17	-inf	
31	2.000000000000000e-01	1.000000000000000e+00	1.950186649396719e-03	6.584518349160779e-03	0.000000000000000e+00	0.000000000000000e+00	2.957834693272139e+05	1.560038486006187e+04	8.534704998557498e-03	3.781946820117265e+04	8.427867899338074e+03	8.595967322605247e+03	0.000000000000000e+00	-inf	
32	3.999999999999999e-01	1.000000000000000e+00	1.950186649396719e-03	6.584518349160779e-03	0.000000000000000e+00	0.000000000000000e+00	2.957834693272139e+05	1.560038486006187e+04	8.534704998557498e-03	3.781946820117265e+04	8.427867899338074e+03	8.595967322605247e+03	0.000000000000000e+00	-inf	
33	6.000000000000000e-01	1.000000000000000e+00	1.950186649396719e-03	6.584518349160779e-03	1.748503564158451e-16	-4.724824975710416e-16	2.957834693272139e+05	1.560038486006187e+04	8.534704998557498e-03	3.781946820117265e+04	8.427867899338074e+03	8.595967322605247e+03	2.207339488956032e-17	-inf	
34	8.000000000000000e-01	1.000000000000000e+00	1.950186649396719e-03	6.584518349160779e-03	0.000000000000000e+00	2.241904439870215e-16	2.957834693272139e+05	1.560038486006187e+04	8.534704998557498e-03	3.781946820117265e+04	8.427867899338074e+03	8.595967322605247e+03	9.822676658608045e-18	-inf	
35	1.000000000000000e+00	1.000000000000000e+00	1.950186649396719e-03	6.584518349160779e-03	-3.478817234281442e-16	-5.275069270282970e-17	2.957834693272139e+05	1.560038486006187e+04	8.534704998557498e-03	3.781946820117265e+04	8.427867899338074e+03	8.595967322605247e+03	1.541631823148430e-17	-inf	
EXT_ITER= 6597
AOA= 0.000000000000000e+00
SIDESLIP_ANGLE= 0.000000000000000e+00
INITIAL_BCTHRUST= 4.000000000000000e+03
DCD_DCL_VALUE= 0.000000000000000e+00
DCMX_DCL_VALUE= 0.000000000000000e+00
DCMY_DCL_VALUE= 0.000000000000000e+00
DCMZ_DCL_VALUE= 0.000000000000000e+00
