"PointID"	"x"	"y"	"Density[0]"	"Density[1]"	"Momentum_x"	"Momentum_y"	"Energy"	"Electronic_Energy"	"Total_Density"	"Pressure"	"Temperature"	"Tve"	"Mach"	"C<sub>p</sub>"
0	0.000000000000000e+00	0.000000000000000e+00	1.976402985094658e-03	6.558302013462824e-03	0.000000000000000e+00	0.000000000000000e+00	2.957834693272139e+05	1.602767649488616e+04	8.534704998557482e-03	3.805204984171446e+04	8.494426596694118e+03	8.682366126068058e+03	0.000000000000000e+00	-inf	
1	2.000000000000000e-01	0.000000000000000e+00	1.976402985094658e-03	6.558302013462824e-03	0.000000000000000e+00	1.148237060988327e-15	2.957834693272139e+05	1.602767649488616e+04	8.534704998557482e-03	3.805204984171446e+04	8.494426596694118e+03	8.682366126068058e+03	5.016632975470266e-17	-inf	
2	4.000000000000000e-01	0.000000000000000e+00	1.976402985094658e-03	6.558302013462824e-03	0.000000000000000e+00	-8.576535037718444e-16	2.957834693272139e+05	1.602767649488616e+04	8.534704998557482e-03	3.805204984171446e+04	8.494426596694118e+03	8.682366126068058e+03	3.747077145242212e-17	-inf	
3	6.000000000000001e-01	0.000000000000000e+00	1.976402985094658e-03	6.558302013462824e-03	0.000000000000000e+00	-6.066329660825373e-16	2.957834693272139e+05	1.602767649488616e+04	8.534704998557482e-03	3.805204984171446e+04	8.494426596694118e+03	8.682366126068058e+03	2.650371639317720e-17	-inf	
4	8.000000000000000e-01	0.000000000000000e+00	1.976402985094658e-03	6.558302013462824e-03	1.093667378881941e-16	0.000000000000000e+00	2.957834693272139e+05	1.602767649488616e+04	8.534704998557482e-03	3.805204984171446e+04	8.494426596694118e+03	8.682366126068058e+03	4.778218735051835e-18	-inf	
5	1.000000000000000e+00	0.000000000000000e+00	1.976402985094659e-03	6.558302013462824e-03	1.568878360558274e-16	9.185896487906556e-17	2.957834693272139e+05	1.602767649488616e+04	8.534704998557482e-03	3.805204984171446e+04	8.494426596694118e+03	8.682366126068058e+03	7.942893458335796e-18	-inf	
6	0.000000000000000e+00	2.000000000000000e-01	1.976402985094658e-03	6.558302013462824e-03	0.000000000000000e+00	0.000000000000000e+00	2.957834693272139e+05	1.602767649488616e+04	8.534704998557482e-03	3.805204984171446e+04	8.494426596694118e+03	8.682366126068058e+03	0.000000000000000e+00	-inf	
7	2.000000000000000e-01	2.000000000000000e-01	1.976402985094658e-03	6.558302013462824e-03	-4.563389666145537e-16	-1.818989403545857e-18	2.957834693272139e+05	1.602767649488616e+04	8.534704998557482e-03	3.805204984171446e+04	8.494426596694118e+03	8.682366126068058e+03	1.993754924282529e-17	-inf	
8	4.000000000000000e-01	2.000000000000000e-01	1.976402985094658e-03	6.558302013462824e-03	-5.732090357923903e-16	1.111857272917400e-16	2.957834693272139e+05	1.602767649488616e+04	8.534704998557482e-03	3.805204984171446e+04	8.494426596694118e+03	8.682366126068058e+03	2.551020380558885e-17	-inf	
9	5.999999999999999e-01	2.000000000000000e-01	1.976402985094658e-03	6.558302013462824e-03	0.000000000000000e+00	4.147295840084659e-16	2.957834693272139e+05	1.602767649488616e+04	8.534704998557482e-03	3.805204984171446e+04	8.494426596694118e+03	8.682366126068058e+03	1.811948227179794e-17	-inf	
10	7.999999999999999e-01	2.000000000000000e-01	1.976402985094658e-03	6.558302013462824e-03	9.822542779147668e-17	-3.019522409886094e-16	2.957834693272139e+05	1.602767649488616e+04	8.534704998557482e-03	3.805204984171446e+04	8.494426596694118e+03	8.682366126068058e+03	1.387271349826485e-17	-inf	
11	1.000000000000000e+00	2.000000000000000e-01	1.976402985094659e-03	6.558302013462824e-03	1.687112671788776e-16	-7.776179700158454e-17	2.957834693272139e+05	1.602767649488616e+04	8.534704998557482e-03	3.805204984171446e+04	8.494426596694118e+03	8.682366126068058e+03	8.116255198511306e-18	-inf	
12	0.000000000000000e+00	3.999999999999999e-01	1.976402985094658e-03	6.558302013462824e-03	-1.271018845727689e-15	0.000000000000000e+00	2.957834693272139e+05	1.602767649488616e+04	8.534704998557482e-03	3.805204984171446e+04	8.494426596694118e+03	8.682366126068058e+03	5.553065016411712e-17	-inf	
13	2.000000000000000e-01	3.999999999999999e-01	1.976402985094658e-03	6.558302013462824e-03	4.007734072812819e-16	0.000000000000000e+00	2.957834693272139e+05	1.602767649488616e+04	8.534704998557482e-03	3.805204984171446e+04	8.494426596694118e+03	8.682366126068058e+03	1.750973870263620e-17	-inf	
14	3.999999999999999e-01	4.000000000000001e-01	1.976402985094659e-03	6.558302013462824e-03	9.677480321367951e-17	0.000000000000000e+00	2.957834693272139e+05	1.602767649488616e+04	8.534704998557482e-03	3.805204984171446e+04	8.494426596694118e+03	8.682366126068058e+03	4.228078725995120e-18	-inf	
15	6.000000000000001e-01	4.000000000000000e-01	1.976402985094659e-03	6.558302013462824e-03	-3.701643436215914e-16	-9.094947017729280e-19	2.957834693272139e+05	1.602767649488616e+04	8.534704998557482e-03	3.805204984171446e+04	8.494426596694118e+03	8.682366126068058e+03	1.617248145700527e-17	-inf	
16	8.000000000000000e-01	4.000000000000000e-01	1.976402985094658e-03	6.558302013462824e-03	-1.205080479849130e-16	0.000000000000000e+00	2.957834693272139e+05	1.602767649488616e+04	8.534704998557482e-03	3.805204984171446e+04	8.494426596694118e+03	8.682366126068058e+03	5.264981142572731e-18	-inf	
17	1.000000000000000e+00	4.000000000000000e-01	1.976402985094658e-03	6.558302013462824e-03	0.000000000000000e+00	0.000000000000000e+00	2.957834693272139e+05	1.602767649488616e+04	8.534704998557482e-03	3.805204984171446e+04	8.494426596694118e+03	8.682366126068058e+03	0.000000000000000e+00	-inf	
18	0.000000000000000e+00	6.000000000000000e-01	1.976402985094658e-03	6.558302013462824e-03	8.576535037718444e-16	1.093667378881940e-16	2.957834693272139e+05	1.602767649488616e+04	8.534704998557482e-03	3.805204984171446e+04	8.494426596694118e+03	8.682366126068058e+03	3.777419870122532e-17	-inf	
19	2.000000000000000e-01	6.000000000000000e-01	1.976402985094658e-03	6.558302013462824e-03	1.528864487986733e-17	1.818989403545857e-18	2.957834693272139e+05	1.602767649488616e+04	8.534704998557482e-03	3.805204984171446e+04	8.494426596694118e+03	8.682366126068058e+03	6.726699338745821e-19	-inf	
20	4.000000000000001e-01	6.000000000000002e-01	1.976402985094658e-03	6.558302013462824e-03	0.000000000000000e+00	-1.111857272917401e-16	2.957834693272139e+05	1.602767649488616e+04	8.534704998557482e-03	3.805204984171446e+04	8.494426596694118e+03	8.682366126068058e+03	4.857690148524637e-18	-inf	
21	6.000000000000000e-01	6.000000000000001e-01	1.976402985094658e-03	6.558302013462824e-03	-1.528864487986696e-17	-1.132320903707296e-16	2.957834693272139e+05	1.602767649488616e+04	8.534704998557482e-03	3.805204984171446e+04	8.494426596694118e+03	8.682366126068058e+03	4.991985868220461e-18	-inf	
22	8.000000000000000e-01	6.000000000000001e-01	1.976402985094658e-03	6.558302013462824e-03	1.214175426866857e-16	-9.094947017729286e-19	2.957834693272139e+05	1.602767649488616e+04	8.534704998557482e-03	3.805204984171446e+04	8.494426596694118e+03	8.682366126068058e+03	5.304865670093252e-18	-inf	
23	1.000000000000000e+00	6.000000000000001e-01	1.976402985094659e-03	6.558302013462824e-03	7.412381819449558e-16	-9.094947017729280e-19	2.957834693272139e+05	1.602767649488616e+04	8.534704998557482e-03	3.805204984171446e+04	8.494426596694118e+03	8.682366126068058e+03	3.238462536789021e-17	-inf	
24	0.000000000000000e+00	8.000000000000000e-01	1.976402985094659e-03	6.558302013462824e-03	-1.509761204943070e-16	0.000000000000000e+00	2.957834693272139e+05	1.602767649488616e+04	8.534704998557482e-03	3.805204984171446e+04	8.494426596694118e+03	8.682366126068058e+03	6.596127318242107e-18	-inf	
25	2.000000000000000e-01	8.000000000000000e-01	1.976402985094658e-03	6.558302013462824e-03	-1.132320903707297e-16	4.554294719127805e-16	2.957834693272139e+05	1.602767649488616e+04	8.534704998557482e-03	3.805204984171446e+04	8.494426596694118e+03	8.682366126068058e+03	2.050342493762545e-17	-inf	
26	3.999999999999999e-01	8.000000000000000e-01	1.976402985094658e-03	6.558302013462824e-03	-9.094947017729284e-19	0.000000000000000e+00	2.957834693272139e+05	1.602767649488616e+04	8.534704998557482e-03	3.805204984171446e+04	8.494426596694118e+03	8.682366126068058e+03	3.973570673639799e-20	-inf	
27	6.000000000000000e-01	8.000000000000000e-01	1.976402985094658e-03	6.558302013462824e-03	0.000000000000000e+00	-5.495621735462911e-16	2.957834693272139e+05	1.602767649488616e+04	8.534704998557482e-03	3.805204984171446e+04	8.494426596694118e+03	8.682366126068058e+03	2.401030079546844e-17	-inf	
28	8.000000000000000e-01	8.000000000000000e-01	1.976402985094658e-03	6.558302013462824e-03	0.000000000000000e+00	1.091393642127506e-16	2.957834693272139e+05	1.602767649488616e+04	8.534704998557482e-03	3.805204984171446e+04	8.494426596694118e+03	8.682366126068058e+03	4.768284808367721e-18	-inf	
29	1.000000000000000e+00	8.000000000000000e-01	1.976402985094658e-03	6.558302013462824e-03	-6.048139766789916e-16	-9.617906471248817e-17	2.957834693272139e+05	1.602767649488616e+04	8.534704998557482e-03	3.805204984171446e+04	8.494426596694118e+03	8.682366126068058e+03	2.675626945685675e-17	-inf	
30	0.000000000000000e+00	1.000000000000000e+00	1.976402985094658e-03	6.558302013462824e-03	1.818989403545857e-18	-2.205524651799343e-16	2.957834693272139e+05	1.602767649488616e+04	8.534704998557482e-03	3.805204984171446e+04	8.494426596694118e+03	8.682366126068058e+03	9.636236595172798e-18	-inf	
31	2.000000000000000e-01	1.000000000000000e+00	1.976402985094658e-03	6.558302013462824e-03	0.000000000000000e+00	0.000000000000000e+00	2.957834693272139e+05	1.602767649488616e+04	8.534704998557482e-03	3.805204984171446e+04	8.494426596694118e+03	8.682366126068058e+03	0.000000000000000e+00	-inf	
32	3.999999999999999e-01	1.000000000000000e+00	1.976402985094658e-03	6.558302013462824e-03	0.000000000000000e+00	0.000000000000000e+00	2.957834693272139e+05	1.602767649488616e+04	8.534704998557482e-03	3.805204984171446e+04	8.494426596694118e+03	8.682366126068058e+03	0.000000000000000e+00	-inf	
33	6.000000000000000e-01	1.000000000000000e+00	1.976402985094658e-03	6.558302013462824e-03	1.227817847393449e-16	-3.615241439547448e-16	2.957834693272139e+05	1.602767649488616e+04	8.534704998557482e-03	3.805204984171446e+04	8.494426596694118e+03	8.682366126068058e+03	1.668101229960816e-17	-inf	
34	8.000000000000000e-01	1.000000000000000e+00	1.976402985094659e-03	6.558302013462824e-03	0.000000000000000e+00	2.141860022675197e-16	2.957834693272139e+05	1.602767649488616e+04	8.534704998557482e-03	3.805204984171446e+04	8.494426596694118e+03	8.682366126068058e+03	9.357758936421512e-18	-inf	
35	1.000000000000000e+00	1.000000000000000e+00	1.976402985094658e-03	6.558302013462824e-03	-2.437445800751439e-16	-1.218722900375723e-16	2.957834693272139e+05	1.602767649488616e+04	8.534704998557482e-03	3.805204984171446e+04	8.494426596694118e+03	8.682366126068058e+03	1.190613334714198e-17	-inf	
EXT_ITER= 5898
AOA= 0.000000000000000e+00
SIDESLIP_ANGLE= 0.000000000000000e+00
INITIAL_BCTHRUST= 4.000000000000000e+03
DCD_DCL_VALUE= 0.000000000000000e+00
DCMX_DCL_VALUE= 0.000000000000000e+00
DCMY_DCL_VALUE= 0.000000000000000e+00
DCMZ_DCL_VALUE= 0.000000000000000e+00
