"PointID"	"x"	"y"	"Density[0]"	"Density[1]"	"Momentum_x"	"Momentum_y"	"Energy"	"Electronic_Energy"	"Total_Density"	"Pressure"	"Temperature"	"Tve"	"Mach"	"C<sub>p</sub>"
0	0.000000000000000e+00	0.000000000000000e+00	1.868508548893951e-03	6.666196449663557e-03	0.000000000000000e+00	0.000000000000000e+00	2.957834693272139e+05	1.431887892729862e+04	8.534704998557508e-03	3.705960767548923e+04	8.214161905191124e+03	8.333636128928934e+03	0.000000000000000e+00	-inf	
1	2.000000000000000e-01	0.000000000000000e+00	1.868508548893951e-03	6.666196449663557e-03	0.000000000000000e+00	1.473381416872192e-15	2.957834693272139e+05	1.431887892729862e+04	8.534704998557508e-03	3.705960767548923e+04	8.214161905191124e+03	8.333636128928934e+03	6.516684841062090e-17	-inf	
2	4.000000000000000e-01	0.000000000000000e+00	1.868508548893951e-03	6.666196449663557e-03	0.000000000000000e+00	-1.170974428532653e-15	2.957834693272139e+05	1.431887892729862e+04	8.534704998557508e-03	3.705960767548923e+04	8.214161905191124e+03	8.333636128928934e+03	5.179155390658780e-17	-inf	
3	6.000000000000001e-01	0.000000000000000e+00	1.868508548893951e-03	6.666196449663557e-03	0.000000000000000e+00	-1.240550773218291e-15	2.957834693272139e+05	1.431887892729862e+04	8.534704998557508e-03	3.705960767548923e+04	8.214161905191124e+03	8.333636128928934e+03	5.486887730375631e-17	-inf	
4	8.000000000000000e-01	0.000000000000000e+00	1.868508548893951e-03	6.666196449663557e-03	3.888089850079258e-16	0.000000000000000e+00	2.957834693272139e+05	1.431887892729862e+04	8.534704998557508e-03	3.705960767548923e+04	8.214161905191124e+03	8.333636128928934e+03	1.719680721946880e-17	-inf	
5	1.000000000000000e+00	0.000000000000000e+00	1.868508548893951e-03	6.666196449663557e-03	7.471498975064621e-16	-1.164153218269347e-16	2.957834693272139e+05	1.431887892729862e+04	8.534704998557508e-03	3.705960767548921e+04	8.214161905191118e+03	8.333636128928934e+03	3.344476107950458e-17	-inf	
6	0.000000000000000e+00	2.000000000000000e-01	1.868508548893951e-03	6.666196449663557e-03	0.000000000000000e+00	0.000000000000000e+00	2.957834693272139e+05	1.431887892729862e+04	8.534704998557508e-03	3.705960767548923e+04	8.214161905191124e+03	8.333636128928934e+03	0.000000000000000e+00	-inf	
7	2.000000000000000e-01	2.000000000000000e-01	1.868508548893951e-03	6.666196449663557e-03	-7.678409019718229e-16	-1.818989403545857e-18	2.957834693272139e+05	1.431887892729862e+04	8.534704998557508e-03	3.705960767548923e+04	8.214161905191124e+03	8.333636128928934e+03	3.396127540032940e-17	-inf	
8	4.000000000000000e-01	2.000000000000000e-01	1.868508548893951e-03	6.666196449663557e-03	-7.357812137343228e-16	3.906279744114716e-16	2.957834693272139e+05	1.431887892729862e+04	8.534704998557508e-03	3.705960767548923e+04	8.214161905191124e+03	8.333636128928934e+03	3.684512772912541e-17	-inf	
9	5.999999999999999e-01	2.000000000000000e-01	1.868508548893951e-03	6.666196449663557e-03	0.000000000000000e+00	1.029775376082394e-15	2.957834693272139e+05	1.431887892729862e+04	8.534704998557508e-03	3.705960767548923e+04	8.214161905191124e+03	8.333636128928934e+03	4.554639760056964e-17	-inf	
10	7.999999999999999e-01	2.000000000000000e-01	1.868508548893951e-03	6.666196449663557e-03	3.749391908058893e-16	-6.186837708810428e-16	2.957834693272139e+05	1.431887892729862e+04	8.534704998557508e-03	3.705960767548923e+04	8.214161905191124e+03	8.333636128928934e+03	3.199685046819115e-17	-inf	
11	1.000000000000000e+00	2.000000000000000e-01	1.868508548893951e-03	6.666196449663557e-03	7.435119186993703e-16	-3.669811121653766e-16	2.957834693272139e+05	1.431887892729862e+04	8.534704998557508e-03	3.705960767548921e+04	8.214161905191118e+03	8.333636128928934e+03	3.667272471259072e-17	-inf	
12	0.000000000000000e+00	3.999999999999999e-01	1.868508548893951e-03	6.666196449663557e-03	-1.254193193744930e-15	0.000000000000000e+00	2.957834693272139e+05	1.431887892729862e+04	8.534704998557508e-03	3.705960767548923e+04	8.214161905191124e+03	8.333636128928934e+03	5.547227404830107e-17	-inf	
13	2.000000000000000e-01	3.999999999999999e-01	1.868508548893951e-03	6.666196449663557e-03	7.608665571901267e-16	0.000000000000000e+00	2.957834693272139e+05	1.431887892729862e+04	8.534704998557508e-03	3.705960767548923e+04	8.214161905191124e+03	8.333636128928934e+03	3.365270867768865e-17	-inf	
14	3.999999999999999e-01	4.000000000000001e-01	1.868508548893951e-03	6.666196449663557e-03	3.045275905755562e-16	0.000000000000000e+00	2.957834693272139e+05	1.431887892729862e+04	8.534704998557508e-03	3.705960767548921e+04	8.214161905191118e+03	8.333636128928934e+03	1.346908757273295e-17	-inf	
15	6.000000000000001e-01	4.000000000000000e-01	1.868508548893951e-03	6.666196449663557e-03	-9.749783203005738e-16	-9.094947017729280e-19	2.957834693272139e+05	1.431887892729862e+04	8.534704998557508e-03	3.705960767548921e+04	8.214161905191118e+03	8.333636128928934e+03	4.312277277232199e-17	-inf	
16	8.000000000000000e-01	4.000000000000000e-01	1.868508548893951e-03	6.666196449663557e-03	-4.079083737451589e-16	0.000000000000000e+00	2.957834693272139e+05	1.431887892729862e+04	8.534704998557508e-03	3.705960767548923e+04	8.214161905191124e+03	8.333636128928934e+03	1.804156266182874e-17	-inf	
17	1.000000000000000e+00	4.000000000000000e-01	1.868508548893951e-03	6.666196449663557e-03	0.000000000000000e+00	0.000000000000000e+00	2.957834693272139e+05	1.431887892729862e+04	8.534704998557508e-03	3.705960767548923e+04	8.214161905191124e+03	8.333636128928934e+03	0.000000000000000e+00	-inf	
18	0.000000000000000e+00	6.000000000000000e-01	1.868508548893951e-03	6.666196449663557e-03	1.170974428532653e-15	3.888089850079257e-16	2.957834693272139e+05	1.431887892729862e+04	8.534704998557508e-03	3.705960767548923e+04	8.214161905191124e+03	8.333636128928934e+03	5.457192716592080e-17	-inf	
19	2.000000000000000e-01	6.000000000000000e-01	1.868508548893951e-03	6.666196449663557e-03	4.107573989392124e-17	1.818989403545857e-18	2.957834693272139e+05	1.431887892729862e+04	8.534704998557508e-03	3.705960767548923e+04	8.214161905191124e+03	8.333636128928934e+03	1.818537854791589e-18	-inf	
20	4.000000000000001e-01	6.000000000000002e-01	1.868508548893951e-03	6.666196449663557e-03	0.000000000000000e+00	-3.906279744114720e-16	2.957834693272139e+05	1.431887892729862e+04	8.534704998557508e-03	3.705960767548923e+04	8.214161905191124e+03	8.333636128928934e+03	1.727726011874118e-17	-inf	
21	6.000000000000000e-01	6.000000000000001e-01	1.868508548893951e-03	6.666196449663557e-03	-4.107573989392073e-17	-4.113189788768077e-16	2.957834693272139e+05	1.431887892729862e+04	8.534704998557508e-03	3.705960767548923e+04	8.214161905191124e+03	8.333636128928934e+03	1.828290064804449e-17	-inf	
22	8.000000000000000e-01	6.000000000000001e-01	1.868508548893951e-03	6.666196449663557e-03	7.573817129014039e-16	-9.094947017729286e-19	2.957834693272139e+05	1.431887892729862e+04	8.534704998557508e-03	3.705960767548923e+04	8.214161905191124e+03	8.333636128928934e+03	3.349860008730051e-17	-inf	
23	1.000000000000000e+00	6.000000000000001e-01	1.868508548893951e-03	6.666196449663557e-03	1.253738446393967e-15	-9.094947017729280e-19	2.957834693272139e+05	1.431887892729862e+04	8.534704998557508e-03	3.705960767548921e+04	8.214161905191118e+03	8.333636128928934e+03	5.545217541413769e-17	-inf	
24	0.000000000000000e+00	8.000000000000000e-01	1.868508548893951e-03	6.666196449663557e-03	-7.053131412249076e-16	0.000000000000000e+00	2.957834693272139e+05	1.431887892729862e+04	8.534704998557508e-03	3.705960767548921e+04	8.214161905191118e+03	8.333636128928934e+03	3.119561169286112e-17	-inf	
25	2.000000000000000e-01	8.000000000000000e-01	1.868508548893951e-03	6.666196449663557e-03	-4.113189788768078e-16	7.669314072700498e-16	2.957834693272139e+05	1.431887892729862e+04	8.534704998557508e-03	3.705960767548923e+04	8.214161905191124e+03	8.333636128928934e+03	3.849149186195617e-17	-inf	
26	3.999999999999999e-01	8.000000000000000e-01	1.868508548893951e-03	6.666196449663557e-03	-9.094947017729284e-19	0.000000000000000e+00	2.957834693272139e+05	1.431887892729862e+04	8.534704998557508e-03	3.705960767548923e+04	8.214161905191124e+03	8.333636128928934e+03	4.022644963618444e-20	-inf	
27	6.000000000000000e-01	8.000000000000000e-01	1.868508548893951e-03	6.666196449663557e-03	0.000000000000000e+00	-7.182734407251917e-16	2.957834693272139e+05	1.431887892729862e+04	8.534704998557508e-03	3.705960767548923e+04	8.214161905191124e+03	8.333636128928934e+03	3.176883860017761e-17	-inf	
28	8.000000000000000e-01	8.000000000000000e-01	1.868508548893951e-03	6.666196449663557e-03	0.000000000000000e+00	3.851710062008335e-16	2.957834693272139e+05	1.431887892729862e+04	8.534704998557508e-03	3.705960767548923e+04	8.214161905191124e+03	8.333636128928934e+03	1.703590142092404e-17	-inf	
29	1.000000000000000e+00	8.000000000000000e-01	1.868508548893951e-03	6.666196449663557e-03	-1.238731783814745e-15	-3.844888851745071e-16	2.957834693272139e+05	1.431887892729862e+04	8.534704998557508e-03	3.705960767548923e+04	8.214161905191124e+03	8.333636128928934e+03	5.736694479770211e-17	-inf	
30	0.000000000000000e+00	1.000000000000000e+00	1.868508548893951e-03	6.666196449663557e-03	1.818989403545857e-18	-7.794369594193977e-16	2.957834693272139e+05	1.431887892729862e+04	8.534704998557508e-03	3.705960767548923e+04	8.214161905191124e+03	8.333636128928934e+03	3.447416121544420e-17	-inf	
31	2.000000000000000e-01	1.000000000000000e+00	1.868508548893951e-03	6.666196449663557e-03	0.000000000000000e+00	0.000000000000000e+00	2.957834693272139e+05	1.431887892729862e+04	8.534704998557508e-03	3.705960767548923e+04	8.214161905191124e+03	8.333636128928934e+03	0.000000000000000e+00	-inf	
32	3.999999999999999e-01	1.000000000000000e+00	1.868508548893951e-03	6.666196449663557e-03	0.000000000000000e+00	0.000000000000000e+00	2.957834693272139e+05	1.431887892729862e+04	8.534704998557508e-03	3.705960767548923e+04	8.214161905191124e+03	8.333636128928934e+03	0.000000000000000e+00	-inf	
33	6.000000000000000e-01	1.000000000000000e+00	1.868508548893951e-03	6.666196449663557e-03	4.101821104995908e-16	-9.713403414934688e-16	2.957834693272139e+05	1.431887892729862e+04	8.534704998557508e-03	3.705960767548923e+04	8.214161905191124e+03	8.333636128928934e+03	4.663536467776407e-17	-inf	
34	8.000000000000000e-01	1.000000000000000e+00	1.868508548893951e-03	6.666196449663557e-03	0.000000000000000e+00	4.497451300267043e-16	2.957834693272139e+05	1.431887892729862e+04	8.534704998557508e-03	3.705960767548921e+04	8.214161905191118e+03	8.333636128928934e+03	1.989197934509282e-17	-inf	
35	1.000000000000000e+00	1.000000000000000e+00	1.868508548893951e-03	6.666196449663557e-03	-8.185452315956356e-16	8.594724931754156e-17	2.957834693272139e+05	1.431887892729862e+04	8.534704998557508e-03	3.705960767548923e+04	8.214161905191124e+03	8.333636128928934e+03	3.640283108298849e-17	-inf	
EXT_ITER= 9483
AOA= 0.000000000000000e+00
SIDESLIP_ANGLE= 0.000000000000000e+00
INITIAL_BCTHRUST= 4.000000000000000e+03
DCD_DCL_VALUE= 0.000000000000000e+00
DCMX_DCL_VALUE= 0.000000000000000e+00
DCMY_DCL_VALUE= 0.000000000000000e+00
DCMZ_DCL_VALUE= 0.000000000000000e+00
