"PointID"	"x"	"y"	"Density[0]"	"Density[1]"	"Momentum_x"	"Momentum_y"	"Energy"	"Electronic_Energy"	"Total_Density"	"Pressure"	"Temperature"	"Tve"	"Mach"	"C<sub>p</sub>"
0	0.000000000000000e+00	0.000000000000000e+00	1.974092652560545e-03	6.560612345996937e-03	0.000000000000000e+00	0.000000000000000e+00	2.957834693272139e+05	1.598963058797416e+04	8.534704998557482e-03	3.803182176355307e+04	8.488611669286385e+03	8.674638769585683e+03	0.000000000000000e+00	-inf	
1	2.000000000000000e-01	0.000000000000000e+00	1.974092652560545e-03	6.560612345996937e-03	0.000000000000000e+00	1.153694029198965e-15	2.957834693272139e+05	1.598963058797416e+04	8.534704998557482e-03	3.803182176355307e+04	8.488611669286385e+03	8.674638769585683e+03	5.041712968161653e-17	-inf	
2	4.000000000000000e-01	0.000000000000000e+00	1.974092652560545e-03	6.560612345996937e-03	0.000000000000000e+00	-8.635652193333679e-16	2.957834693272139e+05	1.598963058797416e+04	8.534704998557482e-03	3.803182176355307e+04	8.488611669286385e+03	8.674638769585683e+03	3.773832450350267e-17	-inf	
3	6.000000000000001e-01	0.000000000000000e+00	1.974092652560545e-03	6.560612345996937e-03	0.000000000000000e+00	-6.134541763458337e-16	2.957834693272139e+05	1.598963058797416e+04	8.534704998557482e-03	3.803182176355307e+04	8.488611669286385e+03	8.674638769585683e+03	2.680832003961358e-17	-inf	
4	8.000000000000000e-01	0.000000000000000e+00	1.974092652560545e-03	6.560612345996937e-03	1.150510797742749e-16	0.000000000000000e+00	2.957834693272139e+05	1.598963058797416e+04	8.534704998557482e-03	3.803182176355307e+04	8.488611669286385e+03	8.674638769585683e+03	5.027802053389384e-18	-inf	
5	1.000000000000000e+00	0.000000000000000e+00	1.974092652560546e-03	6.560612345996937e-03	1.709850039333077e-16	8.594724931754154e-17	2.957834693272139e+05	1.598963058797416e+04	8.534704998557484e-03	3.803182176355312e+04	8.488611669286396e+03	8.674638769585683e+03	8.363022245544584e-18	-inf	
6	0.000000000000000e+00	2.000000000000000e-01	1.974092652560545e-03	6.560612345996937e-03	0.000000000000000e+00	0.000000000000000e+00	2.957834693272139e+05	1.598963058797416e+04	8.534704998557482e-03	3.803182176355307e+04	8.488611669286385e+03	8.674638769585683e+03	0.000000000000000e+00	-inf	
7	2.000000000000000e-01	2.000000000000000e-01	1.974092652560545e-03	6.560612345996937e-03	-4.602043190970891e-16	-1.818989403545857e-18	2.957834693272139e+05	1.598963058797416e+04	8.534704998557482e-03	3.803182176355307e+04	8.488611669286385e+03	8.674638769585683e+03	2.011136530966594e-17	-inf	
8	4.000000000000000e-01	2.000000000000000e-01	1.974092652560545e-03	6.560612345996937e-03	-5.759375198977095e-16	1.168700691778208e-16	2.957834693272139e+05	1.598963058797416e+04	8.534704998557482e-03	3.803182176355307e+04	8.488611669286385e+03	8.674638769585683e+03	2.568178167918719e-17	-inf	
9	5.999999999999999e-01	2.000000000000000e-01	1.974092652560545e-03	6.560612345996937e-03	0.000000000000000e+00	4.254161467542980e-16	2.957834693272139e+05	1.598963058797416e+04	8.534704998557482e-03	3.803182176355307e+04	8.488611669286385e+03	8.674638769585683e+03	1.859094395630794e-17	-inf	
10	7.999999999999999e-01	2.000000000000000e-01	1.974092652560545e-03	6.560612345996937e-03	1.045918907038872e-16	-3.051354724448143e-16	2.957834693272139e+05	1.598963058797416e+04	8.534704998557482e-03	3.803182176355307e+04	8.488611669286385e+03	8.674638769585683e+03	1.409621464313080e-17	-inf	
11	1.000000000000000e+00	2.000000000000000e-01	1.974092652560546e-03	6.560612345996937e-03	1.787157088983798e-16	-8.481038094032471e-17	2.957834693272139e+05	1.598963058797416e+04	8.534704998557484e-03	3.803182176355312e+04	8.488611669286396e+03	8.674638769585683e+03	8.644782656892329e-18	-inf	
12	0.000000000000000e+00	3.999999999999999e-01	1.974092652560545e-03	6.560612345996937e-03	-1.270109351025916e-15	0.000000000000000e+00	2.957834693272139e+05	1.598963058797416e+04	8.534704998557482e-03	3.803182176355307e+04	8.488611669286385e+03	8.674638769585683e+03	5.550454994117332e-17	-inf	
13	2.000000000000000e-01	3.999999999999999e-01	1.974092652560545e-03	6.560612345996937e-03	4.049410519238097e-16	0.000000000000000e+00	2.957834693272139e+05	1.598963058797416e+04	8.534704998557482e-03	3.803182176355307e+04	8.488611669286385e+03	8.674638769585683e+03	1.769616987827195e-17	-inf	
14	3.999999999999999e-01	4.000000000000001e-01	1.974092652560546e-03	6.560612345996937e-03	1.029888109351963e-16	0.000000000000000e+00	2.957834693272139e+05	1.598963058797416e+04	8.534704998557484e-03	3.803182176355312e+04	8.488611669286396e+03	8.674638769585683e+03	4.500673580048318e-18	-inf	
15	6.000000000000001e-01	4.000000000000000e-01	1.974092652560546e-03	6.560612345996937e-03	-3.806235326919802e-16	-9.094947017729280e-19	2.957834693272139e+05	1.598963058797416e+04	8.534704998557484e-03	3.803182176355312e+04	8.488611669286396e+03	8.674638769585683e+03	1.663352700606250e-17	-inf	
16	8.000000000000000e-01	4.000000000000000e-01	1.974092652560545e-03	6.560612345996937e-03	-1.264197635464370e-16	0.000000000000000e+00	2.957834693272139e+05	1.598963058797416e+04	8.534704998557482e-03	3.803182176355307e+04	8.488611669286385e+03	8.674638769585683e+03	5.524620438111678e-18	-inf	
17	1.000000000000000e+00	4.000000000000000e-01	1.974092652560545e-03	6.560612345996937e-03	0.000000000000000e+00	0.000000000000000e+00	2.957834693272139e+05	1.598963058797416e+04	8.534704998557482e-03	3.803182176355307e+04	8.488611669286385e+03	8.674638769585683e+03	0.000000000000000e+00	-inf	
18	0.000000000000000e+00	6.000000000000000e-01	1.974092652560545e-03	6.560612345996937e-03	8.635652193333679e-16	1.150510797742749e-16	2.957834693272139e+05	1.598963058797416e+04	8.534704998557482e-03	3.803182176355307e+04	8.488611669286385e+03	8.674638769585683e+03	3.807177339998410e-17	-inf	
19	2.000000000000000e-01	6.000000000000000e-01	1.974092652560545e-03	6.560612345996937e-03	1.680272390162582e-17	1.818989403545857e-18	2.957834693272139e+05	1.598963058797416e+04	8.534704998557482e-03	3.803182176355307e+04	8.488611669286385e+03	8.674638769585683e+03	7.385793764377590e-19	-inf	
20	4.000000000000001e-01	6.000000000000002e-01	1.974092652560545e-03	6.560612345996937e-03	0.000000000000000e+00	-1.168700691778209e-16	2.957834693272139e+05	1.598963058797416e+04	8.534704998557482e-03	3.803182176355307e+04	8.488611669286385e+03	8.674638769585683e+03	5.107292994944952e-18	-inf	
21	6.000000000000000e-01	6.000000000000001e-01	1.974092652560545e-03	6.560612345996937e-03	-1.680272390162545e-17	-1.205080479849131e-16	2.957834693272139e+05	1.598963058797416e+04	8.534704998557482e-03	3.803182176355307e+04	8.488611669286385e+03	8.674638769585683e+03	5.317220305456092e-18	-inf	
22	8.000000000000000e-01	6.000000000000001e-01	1.974092652560545e-03	6.560612345996937e-03	1.273292582482097e-16	-9.094947017729286e-19	2.957834693272139e+05	1.598963058797416e+04	8.534704998557482e-03	3.803182176355307e+04	8.488611669286385e+03	8.674638769585683e+03	5.564507855188855e-18	-inf	
23	1.000000000000000e+00	6.000000000000001e-01	1.974092652560546e-03	6.560612345996937e-03	7.621565600857334e-16	-9.094947017729280e-19	2.957834693272139e+05	1.598963058797416e+04	8.534704998557484e-03	3.803182176355312e+04	8.488611669286396e+03	8.674638769585683e+03	3.330672822625495e-17	-inf	
24	0.000000000000000e+00	8.000000000000000e-01	1.974092652560546e-03	6.560612345996937e-03	-1.623448042664687e-16	0.000000000000000e+00	2.957834693272139e+05	1.598963058797416e+04	8.534704998557484e-03	3.803182176355312e+04	8.488611669286396e+03	8.674638769585683e+03	7.094566533834100e-18	-inf	
25	2.000000000000000e-01	8.000000000000000e-01	1.974092652560545e-03	6.560612345996937e-03	-1.205080479849132e-16	4.592948243953160e-16	2.957834693272139e+05	1.598963058797416e+04	8.534704998557482e-03	3.803182176355307e+04	8.488611669286385e+03	8.674638769585683e+03	2.075083775961880e-17	-inf	
26	3.999999999999999e-01	8.000000000000000e-01	1.974092652560545e-03	6.560612345996937e-03	-9.094947017729284e-19	0.000000000000000e+00	2.957834693272139e+05	1.598963058797416e+04	8.534704998557482e-03	3.803182176355307e+04	8.488611669286385e+03	8.674638769585683e+03	3.974547077778186e-20	-inf	
27	6.000000000000000e-01	8.000000000000000e-01	1.974092652560545e-03	6.560612345996937e-03	0.000000000000000e+00	-5.529727786779400e-16	2.957834693272139e+05	1.598963058797416e+04	8.534704998557482e-03	3.803182176355307e+04	8.488611669286385e+03	8.674638769585683e+03	2.416524623289135e-17	-inf	
28	8.000000000000000e-01	8.000000000000000e-01	1.974092652560545e-03	6.560612345996937e-03	0.000000000000000e+00	1.148237060988314e-16	2.957834693272139e+05	1.598963058797416e+04	8.534704998557482e-03	3.803182176355307e+04	8.488611669286385e+03	8.674638769585683e+03	5.017865685694924e-18	-inf	
29	1.000000000000000e+00	8.000000000000000e-01	1.974092652560545e-03	6.560612345996937e-03	-6.116351869422880e-16	-1.018634065985690e-16	2.957834693272139e+05	1.598963058797416e+04	8.534704998557482e-03	3.803182176355307e+04	8.488611669286385e+03	8.674638769585683e+03	2.709697570675962e-17	-inf	
30	0.000000000000000e+00	1.000000000000000e+00	1.974092652560545e-03	6.560612345996937e-03	1.818989403545857e-18	-2.319211489520960e-16	2.957834693272139e+05	1.598963058797416e+04	8.534704998557482e-03	3.803182176355307e+04	8.488611669286385e+03	8.674638769585683e+03	1.013540677272307e-17	-inf	
31	2.000000000000000e-01	1.000000000000000e+00	1.974092652560545e-03	6.560612345996937e-03	0.000000000000000e+00	0.000000000000000e+00	2.957834693272139e+05	1.598963058797416e+04	8.534704998557482e-03	3.803182176355307e+04	8.488611669286385e+03	8.674638769585683e+03	0.000000000000000e+00	-inf	
32	3.999999999999999e-01	1.000000000000000e+00	1.974092652560545e-03	6.560612345996937e-03	0.000000000000000e+00	0.000000000000000e+00	2.957834693272139e+05	1.598963058797416e+04	8.534704998557482e-03	3.803182176355307e+04	8.488611669286385e+03	8.674638769585683e+03	0.000000000000000e+00	-inf	
33	6.000000000000000e-01	1.000000000000000e+00	1.974092652560545e-03	6.560612345996937e-03	1.286935003008690e-16	-3.674358595162690e-16	2.957834693272139e+05	1.598963058797416e+04	8.534704998557482e-03	3.803182176355307e+04	8.488611669286385e+03	8.674638769585683e+03	1.701358022206623e-17	-inf	
34	8.000000000000000e-01	1.000000000000000e+00	1.974092652560546e-03	6.560612345996937e-03	0.000000000000000e+00	2.155502443201791e-16	2.957834693272139e+05	1.598963058797416e+04	8.534704998557484e-03	3.803182176355312e+04	8.488611669286396e+03	8.674638769585683e+03	9.419676574334080e-18	-inf	
35	1.000000000000000e+00	1.000000000000000e+00	1.974092652560545e-03	6.560612345996937e-03	-2.555680111981920e-16	-1.159605744760482e-16	2.957834693272139e+05	1.598963058797416e+04	8.534704998557482e-03	3.803182176355307e+04	8.488611669286385e+03	8.674638769585683e+03	1.226437617062926e-17	-inf	
EXT_ITER= 5956
AOA= 0.000000000000000e+00
SIDESLIP_ANGLE= 0.000000000000000e+00
INITIAL_BCTHRUST= 4.000000000000000e+03
DCD_DCL_VALUE= 0.000000000000000e+00
DCMX_DCL_VALUE= 0.000000000000000e+00
DCMY_DCL_VALUE= 0.000000000000000e+00
DCMZ_DCL_VALUE= 0.000000000000000e+00
