"PointID"	"x"	"y"	"Density[0]"	"Density[1]"	"Momentum_x"	"Momentum_y"	"Energy"	"Electronic_Energy"	"Total_Density"	"Pressure"	"Temperature"	"Tve"	"Mach"	"C<sub>p</sub>"
0	0.000000000000000e+00	0.000000000000000e+00	1.933832197917498e-03	6.600872800640002e-03	0.000000000000000e+00	0.000000000000000e+00	2.957834693272139e+05	1.533820218157185e+04	8.534704998557499e-03	3.767132741035800e+04	8.385784613493592e+03	8.542442480731708e+03	0.000000000000000e+00	-inf	
1	2.000000000000000e-01	0.000000000000000e+00	1.933832197917498e-03	6.600872800640002e-03	0.000000000000000e+00	1.263288140762617e-15	2.957834693272139e+05	1.533820218157185e+04	8.534704998557499e-03	3.767132741035800e+04	8.385784613493592e+03	8.542442480731708e+03	5.545050746979656e-17	-inf	
2	4.000000000000000e-01	0.000000000000000e+00	1.933832197917498e-03	6.600872800640002e-03	0.000000000000000e+00	-9.677023626863766e-16	2.957834693272139e+05	1.533820218157185e+04	8.534704998557499e-03	3.767132741035800e+04	8.385784613493592e+03	8.542442480731708e+03	4.247612667232644e-17	-inf	
3	6.000000000000001e-01	0.000000000000000e+00	1.933832197917498e-03	6.600872800640002e-03	0.000000000000000e+00	-8.012648322619275e-16	2.957834693272139e+05	1.533820218157185e+04	8.534704998557499e-03	3.767132741035800e+04	8.385784613493592e+03	8.542442480731708e+03	3.517055225405949e-17	-inf	
4	8.000000000000000e-01	0.000000000000000e+00	1.933832197917498e-03	6.600872800640002e-03	2.087290340568871e-16	0.000000000000000e+00	2.957834693272139e+05	1.533820218157185e+04	8.534704998557499e-03	3.767132741035800e+04	8.385784613493592e+03	8.542442480731708e+03	9.161908901596909e-18	-inf	
5	1.000000000000000e+00	0.000000000000000e+00	1.933832197917499e-03	6.600872800640002e-03	3.597051545511920e-16	-1.637090463191269e-17	2.957834693272139e+05	1.533820218157185e+04	8.534704998557501e-03	3.767132741035803e+04	8.385784613493599e+03	8.542442480731708e+03	1.580516697724185e-17	-inf	
6	0.000000000000000e+00	2.000000000000000e-01	1.933832197917498e-03	6.600872800640002e-03	0.000000000000000e+00	0.000000000000000e+00	2.957834693272139e+05	1.533820218157185e+04	8.534704998557499e-03	3.767132741035800e+04	8.385784613493592e+03	8.542442480731708e+03	0.000000000000000e+00	-inf	
7	2.000000000000000e-01	2.000000000000000e-01	1.933832197917498e-03	6.600872800640002e-03	-5.568381311604756e-16	-1.818989403545857e-18	2.957834693272139e+05	1.533820218157185e+04	8.534704998557499e-03	3.767132741035800e+04	8.385784613493592e+03	8.542442480731708e+03	2.444186777157244e-17	-inf	
8	4.000000000000000e-01	2.000000000000000e-01	1.933832197917498e-03	6.600872800640002e-03	-6.307345756795357e-16	2.105480234604329e-16	2.957834693272139e+05	1.533820218157185e+04	8.534704998557499e-03	3.767132741035800e+04	8.385784613493592e+03	8.542442480731708e+03	2.918711368411706e-17	-inf	
9	5.999999999999999e-01	2.000000000000000e-01	1.933832197917498e-03	6.600872800640002e-03	0.000000000000000e+00	6.209575076354718e-16	2.957834693272139e+05	1.533820218157185e+04	8.534704998557499e-03	3.767132741035800e+04	8.385784613493592e+03	8.542442480731708e+03	2.725617996760497e-17	-inf	
10	7.999999999999999e-01	2.000000000000000e-01	1.933832197917498e-03	6.600872800640002e-03	1.991793396882720e-16	-4.120010999031244e-16	2.957834693272139e+05	1.533820218157185e+04	8.534704998557499e-03	3.767132741035800e+04	8.385784613493592e+03	8.542442480731708e+03	2.008673731603621e-17	-inf	
11	1.000000000000000e+00	2.000000000000000e-01	1.933832197917499e-03	6.600872800640002e-03	3.624336386565126e-16	-1.791704562492668e-16	2.957834693272139e+05	1.533820218157185e+04	8.534704998557501e-03	3.767132741035803e+04	8.385784613493599e+03	8.542442480731708e+03	1.774635283602188e-17	-inf	
12	0.000000000000000e+00	3.999999999999999e-01	1.933832197917498e-03	6.600872800640002e-03	-1.265107130166180e-15	0.000000000000000e+00	2.957834693272139e+05	1.533820218157185e+04	8.534704998557499e-03	3.767132741035800e+04	8.385784613493592e+03	8.542442480731708e+03	5.553034981316630e-17	-inf	
13	2.000000000000000e-01	3.999999999999999e-01	1.933832197917498e-03	6.600872800640002e-03	5.161159427427427e-16	0.000000000000000e+00	2.957834693272139e+05	1.533820218157185e+04	8.534704998557499e-03	3.767132741035800e+04	8.385784613493592e+03	8.542442480731708e+03	2.265428607685733e-17	-inf	
14	3.999999999999999e-01	4.000000000000001e-01	1.933832197917499e-03	6.600872800640002e-03	1.611856353758553e-16	0.000000000000000e+00	2.957834693272139e+05	1.533820218157185e+04	8.534704998557501e-03	3.767132741035803e+04	8.385784613493599e+03	8.542442480731708e+03	7.075048826974034e-18	-inf	
15	6.000000000000001e-01	4.000000000000000e-01	1.933832197917499e-03	6.600872800640002e-03	-5.666151992045389e-16	-9.094947017729280e-19	2.957834693272139e+05	1.533820218157185e+04	8.534704998557501e-03	3.767132741035803e+04	8.385784613493599e+03	8.542442480731708e+03	2.487092199889797e-17	-inf	
16	8.000000000000000e-01	4.000000000000000e-01	1.933832197917498e-03	6.600872800640002e-03	-2.189608494518328e-16	0.000000000000000e+00	2.957834693272139e+05	1.533820218157185e+04	8.534704998557499e-03	3.767132741035800e+04	8.385784613493592e+03	8.542442480731708e+03	9.611022083047752e-18	-inf	
17	1.000000000000000e+00	4.000000000000000e-01	1.933832197917498e-03	6.600872800640002e-03	0.000000000000000e+00	0.000000000000000e+00	2.957834693272139e+05	1.533820218157185e+04	8.534704998557499e-03	3.767132741035800e+04	8.385784613493592e+03	8.542442480731708e+03	0.000000000000000e+00	-inf	
18	0.000000000000000e+00	6.000000000000000e-01	1.933832197917498e-03	6.600872800640002e-03	9.677023626863766e-16	2.087290340568870e-16	2.957834693272139e+05	1.533820218157185e+04	8.534704998557499e-03	3.767132741035800e+04	8.385784613493592e+03	8.542442480731708e+03	4.345298507357904e-17	-inf	
19	2.000000000000000e-01	6.000000000000000e-01	1.933832197917498e-03	6.600872800640002e-03	7.231356587393062e-18	1.818989403545857e-18	2.957834693272139e+05	1.533820218157185e+04	8.534704998557499e-03	3.767132741035800e+04	8.385784613493592e+03	8.542442480731708e+03	3.272995035734987e-19	-inf	
20	4.000000000000001e-01	6.000000000000002e-01	1.933832197917498e-03	6.600872800640002e-03	0.000000000000000e+00	-2.105480234604330e-16	2.957834693272139e+05	1.533820218157185e+04	8.534704998557499e-03	3.767132741035800e+04	8.385784613493592e+03	8.542442480731708e+03	9.241751244965953e-18	-inf	
21	6.000000000000000e-01	6.000000000000001e-01	1.933832197917498e-03	6.600872800640002e-03	-7.231356587392671e-18	-2.221440809080383e-16	2.957834693272139e+05	1.533820218157185e+04	8.534704998557499e-03	3.767132741035800e+04	8.385784613493592e+03	8.542442480731708e+03	9.755911095788800e-18	-inf	
22	8.000000000000000e-01	6.000000000000001e-01	1.933832197917498e-03	6.600872800640002e-03	2.198703441536055e-16	-9.094947017729286e-19	2.957834693272139e+05	1.533820218157185e+04	8.534704998557499e-03	3.767132741035800e+04	8.385784613493592e+03	8.542442480731708e+03	9.651025821435295e-18	-inf	
23	1.000000000000000e+00	6.000000000000001e-01	1.933832197917499e-03	6.600872800640002e-03	1.134139893110851e-15	-9.094947017729280e-19	2.957834693272139e+05	1.533820218157185e+04	8.534704998557501e-03	3.767132741035803e+04	8.385784613493599e+03	8.542442480731708e+03	4.978171709747710e-17	-inf	
24	0.000000000000000e+00	8.000000000000000e-01	1.933832197917499e-03	6.600872800640002e-03	-3.283275873400291e-16	0.000000000000000e+00	2.957834693272139e+05	1.533820218157185e+04	8.534704998557501e-03	3.767132741035803e+04	8.385784613493599e+03	8.542442480731708e+03	1.441154297811112e-17	-inf	
25	2.000000000000000e-01	8.000000000000000e-01	1.933832197917498e-03	6.600872800640002e-03	-2.221440809080384e-16	5.559286364587024e-16	2.957834693272139e+05	1.533820218157185e+04	8.534704998557499e-03	3.767132741035800e+04	8.385784613493592e+03	8.542442480731708e+03	2.627785540373749e-17	-inf	
26	3.999999999999999e-01	8.000000000000000e-01	1.933832197917498e-03	6.600872800640002e-03	-9.094947017729284e-19	0.000000000000000e+00	2.957834693272139e+05	1.533820218157185e+04	8.534704998557499e-03	3.767132741035800e+04	8.385784613493592e+03	8.542442480731708e+03	3.992117168451813e-20	-inf	
27	6.000000000000000e-01	8.000000000000000e-01	1.933832197917498e-03	6.600872800640002e-03	0.000000000000000e+00	-6.079972081352095e-16	2.957834693272139e+05	1.533820218157185e+04	8.534704998557499e-03	3.767132741035800e+04	8.385784613493592e+03	8.542442480731708e+03	2.668730327110067e-17	-inf	
28	8.000000000000000e-01	8.000000000000000e-01	1.933832197917498e-03	6.600872800640002e-03	0.000000000000000e+00	2.094111550832163e-16	2.957834693272139e+05	1.533820218157185e+04	8.534704998557499e-03	3.767132741035800e+04	8.385784613493592e+03	8.542442480731708e+03	9.191849780360279e-18	-inf	
29	1.000000000000000e+00	8.000000000000000e-01	1.933832197917498e-03	6.600872800640002e-03	-7.994458428583818e-16	-1.955413608811809e-16	2.957834693272139e+05	1.533820218157185e+04	8.534704998557499e-03	3.767132741035800e+04	8.385784613493592e+03	8.542442480731708e+03	3.612515331681320e-17	-inf	
30	0.000000000000000e+00	1.000000000000000e+00	1.933832197917498e-03	6.600872800640002e-03	1.818989403545857e-18	-4.192770575173202e-16	2.957834693272139e+05	1.533820218157185e+04	8.534704998557499e-03	3.767132741035800e+04	8.385784613493592e+03	8.542442480731708e+03	1.840383333955133e-17	-inf	
31	2.000000000000000e-01	1.000000000000000e+00	1.933832197917498e-03	6.600872800640002e-03	0.000000000000000e+00	0.000000000000000e+00	2.957834693272139e+05	1.533820218157185e+04	8.534704998557499e-03	3.767132741035800e+04	8.385784613493592e+03	8.542442480731708e+03	0.000000000000000e+00	-inf	
32	3.999999999999999e-01	1.000000000000000e+00	1.933832197917498e-03	6.600872800640002e-03	0.000000000000000e+00	0.000000000000000e+00	2.957834693272139e+05	1.533820218157185e+04	8.534704998557499e-03	3.767132741035800e+04	8.385784613493592e+03	8.542442480731708e+03	0.000000000000000e+00	-inf	
33	6.000000000000000e-01	1.000000000000000e+00	1.933832197917498e-03	6.600872800640002e-03	2.212345862062647e-16	-5.493347998708476e-16	2.957834693272139e+05	1.533820218157185e+04	8.534704998557499e-03	3.767132741035800e+04	8.385784613493592e+03	8.542442480731708e+03	2.599437175410863e-17	-inf	
34	8.000000000000000e-01	1.000000000000000e+00	1.933832197917499e-03	6.600872800640002e-03	0.000000000000000e+00	2.851265890058080e-16	2.957834693272139e+05	1.533820218157185e+04	8.534704998557501e-03	3.767132741035803e+04	8.385784613493599e+03	8.542442480731708e+03	1.251528732309620e-17	-inf	
35	1.000000000000000e+00	1.000000000000000e+00	1.933832197917498e-03	6.600872800640002e-03	-4.406501830089835e-16	-1.182343112304804e-17	2.957834693272139e+05	1.533820218157185e+04	8.534704998557499e-03	3.767132741035800e+04	8.385784613493592e+03	8.542442480731708e+03	1.934876894445431e-17	-inf	
EXT_ITER= 7082
AOA= 0.000000000000000e+00
SIDESLIP_ANGLE= 0.000000000000000e+00
INITIAL_BCTHRUST= 4.000000000000000e+03
DCD_DCL_VALUE= 0.000000000000000e+00
DCMX_DCL_VALUE= 0.000000000000000e+00
DCMY_DCL_VALUE= 0.000000000000000e+00
DCMZ_DCL_VALUE= 0.000000000000000e+00
