"PointID"	"x"	"y"	"Density[0]"	"Density[1]"	"Momentum_x"	"Momentum_y"	"Energy"	"Electronic_Energy"	"Total_Density"	"Pressure"	"Temperature"	"Tve"	"Mach"	"C<sub>p</sub>"
0	0.000000000000000e+00	0.000000000000000e+00	1.908211244418577e-03	6.626493754138936e-03	0.000000000000000e+00	0.000000000000000e+00	2.957834693272139e+05	1.493353903729484e+04	8.534704998557513e-03	3.743494518321920e+04	8.319082766922067e+03	8.460082354087781e+03	0.000000000000000e+00	-inf	
1	2.000000000000000e-01	0.000000000000000e+00	1.908211244418577e-03	6.626493754138936e-03	0.000000000000000e+00	1.328317011939390e-15	2.957834693272139e+05	1.493353903729484e+04	8.534704998557513e-03	3.743494518321920e+04	8.319082766922067e+03	8.460082354087781e+03	5.847562316696617e-17	-inf	
2	4.000000000000000e-01	0.000000000000000e+00	1.908211244418577e-03	6.626493754138936e-03	0.000000000000000e+00	-1.046828401740632e-15	2.957834693272139e+05	1.493353903729484e+04	8.534704998557513e-03	3.743494518321920e+04	8.319082766922067e+03	8.460082354087781e+03	4.608383585428008e-17	-inf	
3	6.000000000000001e-01	0.000000000000000e+00	1.908211244418577e-03	6.626493754138936e-03	0.000000000000000e+00	-9.572431736159865e-16	2.957834693272139e+05	1.493353903729484e+04	8.534704998557513e-03	3.743494518321920e+04	8.319082766922067e+03	8.460082354087781e+03	4.214008448012958e-17	-inf	
4	8.000000000000000e-01	0.000000000000000e+00	1.908211244418577e-03	6.626493754138936e-03	3.074092091992499e-16	0.000000000000000e+00	2.957834693272139e+05	1.493353903729484e+04	8.534704998557513e-03	3.743494518321920e+04	8.319082766922067e+03	8.460082354087781e+03	1.353287273566186e-17	-inf	
5	1.000000000000000e+00	0.000000000000000e+00	1.908211244418578e-03	6.626493754138936e-03	5.661604518536479e-16	-9.913492249324894e-17	2.957834693272139e+05	1.493353903729484e+04	8.534704998557513e-03	3.743494518321921e+04	8.319082766922067e+03	8.460082354087781e+03	2.530290562182806e-17	-inf	
6	0.000000000000000e+00	2.000000000000000e-01	1.908211244418577e-03	6.626493754138936e-03	0.000000000000000e+00	0.000000000000000e+00	2.957834693272139e+05	1.493353903729484e+04	8.534704998557513e-03	3.743494518321920e+04	8.319082766922067e+03	8.460082354087781e+03	0.000000000000000e+00	-inf	
7	2.000000000000000e-01	2.000000000000000e-01	1.908211244418577e-03	6.626493754138936e-03	-6.352820491884010e-16	-1.818989403545857e-18	2.957834693272139e+05	1.493353903729484e+04	8.534704998557513e-03	3.743494518321920e+04	8.319082766922067e+03	8.460082354087781e+03	2.796671702415227e-17	-inf	
8	4.000000000000000e-01	2.000000000000000e-01	1.908211244418577e-03	6.626493754138936e-03	-6.632490112679222e-16	3.092281986027957e-16	2.957834693272139e+05	1.493353903729484e+04	8.534704998557513e-03	3.743494518321920e+04	8.319082766922067e+03	8.460082354087781e+03	3.221525035098774e-17	-inf	
9	5.999999999999999e-01	2.000000000000000e-01	1.908211244418577e-03	6.626493754138936e-03	0.000000000000000e+00	7.976268534548580e-16	2.957834693272139e+05	1.493353903729484e+04	8.534704998557513e-03	3.743494518321920e+04	8.319082766922067e+03	8.460082354087781e+03	3.511340055969067e-17	-inf	
10	7.999999999999999e-01	2.000000000000000e-01	1.908211244418577e-03	6.626493754138936e-03	2.926299202954401e-16	-4.840785550186315e-16	2.957834693272139e+05	1.493353903729484e+04	8.534704998557513e-03	3.743494518321920e+04	8.319082766922067e+03	8.460082354087781e+03	2.490140766719521e-17	-inf	
11	1.000000000000000e+00	2.000000000000000e-01	1.908211244418578e-03	6.626493754138936e-03	5.625224730465568e-16	-2.823981049004948e-16	2.957834693272139e+05	1.493353903729484e+04	8.534704998557513e-03	3.743494518321921e+04	8.319082766922067e+03	8.460082354087781e+03	2.770891495212963e-17	-inf	
12	0.000000000000000e+00	3.999999999999999e-01	1.908211244418577e-03	6.626493754138936e-03	-1.260559656657323e-15	0.000000000000000e+00	2.957834693272139e+05	1.493353903729484e+04	8.534704998557513e-03	3.743494518321920e+04	8.319082766922067e+03	8.460082354087781e+03	5.549278583321892e-17	-inf	
13	2.000000000000000e-01	3.999999999999999e-01	1.908211244418577e-03	6.626493754138936e-03	6.359471445590721e-16	0.000000000000000e+00	2.957834693272139e+05	1.493353903729484e+04	8.534704998557513e-03	3.743494518321920e+04	8.319082766922067e+03	8.460082354087781e+03	2.799588143876100e-17	-inf	
14	3.999999999999999e-01	4.000000000000001e-01	1.908211244418578e-03	6.626493754138936e-03	2.448644227967103e-16	0.000000000000000e+00	2.957834693272139e+05	1.493353903729484e+04	8.534704998557513e-03	3.743494518321921e+04	8.319082766922067e+03	8.460082354087781e+03	1.077950488155793e-17	-inf	
15	6.000000000000001e-01	4.000000000000000e-01	1.908211244418578e-03	6.626493754138936e-03	-7.482867658836764e-16	-9.094947017729280e-19	2.957834693272139e+05	1.493353903729484e+04	8.534704998557513e-03	3.743494518321921e+04	8.319082766922067e+03	8.460082354087781e+03	3.294135877938863e-17	-inf	
16	8.000000000000000e-01	4.000000000000000e-01	1.908211244418577e-03	6.626493754138936e-03	-3.158220351906495e-16	0.000000000000000e+00	2.957834693272139e+05	1.493353903729484e+04	8.534704998557513e-03	3.743494518321920e+04	8.319082766922067e+03	8.460082354087781e+03	1.390322502206681e-17	-inf	
17	1.000000000000000e+00	4.000000000000000e-01	1.908211244418577e-03	6.626493754138936e-03	0.000000000000000e+00	0.000000000000000e+00	2.957834693272139e+05	1.493353903729484e+04	8.534704998557513e-03	3.743494518321920e+04	8.319082766922067e+03	8.460082354087781e+03	0.000000000000000e+00	-inf	
18	0.000000000000000e+00	6.000000000000000e-01	1.908211244418577e-03	6.626493754138936e-03	1.046828401740632e-15	3.074092091992498e-16	2.957834693272139e+05	1.493353903729484e+04	8.534704998557513e-03	3.743494518321920e+04	8.319082766922067e+03	8.460082354087781e+03	4.802976755642120e-17	-inf	
19	2.000000000000000e-01	6.000000000000000e-01	1.908211244418577e-03	6.626493754138936e-03	1.519998494339691e-17	1.818989403545857e-18	2.957834693272139e+05	1.493353903729484e+04	8.534704998557513e-03	3.743494518321920e+04	8.319082766922067e+03	8.460082354087781e+03	6.739132496321107e-19	-inf	
20	4.000000000000001e-01	6.000000000000002e-01	1.908211244418577e-03	6.626493754138936e-03	0.000000000000000e+00	-3.092281986027959e-16	2.957834693272139e+05	1.493353903729484e+04	8.534704998557513e-03	3.743494518321920e+04	8.319082766922067e+03	8.460082354087781e+03	1.361294890569537e-17	-inf	
21	6.000000000000000e-01	6.000000000000001e-01	1.908211244418577e-03	6.626493754138936e-03	-1.519998494339651e-17	-3.208242560504010e-16	2.957834693272139e+05	1.493353903729484e+04	8.534704998557513e-03	3.743494518321920e+04	8.319082766922067e+03	8.460082354087781e+03	1.413927680819322e-17	-inf	
22	8.000000000000000e-01	6.000000000000001e-01	1.908211244418577e-03	6.626493754138936e-03	4.349658411229034e-16	-9.094947017729286e-19	2.957834693272139e+05	1.493353903729484e+04	8.534704998557513e-03	3.743494518321920e+04	8.319082766922067e+03	8.460082354087781e+03	1.914825601816477e-17	-inf	
23	1.000000000000000e+00	6.000000000000001e-01	1.908211244418578e-03	6.626493754138936e-03	1.261014404008165e-15	-9.094947017729280e-19	2.957834693272139e+05	1.493353903729484e+04	8.534704998557513e-03	3.743494518321921e+04	8.319082766922067e+03	8.460082354087781e+03	5.551281931426835e-17	-inf	
24	0.000000000000000e+00	8.000000000000000e-01	1.908211244418578e-03	6.626493754138936e-03	-5.320544005371654e-16	0.000000000000000e+00	2.957834693272139e+05	1.493353903729484e+04	8.534704998557513e-03	3.743494518321921e+04	8.319082766922067e+03	8.460082354087781e+03	2.342227973479946e-17	-inf	
25	2.000000000000000e-01	8.000000000000000e-01	1.908211244418577e-03	6.626493754138936e-03	-3.208242560504010e-16	6.343725544866279e-16	2.957834693272139e+05	1.493353903729484e+04	8.534704998557513e-03	3.743494518321920e+04	8.319082766922067e+03	8.460082354087781e+03	3.129479821536103e-17	-inf	
26	3.999999999999999e-01	8.000000000000000e-01	1.908211244418577e-03	6.626493754138936e-03	-9.094947017729284e-19	0.000000000000000e+00	2.957834693272139e+05	1.493353903729484e+04	8.534704998557513e-03	3.743494518321920e+04	8.319082766922067e+03	8.460082354087781e+03	4.003808501675105e-20	-inf	
27	6.000000000000000e-01	8.000000000000000e-01	1.908211244418577e-03	6.626493754138936e-03	0.000000000000000e+00	-6.471054803114506e-16	2.957834693272139e+05	1.493353903729484e+04	8.534704998557513e-03	3.743494518321920e+04	8.319082766922067e+03	8.460082354087781e+03	2.848709748941890e-17	-inf	
28	8.000000000000000e-01	8.000000000000000e-01	1.908211244418577e-03	6.626493754138936e-03	0.000000000000000e+00	3.028617356903844e-16	2.957834693272139e+05	1.493353903729484e+04	8.534704998557513e-03	3.743494518321920e+04	8.319082766922067e+03	8.460082354087781e+03	1.333268231057807e-17	-inf	
29	1.000000000000000e+00	8.000000000000000e-01	1.908211244418577e-03	6.626493754138936e-03	-9.554241842124404e-16	-2.942215360235439e-16	2.957834693272139e+05	1.493353903729484e+04	8.534704998557513e-03	3.743494518321920e+04	8.319082766922067e+03	8.460082354087781e+03	4.400916842495080e-17	-inf	
30	0.000000000000000e+00	1.000000000000000e+00	1.908211244418577e-03	6.626493754138936e-03	1.818989403545857e-18	-6.166374078020459e-16	2.957834693272139e+05	1.493353903729484e+04	8.534704998557513e-03	3.743494518321920e+04	8.319082766922067e+03	8.460082354087781e+03	2.714593974754579e-17	-inf	
31	2.000000000000000e-01	1.000000000000000e+00	1.908211244418577e-03	6.626493754138936e-03	0.000000000000000e+00	0.000000000000000e+00	2.957834693272139e+05	1.493353903729484e+04	8.534704998557513e-03	3.743494518321920e+04	8.319082766922067e+03	8.460082354087781e+03	0.000000000000000e+00	-inf	
32	3.999999999999999e-01	1.000000000000000e+00	1.908211244418577e-03	6.626493754138936e-03	0.000000000000000e+00	0.000000000000000e+00	2.957834693272139e+05	1.493353903729484e+04	8.534704998557513e-03	3.743494518321920e+04	8.319082766922067e+03	8.460082354087781e+03	0.000000000000000e+00	-inf	
33	6.000000000000000e-01	1.000000000000000e+00	1.908211244418577e-03	6.626493754138936e-03	3.180957719450816e-16	-7.062226359266645e-16	2.957834693272139e+05	1.493353903729484e+04	8.534704998557513e-03	3.743494518321920e+04	8.319082766922067e+03	8.460082354087781e+03	3.409772027393495e-17	-inf	
34	8.000000000000000e-01	1.000000000000000e+00	1.908211244418578e-03	6.626493754138936e-03	0.000000000000000e+00	4.147295840084495e-16	2.957834693272139e+05	1.493353903729484e+04	8.534704998557513e-03	3.743494518321921e+04	8.319082766922067e+03	8.460082354087781e+03	1.825736676763822e-17	-inf	
35	1.000000000000000e+00	1.000000000000000e+00	1.908211244418577e-03	6.626493754138936e-03	-6.343725544866170e-16	6.730260793119659e-17	2.957834693272139e+05	1.493353903729484e+04	8.534704998557513e-03	3.743494518321920e+04	8.319082766922067e+03	8.460082354087781e+03	2.808329193280861e-17	-inf	
EXT_ITER= 7928
AOA= 0.000000000000000e+00
SIDESLIP_ANGLE= 0.000000000000000e+00
INITIAL_BCTHRUST= 4.000000000000000e+03
DCD_DCL_VALUE= 0.000000000000000e+00
DCMX_DCL_VALUE= 0.000000000000000e+00
DCMY_DCL_VALUE= 0.000000000000000e+00
DCMZ_DCL_VALUE= 0.000000000000000e+00
