"PointID"	"x"	"y"	"Density[0]"	"Density[1]"	"Momentum_x"	"Momentum_y"	"Energy"	"Electronic_Energy"	"Total_Density"	"Pressure"	"Temperature"	"Tve"	"Mach"	"C<sub>p</sub>"
0	0.000000000000000e+00	0.000000000000000e+00	1.907644534544048e-03	6.627060464013466e-03	0.000000000000000e+00	0.000000000000000e+00	2.957834693272139e+05	1.492465457335800e+04	8.534704998557515e-03	3.742966793667977e+04	8.317599113197868e+03	8.458243764045721e+03	0.000000000000000e+00	-inf	
1	2.000000000000000e-01	0.000000000000000e+00	1.907644534544048e-03	6.627060464013466e-03	0.000000000000000e+00	1.330136001342937e-15	2.957834693272139e+05	1.492465457335800e+04	8.534704998557515e-03	3.742966793667977e+04	8.317599113197868e+03	8.458243764045721e+03	5.855953849055201e-17	-inf	
2	4.000000000000000e-01	0.000000000000000e+00	1.907644534544048e-03	6.627060464013466e-03	0.000000000000000e+00	-1.050011633196837e-15	2.957834693272139e+05	1.492465457335800e+04	8.534704998557515e-03	3.742966793667977e+04	8.317599113197868e+03	8.458243764045721e+03	4.622699978621559e-17	-inf	
3	6.000000000000001e-01	0.000000000000000e+00	1.907644534544048e-03	6.627060464013466e-03	0.000000000000000e+00	-9.595169103704191e-16	2.957834693272139e+05	1.492465457335800e+04	8.534704998557515e-03	3.742966793667977e+04	8.317599113197868e+03	8.458243764045721e+03	4.224294913335366e-17	-inf	
4	8.000000000000000e-01	0.000000000000000e+00	1.907644534544048e-03	6.627060464013466e-03	3.005879989359530e-16	0.000000000000000e+00	2.957834693272139e+05	1.492465457335800e+04	8.534704998557515e-03	3.742966793667977e+04	8.317599113197868e+03	8.458243764045721e+03	1.323345468111250e-17	-inf	
5	1.000000000000000e+00	0.000000000000000e+00	1.907644534544049e-03	6.627060464013466e-03	5.566107574850323e-16	-1.014086592476813e-16	2.957834693272139e+05	1.492465457335800e+04	8.534704998557515e-03	3.742966793667978e+04	8.317599113197870e+03	8.458243764045721e+03	2.490829074900134e-17	-inf	
6	0.000000000000000e+00	2.000000000000000e-01	1.907644534544048e-03	6.627060464013466e-03	0.000000000000000e+00	0.000000000000000e+00	2.957834693272139e+05	1.492465457335800e+04	8.534704998557515e-03	3.742966793667977e+04	8.317599113197868e+03	8.458243764045721e+03	0.000000000000000e+00	-inf	
7	2.000000000000000e-01	2.000000000000000e-01	1.907644534544048e-03	6.627060464013466e-03	-6.373284122673904e-16	-1.818989403545857e-18	2.957834693272139e+05	1.492465457335800e+04	8.534704998557515e-03	3.742966793667977e+04	8.317599113197868e+03	8.458243764045721e+03	2.805864186721973e-17	-inf	
8	4.000000000000000e-01	2.000000000000000e-01	1.907644534544048e-03	6.627060464013466e-03	-6.641585059696952e-16	3.024069883394988e-16	2.957834693272139e+05	1.492465457335800e+04	8.534704998557515e-03	3.742966793667977e+04	8.317599113197868e+03	8.458243764045721e+03	3.212805578200845e-17	-inf	
9	5.999999999999999e-01	2.000000000000000e-01	1.907644534544048e-03	6.627060464013466e-03	0.000000000000000e+00	7.919425115687774e-16	2.957834693272139e+05	1.492465457335800e+04	8.534704998557515e-03	3.742966793667977e+04	8.317599113197868e+03	8.458243764045721e+03	3.486544830129714e-17	-inf	
10	7.999999999999999e-01	2.000000000000000e-01	1.907644534544048e-03	6.627060464013466e-03	2.858087100321432e-16	-4.865796654485074e-16	2.957834693272139e+05	1.492465457335800e+04	8.534704998557515e-03	3.742966793667977e+04	8.317599113197868e+03	8.458243764045721e+03	2.484389939231503e-17	-inf	
11	1.000000000000000e+00	2.000000000000000e-01	1.907644534544049e-03	6.627060464013466e-03	5.516085366252817e-16	-2.776232577161870e-16	2.957834693272139e+05	1.492465457335800e+04	8.534704998557515e-03	3.742966793667978e+04	8.317599113197870e+03	8.458243764045721e+03	2.718701742178281e-17	-inf	
12	0.000000000000000e+00	3.999999999999999e-01	1.907644534544048e-03	6.627060464013466e-03	-1.260559656657324e-15	0.000000000000000e+00	2.957834693272139e+05	1.492465457335800e+04	8.534704998557515e-03	3.742966793667977e+04	8.317599113197868e+03	8.458243764045721e+03	5.549642416950854e-17	-inf	
13	2.000000000000000e-01	3.999999999999999e-01	1.907644534544048e-03	6.627060464013466e-03	6.296502822358490e-16	0.000000000000000e+00	2.957834693272139e+05	1.492465457335800e+04	8.534704998557515e-03	3.742966793667977e+04	8.317599113197868e+03	8.458243764045721e+03	2.772049617554165e-17	-inf	
14	3.999999999999999e-01	4.000000000000001e-01	1.907644534544049e-03	6.627060464013466e-03	2.392496814998169e-16	0.000000000000000e+00	2.957834693272139e+05	1.492465457335800e+04	8.534704998557515e-03	3.742966793667978e+04	8.317599113197870e+03	8.458243764045721e+03	1.053302137412690e-17	-inf	
15	6.000000000000001e-01	4.000000000000000e-01	1.907644534544049e-03	6.627060464013466e-03	-7.444214134011414e-16	-9.094947017729280e-19	2.957834693272139e+05	1.492465457335800e+04	8.534704998557515e-03	3.742966793667978e+04	8.317599113197870e+03	8.458243764045721e+03	3.277334565947043e-17	-inf	
16	8.000000000000000e-01	4.000000000000000e-01	1.907644534544048e-03	6.627060464013466e-03	-3.087734512519093e-16	0.000000000000000e+00	2.957834693272139e+05	1.492465457335800e+04	8.534704998557515e-03	3.742966793667977e+04	8.317599113197868e+03	8.458243764045721e+03	1.359382107182358e-17	-inf	
17	1.000000000000000e+00	4.000000000000000e-01	1.907644534544048e-03	6.627060464013466e-03	0.000000000000000e+00	0.000000000000000e+00	2.957834693272139e+05	1.492465457335800e+04	8.534704998557515e-03	3.742966793667977e+04	8.317599113197868e+03	8.458243764045721e+03	0.000000000000000e+00	-inf	
18	0.000000000000000e+00	6.000000000000000e-01	1.907644534544048e-03	6.627060464013466e-03	1.050011633196837e-15	3.005879989359529e-16	2.957834693272139e+05	1.492465457335800e+04	8.534704998557515e-03	3.742966793667977e+04	8.317599113197868e+03	8.458243764045721e+03	4.808388328776945e-17	-inf	
19	2.000000000000000e-01	6.000000000000000e-01	1.907644534544048e-03	6.627060464013466e-03	1.465706509544181e-17	1.818989403545857e-18	2.957834693272139e+05	1.492465457335800e+04	8.534704998557515e-03	3.742966793667977e+04	8.317599113197868e+03	8.458243764045721e+03	6.502308027637413e-19	-inf	
20	4.000000000000001e-01	6.000000000000002e-01	1.907644534544048e-03	6.627060464013466e-03	0.000000000000000e+00	-3.024069883394989e-16	2.957834693272139e+05	1.492465457335800e+04	8.534704998557515e-03	3.742966793667977e+04	8.317599113197868e+03	8.458243764045721e+03	1.331353610127052e-17	-inf	
21	6.000000000000000e-01	6.000000000000001e-01	1.907644534544048e-03	6.627060464013466e-03	-1.465706509544140e-17	-3.140030457871040e-16	2.957834693272139e+05	1.492465457335800e+04	8.534704998557515e-03	3.742966793667977e+04	8.317599113197868e+03	8.458243764045721e+03	1.383910719610733e-17	-inf	
22	8.000000000000000e-01	6.000000000000001e-01	1.907644534544048e-03	6.627060464013466e-03	4.279172571841632e-16	-9.094947017729286e-19	2.957834693272139e+05	1.492465457335800e+04	8.534704998557515e-03	3.742966793667977e+04	8.317599113197868e+03	8.458243764045721e+03	1.883919664335854e-17	-inf	
23	1.000000000000000e+00	6.000000000000001e-01	1.907644534544049e-03	6.627060464013466e-03	1.253283699043095e-15	-9.094947017729280e-19	2.957834693272139e+05	1.492465457335800e+04	8.534704998557515e-03	3.742966793667978e+04	8.317599113197870e+03	8.458243764045721e+03	5.517611301743208e-17	-inf	
24	0.000000000000000e+00	8.000000000000000e-01	1.907644534544049e-03	6.627060464013466e-03	-5.215952114667767e-16	0.000000000000000e+00	2.957834693272139e+05	1.492465457335800e+04	8.534704998557515e-03	3.742966793667978e+04	8.317599113197870e+03	8.458243764045721e+03	2.296334723031179e-17	-inf	
25	2.000000000000000e-01	8.000000000000000e-01	1.907644534544048e-03	6.627060464013466e-03	-3.140030457871041e-16	6.364189175656172e-16	2.957834693272139e+05	1.492465457335800e+04	8.534704998557515e-03	3.742966793667977e+04	8.317599113197868e+03	8.458243764045721e+03	3.124324099454259e-17	-inf	
26	3.999999999999999e-01	8.000000000000000e-01	1.907644534544048e-03	6.627060464013466e-03	-9.094947017729284e-19	0.000000000000000e+00	2.957834693272139e+05	1.492465457335800e+04	8.534704998557515e-03	3.742966793667977e+04	8.317599113197868e+03	8.458243764045721e+03	4.004071007900906e-20	-inf	
27	6.000000000000000e-01	8.000000000000000e-01	1.907644534544048e-03	6.627060464013466e-03	0.000000000000000e+00	-6.477876013377804e-16	2.957834693272139e+05	1.492465457335800e+04	8.534704998557515e-03	3.742966793667977e+04	8.317599113197868e+03	8.458243764045721e+03	2.851899575377473e-17	-inf	
28	8.000000000000000e-01	8.000000000000000e-01	1.907644534544048e-03	6.627060464013466e-03	0.000000000000000e+00	2.960405254270874e-16	2.957834693272139e+05	1.492465457335800e+04	8.534704998557515e-03	3.742966793667977e+04	8.317599113197868e+03	8.458243764045721e+03	1.303325113071742e-17	-inf	
29	1.000000000000000e+00	8.000000000000000e-01	1.907644534544048e-03	6.627060464013466e-03	-9.576979209668730e-16	-2.874003257602469e-16	2.957834693272139e+05	1.492465457335800e+04	8.534704998557515e-03	3.742966793667977e+04	8.317599113197868e+03	8.458243764045721e+03	4.402047695044658e-17	-inf	
30	0.000000000000000e+00	1.000000000000000e+00	1.907644534544048e-03	6.627060464013466e-03	1.818989403545857e-18	-6.029949872754521e-16	2.957834693272139e+05	1.492465457335800e+04	8.534704998557515e-03	3.742966793667977e+04	8.317599113197868e+03	8.458243764045721e+03	2.654711156856399e-17	-inf	
31	2.000000000000000e-01	1.000000000000000e+00	1.907644534544048e-03	6.627060464013466e-03	0.000000000000000e+00	0.000000000000000e+00	2.957834693272139e+05	1.492465457335800e+04	8.534704998557515e-03	3.742966793667977e+04	8.317599113197868e+03	8.458243764045721e+03	0.000000000000000e+00	-inf	
32	3.999999999999999e-01	1.000000000000000e+00	1.907644534544048e-03	6.627060464013466e-03	0.000000000000000e+00	0.000000000000000e+00	2.957834693272139e+05	1.492465457335800e+04	8.534704998557515e-03	3.742966793667977e+04	8.317599113197868e+03	8.458243764045721e+03	0.000000000000000e+00	-inf	
33	6.000000000000000e-01	1.000000000000000e+00	1.907644534544048e-03	6.627060464013466e-03	3.110471880063414e-16	-7.103153620846424e-16	2.957834693272139e+05	1.492465457335800e+04	8.534704998557515e-03	3.742966793667977e+04	8.317599113197868e+03	8.458243764045721e+03	3.413866808583943e-17	-inf	
34	8.000000000000000e-01	1.000000000000000e+00	1.907644534544049e-03	6.627060464013466e-03	0.000000000000000e+00	4.024514055345149e-16	2.957834693272139e+05	1.492465457335800e+04	8.534704998557515e-03	3.742966793667978e+04	8.317599113197870e+03	8.458243764045721e+03	1.771801420996125e-17	-inf	
35	1.000000000000000e+00	1.000000000000000e+00	1.907644534544048e-03	6.627060464013466e-03	-6.202753866091367e-16	7.048583938740183e-17	2.957834693272139e+05	1.492465457335800e+04	8.534704998557515e-03	3.742966793667977e+04	8.317599113197868e+03	8.458243764045721e+03	2.748351434560742e-17	-inf	
EXT_ITER= 7948
AOA= 0.000000000000000e+00
SIDESLIP_ANGLE= 0.000000000000000e+00
INITIAL_BCTHRUST= 4.000000000000000e+03
DCD_DCL_VALUE= 0.000000000000000e+00
DCMX_DCL_VALUE= 0.000000000000000e+00
DCMY_DCL_VALUE= 0.000000000000000e+00
DCMZ_DCL_VALUE= 0.000000000000000e+00
