"PointID"	"x"	"y"	"Density[0]"	"Density[1]"	"Momentum_x"	"Momentum_y"	"Energy"	"Electronic_Energy"	"Total_Density"	"Pressure"	"Temperature"	"Tve"	"Mach"	"C<sub>p</sub>"
0	0.000000000000000e+00	0.000000000000000e+00	2.912486595851538e-03	5.622218402705958e-03	0.000000000000000e+00	0.000000000000000e+00	2.957834693272139e+05	3.917737101492124e+04	8.534704998557496e-03	4.124962617090902e+04	9.817093323667999e+03	1.297907971773948e+04	0.000000000000000e+00	-inf	
1	2.000000000000000e-01	0.000000000000000e+00	2.912486595851538e-03	5.622218402705958e-03	0.000000000000000e+00	6.093614501878611e-17	2.957834693272139e+05	3.917737101492124e+04	8.534704998557496e-03	4.124962617090902e+04	9.817093323667999e+03	1.297907971773948e+04	2.578598235465784e-18	-inf	
2	4.000000000000000e-01	0.000000000000000e+00	2.912486595851538e-03	5.622218402705958e-03	0.000000000000000e+00	-4.456524038687345e-17	2.957834693272139e+05	3.917737101492124e+04	8.534704998557496e-03	4.124962617090902e+04	9.817093323667999e+03	1.297907971773948e+04	1.885840500564530e-18	-inf	
3	6.000000000000001e-01	0.000000000000000e+00	2.912486595851538e-03	5.622218402705958e-03	0.000000000000000e+00	-7.730704965069877e-17	2.957834693272139e+05	3.917737101492124e+04	8.534704998557496e-03	4.124962617090902e+04	9.817093323667999e+03	1.297907971773948e+04	3.271355970367039e-18	-inf	
4	8.000000000000000e-01	0.000000000000000e+00	2.912486595851538e-03	5.622218402705958e-03	-1.818989403545857e-18	0.000000000000000e+00	2.957834693272139e+05	3.917737101492124e+04	8.534704998557496e-03	4.124962617090902e+04	9.817093323667999e+03	1.297907971773948e+04	7.697308165569517e-20	-inf	
5	1.000000000000000e+00	0.000000000000000e+00	2.912486595851538e-03	5.622218402705958e-03	-2.728484105318784e-18	-4.547473508864640e-18	2.957834693272139e+05	3.917737101492124e+04	8.534704998557496e-03	4.124962617090902e+04	9.817093323667999e+03	1.297907971773948e+04	2.244131681661788e-19	-inf	
6	0.000000000000000e+00	2.000000000000000e-01	2.912486595851538e-03	5.622218402705958e-03	0.000000000000000e+00	0.000000000000000e+00	2.957834693272139e+05	3.917737101492124e+04	8.534704998557496e-03	4.124962617090902e+04	9.817093323667999e+03	1.297907971773948e+04	0.000000000000000e+00	-inf	
7	2.000000000000000e-01	2.000000000000000e-01	2.912486595851538e-03	5.622218402705958e-03	-3.274180926382537e-17	-1.818989403545857e-18	2.957834693272139e+05	3.917737101492124e+04	8.534704998557496e-03	4.124962617090902e+04	9.817093323667999e+03	1.297907971773948e+04	1.387651963700426e-18	-inf	
8	4.000000000000000e-01	2.000000000000000e-01	2.912486595851538e-03	5.622218402705958e-03	-2.955857780762013e-17	0.000000000000000e+00	2.957834693272139e+05	3.917737101492124e+04	8.534704998557496e-03	4.124962617090902e+04	9.817093323667999e+03	1.297907971773948e+04	1.250812576905045e-18	-inf	
9	5.999999999999999e-01	2.000000000000000e-01	2.912486595851538e-03	5.622218402705958e-03	0.000000000000000e+00	3.456079866737122e-17	2.957834693272139e+05	3.917737101492124e+04	8.534704998557496e-03	4.124962617090902e+04	9.817093323667999e+03	1.297907971773948e+04	1.462488551458206e-18	-inf	
10	7.999999999999999e-01	2.000000000000000e-01	2.912486595851538e-03	5.622218402705958e-03	0.000000000000000e+00	-3.637978807091707e-17	2.957834693272139e+05	3.917737101492124e+04	8.534704998557496e-03	4.124962617090902e+04	9.817093323667999e+03	1.297907971773948e+04	1.539461633113901e-18	-inf	
11	1.000000000000000e+00	2.000000000000000e-01	2.912486595851538e-03	5.622218402705958e-03	1.818989403545854e-18	0.000000000000000e+00	2.957834693272139e+05	3.917737101492124e+04	8.534704998557496e-03	4.124962617090902e+04	9.817093323667999e+03	1.297907971773948e+04	7.697308165569506e-20	-inf	
12	0.000000000000000e+00	3.999999999999999e-01	2.912486595851538e-03	5.622218402705958e-03	-9.003997547551973e-17	0.000000000000000e+00	2.957834693272139e+05	3.917737101492124e+04	8.534704998557496e-03	4.124962617090902e+04	9.817093323667999e+03	1.297907971773948e+04	3.810167541956903e-18	-inf	
13	2.000000000000000e-01	3.999999999999999e-01	2.912486595851538e-03	5.622218402705958e-03	4.827218478481778e-17	0.000000000000000e+00	2.957834693272139e+05	3.917737101492124e+04	8.534704998557496e-03	4.124962617090902e+04	9.817093323667999e+03	1.297907971773948e+04	2.042705039346269e-18	-inf	
14	3.999999999999999e-01	4.000000000000001e-01	2.912486595851538e-03	5.622218402705958e-03	-1.266396023396842e-17	0.000000000000000e+00	2.957834693272139e+05	3.917737101492124e+04	8.534704998557496e-03	4.124962617090902e+04	9.817093323667999e+03	1.297907971773948e+04	5.358931961195194e-19	-inf	
15	6.000000000000001e-01	4.000000000000000e-01	2.912486595851538e-03	5.622218402705958e-03	-3.592504072003061e-17	-9.094947017729280e-19	2.957834693272139e+05	3.917737101492124e+04	8.534704998557496e-03	4.124962617090902e+04	9.817093323667999e+03	1.297907971773948e+04	1.520705456068036e-18	-inf	
16	8.000000000000000e-01	4.000000000000000e-01	2.912486595851538e-03	5.622218402705958e-03	2.273736754432322e-18	0.000000000000000e+00	2.957834693272139e+05	3.917737101492124e+04	8.534704998557496e-03	4.124962617090902e+04	9.817093323667999e+03	1.297907971773948e+04	9.621635206961899e-20	-inf	
17	1.000000000000000e+00	4.000000000000000e-01	2.912486595851538e-03	5.622218402705958e-03	0.000000000000000e+00	0.000000000000000e+00	2.957834693272139e+05	3.917737101492124e+04	8.534704998557496e-03	4.124962617090902e+04	9.817093323667999e+03	1.297907971773948e+04	0.000000000000000e+00	-inf	
18	0.000000000000000e+00	6.000000000000000e-01	2.912486595851538e-03	5.622218402705958e-03	4.456524038687345e-17	-1.818989403545856e-18	2.957834693272139e+05	3.917737101492124e+04	8.534704998557496e-03	4.124962617090902e+04	9.817093323667999e+03	1.297907971773948e+04	1.887410726066017e-18	-inf	
19	2.000000000000000e-01	6.000000000000000e-01	2.912486595851538e-03	5.622218402705958e-03	1.502173234364587e-18	1.818989403545857e-18	2.957834693272139e+05	3.917737101492124e+04	8.534704998557496e-03	4.124962617090902e+04	9.817093323667999e+03	1.297907971773948e+04	9.982766714329087e-20	-inf	
20	4.000000000000001e-01	6.000000000000002e-01	2.912486595851538e-03	5.622218402705958e-03	0.000000000000000e+00	0.000000000000000e+00	2.957834693272139e+05	3.917737101492124e+04	8.534704998557496e-03	4.124962617090902e+04	9.817093323667999e+03	1.297907971773948e+04	0.000000000000000e+00	-inf	
21	6.000000000000000e-01	6.000000000000001e-01	2.912486595851538e-03	5.622218402705958e-03	-1.502173234364549e-18	2.273736754432320e-18	2.957834693272139e+05	3.917737101492124e+04	8.534704998557496e-03	4.124962617090902e+04	9.817093323667999e+03	1.297907971773948e+04	1.153182302729366e-19	-inf	
22	8.000000000000000e-01	6.000000000000001e-01	2.912486595851538e-03	5.622218402705958e-03	-1.364242052659393e-18	-9.094947017729286e-19	2.957834693272139e+05	3.917737101492124e+04	8.534704998557496e-03	4.124962617090902e+04	9.817093323667999e+03	1.297907971773948e+04	6.938259818502139e-20	-inf	
23	1.000000000000000e+00	6.000000000000001e-01	2.912486595851538e-03	5.622218402705958e-03	7.275957614183415e-17	-9.094947017729280e-19	2.957834693272139e+05	3.917737101492124e+04	8.534704998557496e-03	4.124962617090902e+04	9.817093323667999e+03	1.297907971773948e+04	3.079163797712582e-18	-inf	
24	0.000000000000000e+00	8.000000000000000e-01	2.912486595851538e-03	5.622218402705958e-03	2.728484105318784e-18	0.000000000000000e+00	2.957834693272139e+05	3.917737101492124e+04	8.534704998557496e-03	4.124962617090902e+04	9.817093323667999e+03	1.297907971773948e+04	1.154596224835427e-19	-inf	
25	2.000000000000000e-01	8.000000000000000e-01	2.912486595851538e-03	5.622218402705958e-03	2.273736754432320e-18	3.183231456205244e-17	2.957834693272139e+05	3.917737101492124e+04	8.534704998557496e-03	4.124962617090902e+04	9.817093323667999e+03	1.297907971773948e+04	1.350460855375013e-18	-inf	
26	3.999999999999999e-01	8.000000000000000e-01	2.912486595851538e-03	5.622218402705958e-03	-9.094947017729284e-19	0.000000000000000e+00	2.957834693272139e+05	3.917737101492124e+04	8.534704998557496e-03	4.124962617090902e+04	9.817093323667999e+03	1.297907971773948e+04	3.848654082784759e-20	-inf	
27	6.000000000000000e-01	8.000000000000000e-01	2.912486595851538e-03	5.622218402705958e-03	0.000000000000000e+00	-2.273736754432318e-17	2.957834693272139e+05	3.917737101492124e+04	8.534704998557496e-03	4.124962617090902e+04	9.817093323667999e+03	1.297907971773948e+04	9.621635206961883e-19	-inf	
28	8.000000000000000e-01	8.000000000000000e-01	2.912486595851538e-03	5.622218402705958e-03	0.000000000000000e+00	0.000000000000000e+00	2.957834693272139e+05	3.917737101492124e+04	8.534704998557496e-03	4.124962617090902e+04	9.817093323667999e+03	1.297907971773948e+04	0.000000000000000e+00	-inf	
29	1.000000000000000e+00	8.000000000000000e-01	2.912486595851538e-03	5.622218402705958e-03	-7.548806024715291e-17	-9.094947017729276e-19	2.957834693272139e+05	3.917737101492124e+04	8.534704998557496e-03	4.124962617090902e+04	9.817093323667999e+03	1.297907971773948e+04	3.194614726929794e-18	-inf	
30	0.000000000000000e+00	1.000000000000000e+00	2.912486595851538e-03	5.622218402705958e-03	1.818989403545857e-18	1.818989403545857e-18	2.957834693272139e+05	3.917737101492124e+04	8.534704998557496e-03	4.124962617090902e+04	9.817093323667999e+03	1.297907971773948e+04	1.088563760151358e-19	-inf	
31	2.000000000000000e-01	1.000000000000000e+00	2.912486595851538e-03	5.622218402705958e-03	0.000000000000000e+00	0.000000000000000e+00	2.957834693272139e+05	3.917737101492124e+04	8.534704998557496e-03	4.124962617090902e+04	9.817093323667999e+03	1.297907971773948e+04	0.000000000000000e+00	-inf	
32	3.999999999999999e-01	1.000000000000000e+00	2.912486595851538e-03	5.622218402705958e-03	0.000000000000000e+00	0.000000000000000e+00	2.957834693272139e+05	3.917737101492124e+04	8.534704998557496e-03	4.124962617090902e+04	9.817093323667999e+03	1.297907971773948e+04	0.000000000000000e+00	-inf	
33	6.000000000000000e-01	1.000000000000000e+00	2.912486595851538e-03	5.622218402705958e-03	0.000000000000000e+00	-7.275957614183414e-17	2.957834693272139e+05	3.917737101492124e+04	8.534704998557496e-03	4.124962617090902e+04	9.817093323667999e+03	1.297907971773948e+04	3.078923266227801e-18	-inf	
34	8.000000000000000e-01	1.000000000000000e+00	2.912486595851538e-03	5.622218402705958e-03	0.000000000000000e+00	-2.819433575496080e-17	2.957834693272139e+05	3.917737101492124e+04	8.534704998557496e-03	4.124962617090902e+04	9.817093323667999e+03	1.297907971773948e+04	1.193082765663276e-18	-inf	
35	1.000000000000000e+00	1.000000000000000e+00	2.912486595851538e-03	5.622218402705958e-03	1.818989403545856e-18	1.909938873723150e-17	2.957834693272139e+05	3.917737101492124e+04	8.534704998557496e-03	4.124962617090902e+04	9.817093323667999e+03	1.297907971773948e+04	8.118744681769729e-19	-inf	
EXT_ITER= 345
AOA= 0.000000000000000e+00
SIDESLIP_ANGLE= 0.000000000000000e+00
INITIAL_BCTHRUST= 4.000000000000000e+03
DCD_DCL_VALUE= 0.000000000000000e+00
DCMX_DCL_VALUE= 0.000000000000000e+00
DCMY_DCL_VALUE= 0.000000000000000e+00
DCMZ_DCL_VALUE= 0.000000000000000e+00
