"PointID"	"x"	"y"	"Density[0]"	"Density[1]"	"Momentum_x"	"Momentum_y"	"Energy"	"Electronic_Energy"	"Total_Density"	"Pressure"	"Temperature"	"Tve"	"Mach"	"C<sub>p</sub>"
0	0.000000000000000e+00	0.000000000000000e+00	2.015939372903051e-03	6.518765625654427e-03	0.000000000000000e+00	0.000000000000000e+00	2.957834693272139e+05	1.669279530372696e+04	8.534704998557477e-03	3.838875660961089e+04	8.592097390680039e+03	8.816325483372500e+03	0.000000000000000e+00	-inf	
1	2.000000000000000e-01	0.000000000000000e+00	2.015939372903051e-03	6.518765625654427e-03	0.000000000000000e+00	1.027274265652511e-15	2.957834693272139e+05	1.669279530372696e+04	8.534704998557477e-03	3.838875660961089e+04	8.592097390680039e+03	8.816325483372500e+03	4.469966588543922e-17	-inf	
2	4.000000000000000e-01	0.000000000000000e+00	2.015939372903051e-03	6.518765625654427e-03	0.000000000000000e+00	-7.835296855773569e-16	2.957834693272139e+05	1.669279530372696e+04	8.534704998557477e-03	3.838875660961089e+04	8.592097390680039e+03	8.816325483372500e+03	3.409363626410384e-17	-inf	
3	6.000000000000001e-01	0.000000000000000e+00	2.015939372903051e-03	6.518765625654427e-03	0.000000000000000e+00	-4.483808879740611e-16	2.957834693272139e+05	1.669279530372696e+04	8.534704998557477e-03	3.838875660961089e+04	8.592097390680039e+03	8.816325483372500e+03	1.951034553476949e-17	-inf	
4	8.000000000000000e-01	0.000000000000000e+00	2.015939372903051e-03	6.518765625654427e-03	1.239186531165611e-16	0.000000000000000e+00	2.957834693272139e+05	1.669279530372696e+04	8.534704998557477e-03	3.838875660961089e+04	8.592097390680039e+03	8.816325483372500e+03	5.392057969801806e-18	-inf	
5	1.000000000000000e+00	0.000000000000000e+00	2.015939372903052e-03	6.518765625654427e-03	1.737134880386267e-16	1.837179297581330e-16	2.957834693272139e+05	1.669279530372695e+04	8.534704998557479e-03	3.838875660961091e+04	8.592097390680041e+03	8.816325483372497e+03	1.100184817262033e-17	-inf	
6	0.000000000000000e+00	2.000000000000000e-01	2.015939372903051e-03	6.518765625654427e-03	0.000000000000000e+00	0.000000000000000e+00	2.957834693272139e+05	1.669279530372696e+04	8.534704998557477e-03	3.838875660961089e+04	8.592097390680039e+03	8.816325483372500e+03	0.000000000000000e+00	-inf	
7	2.000000000000000e-01	2.000000000000000e-01	2.015939372903051e-03	6.518765625654427e-03	-3.974491846747588e-16	-1.818989403545857e-18	2.957834693272139e+05	1.669279530372696e+04	8.534704998557477e-03	3.838875660961089e+04	8.592097390680039e+03	8.816325483372500e+03	1.729434135988959e-17	-inf	
8	4.000000000000000e-01	2.000000000000000e-01	2.015939372903051e-03	6.518765625654427e-03	-5.127276381244826e-16	1.257376425201068e-16	2.957834693272139e+05	1.669279530372696e+04	8.534704998557477e-03	3.838875660961089e+04	8.592097390680039e+03	8.816325483372500e+03	2.297132412574545e-17	-inf	
9	5.999999999999999e-01	2.000000000000000e-01	2.015939372903051e-03	6.518765625654427e-03	0.000000000000000e+00	3.481090971035945e-16	2.957834693272139e+05	1.669279530372696e+04	8.534704998557477e-03	3.838875660961089e+04	8.592097390680039e+03	8.816325483372500e+03	1.514723073718667e-17	-inf	
10	7.999999999999999e-01	2.000000000000000e-01	2.015939372903051e-03	6.518765625654427e-03	1.102762325899680e-16	-2.648903318913656e-16	2.957834693272139e+05	1.669279530372696e+04	8.534704998557477e-03	3.838875660961089e+04	8.592097390680039e+03	8.816325483372500e+03	1.248506917475605e-17	-inf	
11	1.000000000000000e+00	2.000000000000000e-01	2.015939372903052e-03	6.518765625654427e-03	1.805346983019255e-16	-8.617462299298416e-17	2.957834693272139e+05	1.669279530372695e+04	8.534704998557479e-03	3.838875660961091e+04	8.592097390680041e+03	8.816325483372497e+03	8.704626321162622e-18	-inf	
12	0.000000000000000e+00	3.999999999999999e-01	2.015939372903051e-03	6.518765625654427e-03	-1.115040504373610e-15	0.000000000000000e+00	2.957834693272139e+05	1.669279530372696e+04	8.534704998557477e-03	3.838875660961089e+04	8.592097390680039e+03	8.816325483372500e+03	4.851862804386817e-17	-inf	
13	2.000000000000000e-01	3.999999999999999e-01	2.015939372903051e-03	6.518765625654427e-03	3.626446599076791e-16	0.000000000000000e+00	2.957834693272139e+05	1.669279530372696e+04	8.534704998557477e-03	3.838875660961089e+04	8.592097390680039e+03	8.816325483372500e+03	1.577971499433557e-17	-inf	
14	3.999999999999999e-01	4.000000000000001e-01	2.015939372903052e-03	6.518765625654427e-03	8.684039159503709e-17	0.000000000000000e+00	2.957834693272139e+05	1.669279530372695e+04	8.534704998557479e-03	3.838875660961091e+04	8.592097390680041e+03	8.816325483372497e+03	3.778675879895845e-18	-inf	
15	6.000000000000001e-01	4.000000000000000e-01	2.015939372903052e-03	6.518765625654427e-03	-2.924025466200020e-16	-9.094947017729280e-19	2.957834693272139e+05	1.669279530372695e+04	8.534704998557479e-03	3.838875660961091e+04	8.592097390680041e+03	8.816325483372497e+03	1.272333961873952e-17	-inf	
16	8.000000000000000e-01	4.000000000000000e-01	2.015939372903051e-03	6.518765625654427e-03	-1.296029950026423e-16	0.000000000000000e+00	2.957834693272139e+05	1.669279530372696e+04	8.534704998557477e-03	3.838875660961089e+04	8.592097390680039e+03	8.816325483372500e+03	5.639400078508329e-18	-inf	
17	1.000000000000000e+00	4.000000000000000e-01	2.015939372903051e-03	6.518765625654427e-03	0.000000000000000e+00	0.000000000000000e+00	2.957834693272139e+05	1.669279530372696e+04	8.534704998557477e-03	3.838875660961089e+04	8.592097390680039e+03	8.816325483372500e+03	0.000000000000000e+00	-inf	
18	0.000000000000000e+00	6.000000000000000e-01	2.015939372903051e-03	6.518765625654427e-03	7.835296855773569e-16	1.239186531165610e-16	2.957834693272139e+05	1.669279530372696e+04	8.534704998557477e-03	3.838875660961089e+04	8.592097390680039e+03	8.816325483372500e+03	3.451739159986918e-17	-inf	
19	2.000000000000000e-01	6.000000000000000e-01	2.015939372903051e-03	6.518765625654427e-03	-1.594886212957945e-17	1.818989403545857e-18	2.957834693272139e+05	1.669279530372696e+04	8.534704998557477e-03	3.838875660961089e+04	8.592097390680039e+03	8.816325483372500e+03	6.984799561910767e-19	-inf	
20	4.000000000000001e-01	6.000000000000002e-01	2.015939372903051e-03	6.518765625654427e-03	0.000000000000000e+00	-1.257376425201070e-16	2.957834693272139e+05	1.669279530372696e+04	8.534704998557477e-03	3.838875660961089e+04	8.592097390680039e+03	8.816325483372500e+03	5.471207444587892e-18	-inf	
21	6.000000000000000e-01	6.000000000000001e-01	2.015939372903051e-03	6.518765625654427e-03	1.594886212957976e-17	-1.257376425201074e-16	2.957834693272139e+05	1.669279530372696e+04	8.534704998557477e-03	3.838875660961089e+04	8.592097390680039e+03	8.816325483372500e+03	5.515044923802155e-18	-inf	
22	8.000000000000000e-01	6.000000000000001e-01	2.015939372903051e-03	6.518765625654427e-03	1.305124897044150e-16	-9.094947017729286e-19	2.957834693272139e+05	1.669279530372696e+04	8.534704998557477e-03	3.838875660961089e+04	8.592097390680039e+03	8.816325483372500e+03	5.679112705298391e-18	-inf	
23	1.000000000000000e+00	6.000000000000001e-01	2.015939372903052e-03	6.518765625654427e-03	5.857145879417769e-16	-9.094947017729280e-19	2.957834693272139e+05	1.669279530372695e+04	8.534704998557479e-03	3.838875660961091e+04	8.592097390680041e+03	8.816325483372497e+03	2.548616160682808e-17	-inf	
24	0.000000000000000e+00	8.000000000000000e-01	2.015939372903052e-03	6.518765625654427e-03	-1.468833943363290e-16	0.000000000000000e+00	2.957834693272139e+05	1.669279530372695e+04	8.534704998557479e-03	3.838875660961091e+04	8.592097390680041e+03	8.816325483372497e+03	6.391320088976149e-18	-inf	
25	2.000000000000000e-01	8.000000000000000e-01	2.015939372903051e-03	6.518765625654427e-03	-1.257376425201074e-16	3.965396899729859e-16	2.957834693272139e+05	1.669279530372696e+04	8.534704998557477e-03	3.838875660961089e+04	8.592097390680039e+03	8.816325483372500e+03	1.810123840500037e-17	-inf	
26	3.999999999999999e-01	8.000000000000000e-01	2.015939372903051e-03	6.518765625654427e-03	-9.094947017729284e-19	0.000000000000000e+00	2.957834693272139e+05	1.669279530372696e+04	8.534704998557477e-03	3.838875660961089e+04	8.592097390680039e+03	8.816325483372500e+03	3.957473739304091e-20	-inf	
27	6.000000000000000e-01	8.000000000000000e-01	2.015939372903051e-03	6.518765625654427e-03	0.000000000000000e+00	-4.704361344920358e-16	2.957834693272139e+05	1.669279530372696e+04	8.534704998557477e-03	3.838875660961089e+04	8.592097390680039e+03	8.816325483372500e+03	2.047003291654992e-17	-inf	
28	8.000000000000000e-01	8.000000000000000e-01	2.015939372903051e-03	6.518765625654427e-03	0.000000000000000e+00	1.236912794411175e-16	2.957834693272139e+05	1.669279530372696e+04	8.534704998557477e-03	3.838875660961089e+04	8.592097390680039e+03	8.816325483372500e+03	5.382164285453532e-18	-inf	
29	1.000000000000000e+00	8.000000000000000e-01	2.015939372903051e-03	6.518765625654427e-03	-4.465618985705154e-16	-1.107309799408550e-16	2.957834693272139e+05	1.669279530372696e+04	8.534704998557477e-03	3.838875660961089e+04	8.592097390680039e+03	8.816325483372500e+03	2.001965697785044e-17	-inf	
30	0.000000000000000e+00	1.000000000000000e+00	2.015939372903051e-03	6.518765625654427e-03	1.818989403545857e-18	-2.496562956366683e-16	2.957834693272139e+05	1.669279530372696e+04	8.534704998557477e-03	3.838875660961089e+04	8.592097390680039e+03	8.816325483372500e+03	1.086355375109059e-17	-inf	
31	2.000000000000000e-01	1.000000000000000e+00	2.015939372903051e-03	6.518765625654427e-03	0.000000000000000e+00	0.000000000000000e+00	2.957834693272139e+05	1.669279530372696e+04	8.534704998557477e-03	3.838875660961089e+04	8.592097390680039e+03	8.816325483372500e+03	0.000000000000000e+00	-inf	
32	3.999999999999999e-01	1.000000000000000e+00	2.015939372903051e-03	6.518765625654427e-03	0.000000000000000e+00	0.000000000000000e+00	2.957834693272139e+05	1.669279530372696e+04	8.534704998557477e-03	3.838875660961089e+04	8.592097390680039e+03	8.816325483372500e+03	0.000000000000000e+00	-inf	
33	6.000000000000000e-01	1.000000000000000e+00	2.015939372903051e-03	6.518765625654427e-03	1.318767317570741e-16	-2.874003257602494e-16	2.957834693272139e+05	1.669279530372696e+04	8.534704998557477e-03	3.838875660961089e+04	8.592097390680039e+03	8.816325483372500e+03	1.375932293342164e-17	-inf	
34	8.000000000000000e-01	1.000000000000000e+00	2.015939372903052e-03	6.518765625654427e-03	0.000000000000000e+00	3.815330273937388e-16	2.957834693272139e+05	1.669279530372695e+04	8.534704998557479e-03	3.838875660961091e+04	8.592097390680041e+03	8.816325483372497e+03	1.660160233638045e-17	-inf	
35	1.000000000000000e+00	1.000000000000000e+00	2.015939372903051e-03	6.518765625654427e-03	-2.619344741106023e-16	-1.959961082320678e-16	2.957834693272139e+05	1.669279530372696e+04	8.534704998557477e-03	3.838875660961089e+04	8.592097390680039e+03	8.816325483372500e+03	1.423504184199496e-17	-inf	
EXT_ITER= 5001
AOA= 0.000000000000000e+00
SIDESLIP_ANGLE= 0.000000000000000e+00
INITIAL_BCTHRUST= 4.000000000000000e+03
DCD_DCL_VALUE= 0.000000000000000e+00
DCMX_DCL_VALUE= 0.000000000000000e+00
DCMY_DCL_VALUE= 0.000000000000000e+00
DCMZ_DCL_VALUE= 0.000000000000000e+00
