"PointID"	"x"	"y"	"Density[0]"	"Density[1]"	"Momentum_x"	"Momentum_y"	"Energy"	"Electronic_Energy"	"Total_Density"	"Pressure"	"Temperature"	"Tve"	"Mach"	"C<sub>p</sub>"
0	0.000000000000000e+00	0.000000000000000e+00	2.684907868379140e-03	5.849797130178351e-03	0.000000000000000e+00	0.000000000000000e+00	2.957834693272139e+05	3.412123466583183e+04	8.534704998557491e-03	4.018069782211399e+04	9.411404176477554e+03	1.210350342353306e+04	0.000000000000000e+00	-inf	
1	2.000000000000000e-01	0.000000000000000e+00	2.684907868379140e-03	5.849797130178351e-03	0.000000000000000e+00	1.191438059322536e-16	2.957834693272139e+05	3.412123466583183e+04	8.534704998557491e-03	4.018069782211399e+04	9.411404176477554e+03	1.210350342353306e+04	5.097716294525434e-18	-inf	
2	4.000000000000000e-01	0.000000000000000e+00	2.684907868379140e-03	5.849797130178351e-03	0.000000000000000e+00	-9.367795428261143e-17	2.957834693272139e+05	3.412123466583183e+04	8.534704998557491e-03	4.018069782211399e+04	9.411404176477554e+03	1.210350342353306e+04	4.008128078901670e-18	-inf	
3	6.000000000000001e-01	0.000000000000000e+00	2.684907868379140e-03	5.849797130178351e-03	0.000000000000000e+00	-9.003997547551973e-17	2.957834693272139e+05	3.412123466583183e+04	8.534704998557491e-03	4.018069782211399e+04	9.411404176477554e+03	1.210350342353306e+04	3.852472619526848e-18	-inf	
4	8.000000000000000e-01	0.000000000000000e+00	2.684907868379140e-03	5.849797130178351e-03	8.185452315956361e-17	0.000000000000000e+00	2.957834693272139e+05	3.412123466583183e+04	8.534704998557491e-03	4.018069782211399e+04	9.411404176477554e+03	1.210350342353306e+04	3.502247835933508e-18	-inf	
5	1.000000000000000e+00	0.000000000000000e+00	2.684907868379141e-03	5.849797130178352e-03	1.582520781084895e-16	5.456968210637570e-18	2.957834693272139e+05	3.412123466583183e+04	8.534704998557492e-03	4.018069782211397e+04	9.411404176477548e+03	1.210350342353306e+04	6.775036859078536e-18	-inf	
6	0.000000000000000e+00	2.000000000000000e-01	2.684907868379140e-03	5.849797130178351e-03	0.000000000000000e+00	0.000000000000000e+00	2.957834693272139e+05	3.412123466583183e+04	8.534704998557491e-03	4.018069782211399e+04	9.411404176477554e+03	1.210350342353306e+04	0.000000000000000e+00	-inf	
7	2.000000000000000e-01	2.000000000000000e-01	2.684907868379140e-03	5.849797130178351e-03	-5.888978193979708e-17	-1.818989403545857e-18	2.957834693272139e+05	3.412123466583183e+04	8.534704998557491e-03	4.018069782211399e+04	9.411404176477554e+03	1.210350342353306e+04	2.520874434734234e-18	-inf	
8	4.000000000000000e-01	2.000000000000000e-01	2.684907868379140e-03	5.849797130178351e-03	-5.866240826435383e-17	8.367351256310941e-17	2.957834693272139e+05	3.412123466583183e+04	8.534704998557491e-03	4.018069782211399e+04	9.411404176477554e+03	1.210350342353306e+04	4.372271875856281e-18	-inf	
9	5.999999999999999e-01	2.000000000000000e-01	2.684907868379140e-03	5.849797130178351e-03	0.000000000000000e+00	1.225544110639020e-16	2.957834693272139e+05	3.412123466583183e+04	8.534704998557491e-03	4.018069782211399e+04	9.411404176477554e+03	1.210350342353306e+04	5.243643287689326e-18	-inf	
10	7.999999999999999e-01	2.000000000000000e-01	2.684907868379140e-03	5.849797130178351e-03	8.139977580867711e-17	-4.729372449219218e-17	2.957834693272139e+05	3.412123466583183e+04	8.534704998557491e-03	4.018069782211399e+04	9.411404176477554e+03	1.210350342353306e+04	4.027960973146600e-18	-inf	
11	1.000000000000000e+00	2.000000000000000e-01	2.684907868379141e-03	5.849797130178352e-03	1.627995516173540e-16	-8.003553375601761e-17	2.957834693272139e+05	3.412123466583183e+04	8.534704998557492e-03	4.018069782211397e+04	9.411404176477548e+03	1.210350342353306e+04	7.761828584450731e-18	-inf	
12	0.000000000000000e+00	3.999999999999999e-01	2.684907868379140e-03	5.849797130178351e-03	-1.559783413540581e-16	0.000000000000000e+00	2.957834693272139e+05	3.412123466583183e+04	8.534704998557491e-03	4.018069782211399e+04	9.411404176477554e+03	1.210350342353306e+04	6.673727820695550e-18	-inf	
13	2.000000000000000e-01	3.999999999999999e-01	2.684907868379140e-03	5.849797130178351e-03	1.459073454536163e-16	0.000000000000000e+00	2.957834693272139e+05	3.412123466583183e+04	8.534704998557491e-03	4.018069782211399e+04	9.411404176477554e+03	1.210350342353306e+04	6.242827703798386e-18	-inf	
14	3.999999999999999e-01	4.000000000000001e-01	2.684907868379141e-03	5.849797130178352e-03	6.200645921506351e-17	0.000000000000000e+00	2.957834693272139e+05	3.412123466583183e+04	8.534704998557492e-03	4.018069782211397e+04	9.411404176477548e+03	1.210350342353306e+04	2.653023671966539e-18	-inf	
15	6.000000000000001e-01	4.000000000000000e-01	2.684907868379141e-03	5.849797130178352e-03	-1.216449163621291e-16	-9.094947017729280e-19	2.957834693272139e+05	3.412123466583183e+04	8.534704998557492e-03	4.018069782211397e+04	9.411404176477548e+03	1.210350342353306e+04	5.204874893204641e-18	-inf	
16	8.000000000000000e-01	4.000000000000000e-01	2.684907868379140e-03	5.849797130178351e-03	-7.935341272968808e-17	0.000000000000000e+00	2.957834693272139e+05	3.412123466583183e+04	8.534704998557491e-03	4.018069782211399e+04	9.411404176477554e+03	1.210350342353306e+04	3.395234707613318e-18	-inf	
17	1.000000000000000e+00	4.000000000000000e-01	2.684907868379140e-03	5.849797130178351e-03	0.000000000000000e+00	0.000000000000000e+00	2.957834693272139e+05	3.412123466583183e+04	8.534704998557491e-03	4.018069782211399e+04	9.411404176477554e+03	1.210350342353306e+04	0.000000000000000e+00	-inf	
18	0.000000000000000e+00	6.000000000000000e-01	2.684907868379140e-03	5.849797130178351e-03	9.367795428261143e-17	8.185452315956358e-17	2.957834693272139e+05	3.412123466583183e+04	8.534704998557491e-03	4.018069782211399e+04	9.411404176477554e+03	1.210350342353306e+04	5.322671378281861e-18	-inf	
19	2.000000000000000e-01	6.000000000000000e-01	2.684907868379140e-03	5.849797130178351e-03	1.913254717111566e-18	1.818989403545857e-18	2.957834693272139e+05	3.412123466583183e+04	8.534704998557491e-03	4.018069782211399e+04	9.411404176477554e+03	1.210350342353306e+04	1.129529856781444e-19	-inf	
20	4.000000000000001e-01	6.000000000000002e-01	2.684907868379140e-03	5.849797130178351e-03	0.000000000000000e+00	-8.367351256310947e-17	2.957834693272139e+05	3.412123466583183e+04	8.534704998557491e-03	4.018069782211399e+04	9.411404176477554e+03	1.210350342353306e+04	3.580075565620919e-18	-inf	
21	6.000000000000000e-01	6.000000000000001e-01	2.684907868379140e-03	5.849797130178351e-03	-1.913254717111561e-18	-7.935341272968801e-17	2.957834693272139e+05	3.412123466583183e+04	8.534704998557491e-03	4.018069782211399e+04	9.411404176477554e+03	1.210350342353306e+04	3.396221421116030e-18	-inf	
22	8.000000000000000e-01	6.000000000000001e-01	2.684907868379140e-03	5.849797130178351e-03	8.026290743146095e-17	-9.094947017729286e-19	2.957834693272139e+05	3.412123466583183e+04	8.534704998557491e-03	4.018069782211399e+04	9.411404176477554e+03	1.210350342353306e+04	3.434369040535055e-18	-inf	
23	1.000000000000000e+00	6.000000000000001e-01	2.684907868379141e-03	5.849797130178352e-03	2.441993274260312e-16	-9.094947017729280e-19	2.957834693272139e+05	3.412123466583183e+04	8.534704998557492e-03	4.018069782211397e+04	9.411404176477548e+03	1.210350342353306e+04	1.044844517558132e-17	-inf	
24	0.000000000000000e+00	8.000000000000000e-01	2.684907868379141e-03	5.849797130178352e-03	-1.559783413540572e-16	0.000000000000000e+00	2.957834693272139e+05	3.412123466583183e+04	8.534704998557492e-03	4.018069782211397e+04	9.411404176477548e+03	1.210350342353306e+04	6.673727820695515e-18	-inf	
25	2.000000000000000e-01	8.000000000000000e-01	2.684907868379140e-03	5.849797130178351e-03	-7.935341272968799e-17	5.798028723802412e-17	2.957834693272139e+05	3.412123466583183e+04	8.534704998557491e-03	4.018069782211399e+04	9.411404176477554e+03	1.210350342353306e+04	4.204971267353247e-18	-inf	
26	3.999999999999999e-01	8.000000000000000e-01	2.684907868379140e-03	5.849797130178351e-03	-9.094947017729284e-19	0.000000000000000e+00	2.957834693272139e+05	3.412123466583183e+04	8.534704998557491e-03	4.018069782211399e+04	9.411404176477554e+03	1.210350342353306e+04	3.891386484370562e-20	-inf	
27	6.000000000000000e-01	8.000000000000000e-01	2.684907868379140e-03	5.849797130178351e-03	0.000000000000000e+00	-4.638422979041925e-17	2.957834693272139e+05	3.412123466583183e+04	8.534704998557491e-03	4.018069782211399e+04	9.411404176477554e+03	1.210350342353306e+04	1.984607107028982e-18	-inf	
28	8.000000000000000e-01	8.000000000000000e-01	2.684907868379140e-03	5.849797130178351e-03	0.000000000000000e+00	8.276401786133647e-17	2.957834693272139e+05	3.412123466583183e+04	8.534704998557491e-03	4.018069782211399e+04	9.411404176477554e+03	1.210350342353306e+04	3.541161700777210e-18	-inf	
29	1.000000000000000e+00	8.000000000000000e-01	2.684907868379140e-03	5.849797130178351e-03	-8.822098607197387e-17	-8.276401786133644e-17	2.957834693272139e+05	3.412123466583183e+04	8.534704998557491e-03	4.018069782211399e+04	9.411404176477554e+03	1.210350342353306e+04	5.175690314870308e-18	-inf	
30	0.000000000000000e+00	1.000000000000000e+00	2.684907868379140e-03	5.849797130178351e-03	1.818989403545857e-18	-1.655280357226731e-16	2.957834693272139e+05	3.412123466583183e+04	8.534704998557491e-03	4.018069782211399e+04	9.411404176477554e+03	1.210350342353306e+04	7.082751013533779e-18	-inf	
31	2.000000000000000e-01	1.000000000000000e+00	2.684907868379140e-03	5.849797130178351e-03	0.000000000000000e+00	0.000000000000000e+00	2.957834693272139e+05	3.412123466583183e+04	8.534704998557491e-03	4.018069782211399e+04	9.411404176477554e+03	1.210350342353306e+04	0.000000000000000e+00	-inf	
32	3.999999999999999e-01	1.000000000000000e+00	2.684907868379140e-03	5.849797130178351e-03	0.000000000000000e+00	0.000000000000000e+00	2.957834693272139e+05	3.412123466583183e+04	8.534704998557491e-03	4.018069782211399e+04	9.411404176477554e+03	1.210350342353306e+04	0.000000000000000e+00	-inf	
33	6.000000000000000e-01	1.000000000000000e+00	2.684907868379140e-03	5.849797130178351e-03	8.162714948412031e-17	-8.731149137020095e-17	2.957834693272139e+05	3.412123466583183e+04	8.534704998557491e-03	4.018069782211399e+04	9.411404176477554e+03	1.210350342353306e+04	5.114037332578152e-18	-inf	
34	8.000000000000000e-01	1.000000000000000e+00	2.684907868379141e-03	5.849797130178352e-03	0.000000000000000e+00	1.273292582482101e-16	2.957834693272139e+05	3.412123466583183e+04	8.534704998557492e-03	4.018069782211397e+04	9.411404176477548e+03	1.210350342353306e+04	5.447941078118792e-18	-inf	
35	1.000000000000000e+00	1.000000000000000e+00	2.684907868379140e-03	5.849797130178351e-03	-1.614353095646948e-16	1.091393642127516e-17	2.957834693272139e+05	3.412123466583183e+04	8.534704998557491e-03	4.018069782211399e+04	9.411404176477554e+03	1.210350342353306e+04	6.922977793667787e-18	-inf	
EXT_ITER= 587
AOA= 0.000000000000000e+00
SIDESLIP_ANGLE= 0.000000000000000e+00
INITIAL_BCTHRUST= 4.000000000000000e+03
DCD_DCL_VALUE= 0.000000000000000e+00
DCMX_DCL_VALUE= 0.000000000000000e+00
DCMY_DCL_VALUE= 0.000000000000000e+00
DCMZ_DCL_VALUE= 0.000000000000000e+00
