"PointID"	"x"	"y"	"Density[0]"	"Density[1]"	"Momentum_x"	"Momentum_y"	"Energy"	"Electronic_Energy"	"Total_Density"	"Pressure"	"Temperature"	"Tve"	"Mach"	"C<sub>p</sub>"
0	0.000000000000000e+00	0.000000000000000e+00	1.995152253753791e-03	6.539552744803691e-03	0.000000000000000e+00	0.000000000000000e+00	2.957834693272139e+05	1.633974061908125e+04	8.534704998557482e-03	3.821397857623674e+04	8.541184510925337e+03	8.745263924900966e+03	0.000000000000000e+00	-inf	
1	2.000000000000000e-01	0.000000000000000e+00	1.995152253753791e-03	6.539552744803691e-03	0.000000000000000e+00	1.102307578548788e-15	2.957834693272139e+05	1.633974061908125e+04	8.534704998557482e-03	3.821397857623674e+04	8.541184510925337e+03	8.745263924900966e+03	4.806540412452911e-17	-inf	
2	4.000000000000000e-01	0.000000000000000e+00	1.995152253753791e-03	6.539552744803691e-03	0.000000000000000e+00	-8.189999789464982e-16	2.957834693272139e+05	1.633974061908125e+04	8.534704998557482e-03	3.821397857623674e+04	8.541184510925337e+03	8.745263924900966e+03	3.571196073773701e-17	-inf	
3	6.000000000000001e-01	0.000000000000000e+00	1.995152253753791e-03	6.539552744803691e-03	0.000000000000000e+00	-5.293259164318449e-16	2.957834693272139e+05	1.633974061908125e+04	8.534704998557482e-03	3.821397857623674e+04	8.541184510925337e+03	8.745263924900966e+03	2.308091188158086e-17	-inf	
4	8.000000000000000e-01	0.000000000000000e+00	1.995152253753791e-03	6.539552744803691e-03	7.617018127348211e-17	0.000000000000000e+00	2.957834693272139e+05	1.633974061908125e+04	8.534704998557482e-03	3.821397857623674e+04	8.541184510925337e+03	8.745263924900966e+03	3.321351151344294e-18	-inf	
5	1.000000000000000e+00	0.000000000000000e+00	1.995152253753792e-03	6.539552744803691e-03	7.639755494892318e-17	1.382431946694855e-16	2.957834693272139e+05	1.633974061908125e+04	8.534704998557482e-03	3.821397857623670e+04	8.541184510925326e+03	8.745263924900966e+03	6.887246815404310e-18	-inf	
6	0.000000000000000e+00	2.000000000000000e-01	1.995152253753791e-03	6.539552744803691e-03	0.000000000000000e+00	0.000000000000000e+00	2.957834693272139e+05	1.633974061908125e+04	8.534704998557482e-03	3.821397857623674e+04	8.541184510925337e+03	8.745263924900966e+03	0.000000000000000e+00	-inf	
7	2.000000000000000e-01	2.000000000000000e-01	1.995152253753791e-03	6.539552744803691e-03	-4.167759470874319e-16	-1.818989403545857e-18	2.957834693272139e+05	1.633974061908125e+04	8.534704998557482e-03	3.821397857623674e+04	8.541184510925337e+03	8.745263924900966e+03	1.817341684583548e-17	-inf	
8	4.000000000000000e-01	2.000000000000000e-01	1.995152253753791e-03	6.539552744803691e-03	-5.502442945726209e-16	7.798917067702793e-17	2.957834693272139e+05	1.633974061908125e+04	8.534704998557482e-03	3.821397857623674e+04	8.541184510925337e+03	8.745263924900966e+03	2.423284347851961e-17	-inf	
9	5.999999999999999e-01	2.000000000000000e-01	1.995152253753791e-03	6.539552744803691e-03	0.000000000000000e+00	3.410605131648565e-16	2.957834693272139e+05	1.633974061908125e+04	8.534704998557482e-03	3.821397857623674e+04	8.541184510925337e+03	8.745263924900966e+03	1.487172157318390e-17	-inf	
10	7.999999999999999e-01	2.000000000000000e-01	1.995152253753791e-03	6.539552744803691e-03	6.207301339600270e-17	-2.826254785759363e-16	2.957834693272139e+05	1.633974061908125e+04	8.534704998557482e-03	3.821397857623674e+04	8.541184510925337e+03	8.745263924900966e+03	1.261743050426133e-17	-inf	
11	1.000000000000000e+00	2.000000000000000e-01	1.995152253753792e-03	6.539552744803691e-03	8.685674401931395e-17	-3.751665644813245e-17	2.957834693272139e+05	1.633974061908125e+04	8.534704998557482e-03	3.821397857623670e+04	8.541184510925326e+03	8.745263924900966e+03	4.125532196697903e-18	-inf	
12	0.000000000000000e+00	3.999999999999999e-01	1.995152253753791e-03	6.539552744803691e-03	-1.203261490445596e-15	0.000000000000000e+00	2.957834693272139e+05	1.633974061908125e+04	8.534704998557482e-03	3.821397857623674e+04	8.541184510925337e+03	8.745263924900966e+03	5.246743371019202e-17	-inf	
13	2.000000000000000e-01	3.999999999999999e-01	1.995152253753791e-03	6.539552744803691e-03	3.467384932272074e-16	0.000000000000000e+00	2.957834693272139e+05	1.633974061908125e+04	8.534704998557482e-03	3.821397857623674e+04	8.541184510925337e+03	8.745263924900966e+03	1.511930619622279e-17	-inf	
14	3.999999999999999e-01	4.000000000000001e-01	1.995152253753792e-03	6.539552744803691e-03	4.683261531758292e-17	0.000000000000000e+00	2.957834693272139e+05	1.633974061908125e+04	8.534704998557482e-03	3.821397857623670e+04	8.541184510925326e+03	8.745263924900966e+03	2.042105692870011e-18	-inf	
15	6.000000000000001e-01	4.000000000000000e-01	1.995152253753792e-03	6.539552744803691e-03	-2.869455784093664e-16	-9.094947017729280e-19	2.957834693272139e+05	1.633974061908125e+04	8.534704998557482e-03	3.821397857623670e+04	8.541184510925326e+03	8.745263924900966e+03	1.251213793273942e-17	-inf	
16	8.000000000000000e-01	4.000000000000000e-01	1.995152253753791e-03	6.539552744803691e-03	-8.640199666842813e-17	0.000000000000000e+00	2.957834693272139e+05	1.633974061908125e+04	8.534704998557482e-03	3.821397857623674e+04	8.541184510925337e+03	8.745263924900966e+03	3.767502798539825e-18	-inf	
17	1.000000000000000e+00	4.000000000000000e-01	1.995152253753791e-03	6.539552744803691e-03	0.000000000000000e+00	0.000000000000000e+00	2.957834693272139e+05	1.633974061908125e+04	8.534704998557482e-03	3.821397857623674e+04	8.541184510925337e+03	8.745263924900966e+03	0.000000000000000e+00	-inf	
18	0.000000000000000e+00	6.000000000000000e-01	1.995152253753791e-03	6.539552744803691e-03	8.189999789464982e-16	7.617018127348205e-17	2.957834693272139e+05	1.633974061908125e+04	8.534704998557482e-03	3.821397857623674e+04	8.541184510925337e+03	8.745263924900966e+03	3.586607747167518e-17	-inf	
19	2.000000000000000e-01	6.000000000000000e-01	1.995152253753791e-03	6.539552744803691e-03	-4.674709983303114e-19	1.818989403545857e-18	2.957834693272139e+05	1.633974061908125e+04	8.534704998557482e-03	3.821397857623674e+04	8.541184510925337e+03	8.745263924900966e+03	8.189323428981645e-20	-inf	
20	4.000000000000001e-01	6.000000000000002e-01	1.995152253753791e-03	6.539552744803691e-03	0.000000000000000e+00	-7.798917067702808e-17	2.957834693272139e+05	1.633974061908125e+04	8.534704998557482e-03	3.821397857623674e+04	8.541184510925337e+03	8.745263924900966e+03	3.400666999734611e-18	-inf	
21	6.000000000000000e-01	6.000000000000001e-01	1.995152253753791e-03	6.539552744803691e-03	4.674709983306607e-19	-7.821654435247183e-17	2.957834693272139e+05	1.633974061908125e+04	8.534704998557482e-03	3.821397857623674e+04	8.541184510925337e+03	8.745263924900966e+03	3.410642393315286e-18	-inf	
22	8.000000000000000e-01	6.000000000000001e-01	1.995152253753791e-03	6.539552744803691e-03	8.731149137020084e-17	-9.094947017729286e-19	2.957834693272139e+05	1.633974061908125e+04	8.534704998557482e-03	3.821397857623674e+04	8.541184510925337e+03	8.745263924900966e+03	3.807367268820719e-18	-inf	
23	1.000000000000000e+00	6.000000000000001e-01	1.995152253753792e-03	6.539552744803691e-03	5.748006515205057e-16	-9.094947017729280e-19	2.957834693272139e+05	1.633974061908125e+04	8.534704998557482e-03	3.821397857623670e+04	8.541184510925326e+03	8.745263924900966e+03	2.506383946625970e-17	-inf	
24	0.000000000000000e+00	8.000000000000000e-01	1.995152253753792e-03	6.539552744803691e-03	-6.366462912410601e-17	0.000000000000000e+00	2.957834693272139e+05	1.633974061908125e+04	8.534704998557482e-03	3.821397857623670e+04	8.541184510925326e+03	8.745263924900966e+03	2.776054693660972e-18	-inf	
25	2.000000000000000e-01	8.000000000000000e-01	1.995152253753791e-03	6.539552744803691e-03	-7.821654435247188e-17	4.158664523856590e-16	2.957834693272139e+05	1.633974061908125e+04	8.534704998557482e-03	3.821397857623674e+04	8.541184510925337e+03	8.745263924900966e+03	1.845153113943893e-17	-inf	
26	3.999999999999999e-01	8.000000000000000e-01	1.995152253753791e-03	6.539552744803691e-03	-9.094947017729284e-19	0.000000000000000e+00	2.957834693272139e+05	1.633974061908125e+04	8.534704998557482e-03	3.821397857623674e+04	8.541184510925337e+03	8.745263924900966e+03	3.965792419515609e-20	-inf	
27	6.000000000000000e-01	8.000000000000000e-01	1.995152253753791e-03	6.539552744803691e-03	0.000000000000000e+00	-5.109086487209365e-16	2.957834693272139e+05	1.633974061908125e+04	8.534704998557482e-03	3.821397857623674e+04	8.541184510925337e+03	8.745263924900966e+03	2.227783891662867e-17	-inf	
28	8.000000000000000e-01	8.000000000000000e-01	1.995152253753791e-03	6.539552744803691e-03	0.000000000000000e+00	7.594280759803856e-17	2.957834693272139e+05	1.633974061908125e+04	8.534704998557482e-03	3.821397857623674e+04	8.541184510925337e+03	8.745263924900966e+03	3.311436670295491e-18	-inf	
29	1.000000000000000e+00	8.000000000000000e-01	1.995152253753791e-03	6.539552744803691e-03	-5.275069270282992e-16	-6.298250809777618e-17	2.957834693272139e+05	1.633974061908125e+04	8.534704998557482e-03	3.821397857623674e+04	8.541184510925337e+03	8.745263924900966e+03	2.316496590886312e-17	-inf	
30	0.000000000000000e+00	1.000000000000000e+00	1.995152253753791e-03	6.539552744803691e-03	1.818989403545857e-18	-1.541593519505104e-16	2.957834693272139e+05	1.633974061908125e+04	8.534704998557482e-03	3.821397857623674e+04	8.541184510925337e+03	8.745263924900966e+03	6.722486074901177e-18	-inf	
31	2.000000000000000e-01	1.000000000000000e+00	1.995152253753791e-03	6.539552744803691e-03	0.000000000000000e+00	0.000000000000000e+00	2.957834693272139e+05	1.633974061908125e+04	8.534704998557482e-03	3.821397857623674e+04	8.541184510925337e+03	8.745263924900966e+03	0.000000000000000e+00	-inf	
32	3.999999999999999e-01	1.000000000000000e+00	1.995152253753791e-03	6.539552744803691e-03	0.000000000000000e+00	0.000000000000000e+00	2.957834693272139e+05	1.633974061908125e+04	8.534704998557482e-03	3.821397857623674e+04	8.541184510925337e+03	8.745263924900966e+03	0.000000000000000e+00	-inf	
33	6.000000000000000e-01	1.000000000000000e+00	1.995152253753791e-03	6.539552744803691e-03	8.867573342286005e-17	-3.228706191293944e-16	2.957834693272139e+05	1.633974061908125e+04	8.534704998557482e-03	3.821397857623674e+04	8.541184510925337e+03	8.745263924900966e+03	1.459989391712331e-17	-inf	
34	8.000000000000000e-01	1.000000000000000e+00	1.995152253753792e-03	6.539552744803691e-03	0.000000000000000e+00	2.105480234604276e-16	2.957834693272139e+05	1.633974061908125e+04	8.534704998557482e-03	3.821397857623670e+04	8.541184510925326e+03	8.745263924900966e+03	9.180809451178402e-18	-inf	
35	1.000000000000000e+00	1.000000000000000e+00	1.995152253753791e-03	6.539552744803691e-03	-1.755324774421742e-16	-1.605258148629227e-16	2.957834693272139e+05	1.633974061908125e+04	8.534704998557482e-03	3.821397857623674e+04	8.541184510925337e+03	8.745263924900966e+03	1.037198780461833e-17	-inf	
EXT_ITER= 5451
AOA= 0.000000000000000e+00
SIDESLIP_ANGLE= 0.000000000000000e+00
INITIAL_BCTHRUST= 4.000000000000000e+03
DCD_DCL_VALUE= 0.000000000000000e+00
DCMX_DCL_VALUE= 0.000000000000000e+00
DCMY_DCL_VALUE= 0.000000000000000e+00
DCMZ_DCL_VALUE= 0.000000000000000e+00
