"PointID"	"x"	"y"	"Density[0]"	"Density[1]"	"Momentum_x"	"Momentum_y"	"Energy"	"Electronic_Energy"	"Total_Density"	"Pressure"	"Temperature"	"Tve"	"Mach"	"C<sub>p</sub>"
0	0.000000000000000e+00	0.000000000000000e+00	2.092725489965019e-03	6.441979508592459e-03	0.000000000000000e+00	0.000000000000000e+00	2.957834693272139e+05	1.808766583608434e+04	8.534704998557479e-03	3.897526719176640e+04	8.768094151869243e+03	9.094381540394006e+03	0.000000000000000e+00	-inf	
1	2.000000000000000e-01	0.000000000000000e+00	2.092725489965019e-03	6.441979508592459e-03	0.000000000000000e+00	8.012648322619275e-16	2.957834693272139e+05	1.808766583608434e+04	8.534704998557479e-03	3.897526719176640e+04	8.768094151869243e+03	9.094381540394006e+03	3.462532978508302e-17	-inf	
2	4.000000000000000e-01	0.000000000000000e+00	2.092725489965019e-03	6.441979508592459e-03	0.000000000000000e+00	-6.630216375924541e-16	2.957834693272139e+05	1.808766583608434e+04	8.534704998557479e-03	3.897526719176640e+04	8.768094151869243e+03	9.094381540394006e+03	2.865137958379774e-17	-inf	
3	6.000000000000001e-01	0.000000000000000e+00	2.092725489965019e-03	6.441979508592459e-03	0.000000000000000e+00	-2.037268131971379e-16	2.957834693272139e+05	1.808766583608434e+04	8.534704998557479e-03	3.897526719176640e+04	8.768094151869243e+03	9.094381540394006e+03	8.803716086105433e-18	-inf	
4	8.000000000000000e-01	0.000000000000000e+00	2.092725489965019e-03	6.441979508592459e-03	1.575699570821591e-16	0.000000000000000e+00	2.957834693272139e+05	1.808766583608434e+04	8.534704998557479e-03	3.897526719176640e+04	8.768094151869243e+03	9.094381540394006e+03	6.809124160347072e-18	-inf	
5	1.000000000000000e+00	0.000000000000000e+00	2.092725489965019e-03	6.441979508592459e-03	2.596607373561685e-16	3.774403012357714e-16	2.957834693272139e+05	1.808766583608434e+04	8.534704998557479e-03	3.897526719176640e+04	8.768094151869243e+03	9.094381540394004e+03	1.979741161796877e-17	-inf	
6	0.000000000000000e+00	2.000000000000000e-01	2.092725489965019e-03	6.441979508592459e-03	0.000000000000000e+00	0.000000000000000e+00	2.957834693272139e+05	1.808766583608434e+04	8.534704998557479e-03	3.897526719176640e+04	8.768094151869243e+03	9.094381540394006e+03	0.000000000000000e+00	-inf	
7	2.000000000000000e-01	2.000000000000000e-01	2.092725489965019e-03	6.441979508592459e-03	-3.374225343577506e-16	-1.818989403545857e-18	2.957834693272139e+05	1.808766583608434e+04	8.534704998557479e-03	3.897526719176640e+04	8.768094151869243e+03	9.094381540394006e+03	1.458136663833096e-17	-inf	
8	4.000000000000000e-01	2.000000000000000e-01	2.092725489965019e-03	6.441979508592459e-03	-3.997229214291909e-16	1.593889464857049e-16	2.957834693272139e+05	1.808766583608434e+04	8.534704998557479e-03	3.897526719176640e+04	8.768094151869243e+03	9.094381540394006e+03	1.859596361315676e-17	-inf	
9	5.999999999999999e-01	2.000000000000000e-01	2.092725489965019e-03	6.441979508592459e-03	0.000000000000000e+00	2.662545739440264e-16	2.957834693272139e+05	1.808766583608434e+04	8.534704998557479e-03	3.897526719176640e+04	8.768094151869243e+03	9.094381540394006e+03	1.150574948306855e-17	-inf	
10	7.999999999999999e-01	2.000000000000000e-01	2.092725489965019e-03	6.441979508592459e-03	1.468833943363280e-16	-2.046363078989123e-16	2.957834693272139e+05	1.808766583608434e+04	8.534704998557479e-03	3.897526719176640e+04	8.768094151869243e+03	9.094381540394006e+03	1.088519508078614e-17	-inf	
11	1.000000000000000e+00	2.000000000000000e-01	2.092725489965019e-03	6.441979508592459e-03	2.710294211283316e-16	-1.307398633798575e-16	2.957834693272139e+05	1.808766583608434e+04	8.534704998557479e-03	3.897526719176640e+04	8.768094151869243e+03	9.094381540394004e+03	1.300354382869269e-17	-inf	
12	0.000000000000000e+00	3.999999999999999e-01	2.092725489965019e-03	6.441979508592459e-03	-8.785718819126199e-16	0.000000000000000e+00	2.957834693272139e+05	1.808766583608434e+04	8.534704998557479e-03	3.897526719176640e+04	8.768094151869243e+03	9.094381540394006e+03	3.796602562132807e-17	-inf	
13	2.000000000000000e-01	3.999999999999999e-01	2.092725489965019e-03	6.441979508592459e-03	3.307772554956873e-16	0.000000000000000e+00	2.957834693272139e+05	1.808766583608434e+04	8.534704998557479e-03	3.897526719176640e+04	8.768094151869243e+03	9.094381540394006e+03	1.429399007143601e-17	-inf	
14	3.999999999999999e-01	4.000000000000001e-01	2.092725489965019e-03	6.441979508592459e-03	1.143175164737292e-16	0.000000000000000e+00	2.957834693272139e+05	1.808766583608434e+04	8.534704998557479e-03	3.897526719176640e+04	8.768094151869243e+03	9.094381540394004e+03	4.940041729949032e-18	-inf	
15	6.000000000000001e-01	4.000000000000000e-01	2.092725489965019e-03	6.441979508592459e-03	-2.164597390219586e-16	-9.094947017729280e-19	2.957834693272139e+05	1.808766583608434e+04	8.534704998557479e-03	3.897526719176640e+04	8.768094151869243e+03	9.094381540394004e+03	9.354030908988043e-18	-inf	
16	8.000000000000000e-01	4.000000000000000e-01	2.092725489965019e-03	6.441979508592459e-03	-1.627995516173537e-16	0.000000000000000e+00	2.957834693272139e+05	1.808766583608434e+04	8.534704998557479e-03	3.897526719176640e+04	8.768094151869243e+03	9.094381540394006e+03	7.035112408093093e-18	-inf	
17	1.000000000000000e+00	4.000000000000000e-01	2.092725489965019e-03	6.441979508592459e-03	0.000000000000000e+00	0.000000000000000e+00	2.957834693272139e+05	1.808766583608434e+04	8.534704998557479e-03	3.897526719176640e+04	8.768094151869243e+03	9.094381540394006e+03	0.000000000000000e+00	-inf	
18	0.000000000000000e+00	6.000000000000000e-01	2.092725489965019e-03	6.441979508592459e-03	6.630216375924541e-16	1.575699570821590e-16	2.957834693272139e+05	1.808766583608434e+04	8.534704998557479e-03	3.897526719176640e+04	8.768094151869243e+03	9.094381540394006e+03	2.944937561113791e-17	-inf	
19	2.000000000000000e-01	6.000000000000000e-01	2.092725489965019e-03	6.441979508592459e-03	-3.966590407555348e-17	1.818989403545857e-18	2.957834693272139e+05	1.808766583608434e+04	8.534704998557479e-03	3.897526719176640e+04	8.768094151869243e+03	9.094381540394006e+03	1.715897576045828e-18	-inf	
20	4.000000000000001e-01	6.000000000000002e-01	2.092725489965019e-03	6.441979508592459e-03	0.000000000000000e+00	-1.593889464857051e-16	2.957834693272139e+05	1.808766583608434e+04	8.534704998557479e-03	3.897526719176640e+04	8.768094151869243e+03	9.094381540394006e+03	6.887728768258732e-18	-inf	
21	6.000000000000000e-01	6.000000000000001e-01	2.092725489965019e-03	6.441979508592459e-03	3.966590407555369e-17	-1.662101567490023e-16	2.957834693272139e+05	1.808766583608434e+04	8.534704998557479e-03	3.897526719176640e+04	8.768094151869243e+03	9.094381540394006e+03	7.384197673788835e-18	-inf	
22	8.000000000000000e-01	6.000000000000001e-01	2.092725489965019e-03	6.441979508592459e-03	1.637090463191264e-16	-9.094947017729286e-19	2.957834693272139e+05	1.808766583608434e+04	8.534704998557479e-03	3.897526719176640e+04	8.768094151869243e+03	9.094381540394006e+03	7.074523884273083e-18	-inf	
23	1.000000000000000e+00	6.000000000000001e-01	2.092725489965019e-03	6.441979508592459e-03	4.338289727456902e-16	-9.094947017729280e-19	2.957834693272139e+05	1.808766583608434e+04	8.534704998557479e-03	3.897526719176640e+04	8.768094151869243e+03	9.094381540394004e+03	1.874724018426817e-17	-inf	
24	0.000000000000000e+00	8.000000000000000e-01	2.092725489965019e-03	6.441979508592459e-03	-2.250999386888009e-16	0.000000000000000e+00	2.957834693272139e+05	1.808766583608434e+04	8.534704998557479e-03	3.897526719176640e+04	8.768094151869243e+03	9.094381540394004e+03	9.727320229067339e-18	-inf	
25	2.000000000000000e-01	8.000000000000000e-01	2.092725489965019e-03	6.441979508592459e-03	-1.662101567490023e-16	3.365130396559777e-16	2.957834693272139e+05	1.808766583608434e+04	8.534704998557479e-03	3.897526719176640e+04	8.768094151869243e+03	9.094381540394006e+03	1.621893099292394e-17	-inf	
26	3.999999999999999e-01	8.000000000000000e-01	2.092725489965019e-03	6.441979508592459e-03	-9.094947017729284e-19	0.000000000000000e+00	2.957834693272139e+05	1.808766583608434e+04	8.534704998557479e-03	3.897526719176640e+04	8.768094151869243e+03	9.094381540394006e+03	3.930230395582745e-20	-inf	
27	6.000000000000000e-01	8.000000000000000e-01	2.092725489965019e-03	6.441979508592459e-03	0.000000000000000e+00	-3.424247552175013e-16	2.957834693272139e+05	1.808766583608434e+04	8.534704998557479e-03	3.897526719176640e+04	8.768094151869243e+03	9.094381540394006e+03	1.479731743936876e-17	-inf	
28	8.000000000000000e-01	8.000000000000000e-01	2.092725489965019e-03	6.441979508592459e-03	0.000000000000000e+00	1.573425834067155e-16	2.957834693272139e+05	1.808766583608434e+04	8.534704998557479e-03	3.897526719176640e+04	8.768094151869243e+03	9.094381540394006e+03	6.799298584358100e-18	-inf	
29	1.000000000000000e+00	8.000000000000000e-01	2.092725489965019e-03	6.441979508592459e-03	-2.019078237935920e-16	-1.473381416872149e-16	2.957834693272139e+05	1.808766583608434e+04	8.534704998557479e-03	3.897526719176640e+04	8.768094151869243e+03	9.094381540394006e+03	1.080119986652100e-17	-inf	
30	0.000000000000000e+00	1.000000000000000e+00	2.092725489965019e-03	6.441979508592459e-03	1.818989403545857e-18	-3.169589035678643e-16	2.957834693272139e+05	1.808766583608434e+04	8.534704998557479e-03	3.897526719176640e+04	8.768094151869243e+03	9.094381540394006e+03	1.369707847799094e-17	-inf	
31	2.000000000000000e-01	1.000000000000000e+00	2.092725489965019e-03	6.441979508592459e-03	0.000000000000000e+00	0.000000000000000e+00	2.957834693272139e+05	1.808766583608434e+04	8.534704998557479e-03	3.897526719176640e+04	8.768094151869243e+03	9.094381540394006e+03	0.000000000000000e+00	-inf	
32	3.999999999999999e-01	1.000000000000000e+00	2.092725489965019e-03	6.441979508592459e-03	0.000000000000000e+00	0.000000000000000e+00	2.957834693272139e+05	1.808766583608434e+04	8.534704998557479e-03	3.897526719176640e+04	8.768094151869243e+03	9.094381540394006e+03	0.000000000000000e+00	-inf	
33	6.000000000000000e-01	1.000000000000000e+00	2.092725489965019e-03	6.441979508592459e-03	1.650732883717856e-16	-1.782609615474953e-16	2.957834693272139e+05	1.808766583608434e+04	8.534704998557479e-03	3.897526719176640e+04	8.768094151869243e+03	9.094381540394006e+03	1.049881070659914e-17	-inf	
34	8.000000000000000e-01	1.000000000000000e+00	2.092725489965019e-03	6.441979508592459e-03	0.000000000000000e+00	6.493792170658750e-16	2.957834693272139e+05	1.808766583608434e+04	8.534704998557479e-03	3.897526719176640e+04	8.768094151869243e+03	9.094381540394004e+03	2.806184502446098e-17	-inf	
35	1.000000000000000e+00	1.000000000000000e+00	2.092725489965019e-03	6.441979508592459e-03	-3.283275873400252e-16	-3.710738383233607e-16	2.957834693272139e+05	1.808766583608434e+04	8.534704998557479e-03	3.897526719176640e+04	8.768094151869243e+03	9.094381540394006e+03	2.141110018883853e-17	-inf	
EXT_ITER= 3678
AOA= 0.000000000000000e+00
SIDESLIP_ANGLE= 0.000000000000000e+00
INITIAL_BCTHRUST= 4.000000000000000e+03
DCD_DCL_VALUE= 0.000000000000000e+00
DCMX_DCL_VALUE= 0.000000000000000e+00
DCMY_DCL_VALUE= 0.000000000000000e+00
DCMZ_DCL_VALUE= 0.000000000000000e+00
