"PointID"	"x"	"y"	"Density[0]"	"Density[1]"	"Momentum_x"	"Momentum_y"	"Energy"	"Electronic_Energy"	"Total_Density"	"Pressure"	"Temperature"	"Tve"	"Mach"	"C<sub>p</sub>"
0	0.000000000000000e+00	0.000000000000000e+00	2.140101690950314e-03	6.394603307607169e-03	0.000000000000000e+00	0.000000000000000e+00	2.957834693272139e+05	1.904637321944577e+04	8.534704998557484e-03	3.927466630782969e+04	8.863486788954679e+03	9.283441221266308e+03	0.000000000000000e+00	-inf	
1	2.000000000000000e-01	0.000000000000000e+00	2.140101690950314e-03	6.394603307607169e-03	0.000000000000000e+00	6.857590051367754e-16	2.957834693272139e+05	1.904637321944577e+04	8.534704998557484e-03	3.927466630782969e+04	8.863486788954679e+03	9.283441221266308e+03	2.953308229532549e-17	-inf	
2	4.000000000000000e-01	0.000000000000000e+00	2.140101690950314e-03	6.394603307607169e-03	0.000000000000000e+00	-5.520632839761662e-16	2.957834693272139e+05	1.904637321944577e+04	8.534704998557484e-03	3.927466630782969e+04	8.863486788954679e+03	9.283441221266308e+03	2.377530630406215e-17	-inf	
3	6.000000000000001e-01	0.000000000000000e+00	2.140101690950314e-03	6.394603307607169e-03	0.000000000000000e+00	-1.505213731434203e-16	2.957834693272139e+05	1.904637321944577e+04	8.534704998557484e-03	3.927466630782969e+04	8.863486788954679e+03	9.283441221266308e+03	6.482394058191619e-18	-inf	
4	8.000000000000000e-01	0.000000000000000e+00	2.140101690950314e-03	6.394603307607169e-03	1.250555214937768e-16	0.000000000000000e+00	2.957834693272139e+05	1.904637321944577e+04	8.534704998557484e-03	3.927466630782969e+04	8.863486788954679e+03	9.283441221266308e+03	5.385674821760347e-18	-inf	
5	1.000000000000000e+00	0.000000000000000e+00	2.140101690950314e-03	6.394603307607169e-03	1.959961082320639e-16	2.705746737774498e-16	2.957834693272139e+05	1.904637321944577e+04	8.534704998557484e-03	3.927466630782970e+04	8.863486788954679e+03	9.283441221266308e+03	1.438859015313490e-17	-inf	
6	0.000000000000000e+00	2.000000000000000e-01	2.140101690950314e-03	6.394603307607169e-03	0.000000000000000e+00	0.000000000000000e+00	2.957834693272139e+05	1.904637321944577e+04	8.534704998557484e-03	3.927466630782969e+04	8.863486788954679e+03	9.283441221266308e+03	0.000000000000000e+00	-inf	
7	2.000000000000000e-01	2.000000000000000e-01	2.140101690950314e-03	6.394603307607169e-03	-2.908109308918920e-16	-1.818989403545857e-18	2.957834693272139e+05	1.904637321944577e+04	8.534704998557484e-03	3.927466630782969e+04	8.863486788954679e+03	9.283441221266308e+03	1.252438698700966e-17	-inf	
8	4.000000000000000e-01	2.000000000000000e-01	2.140101690950314e-03	6.394603307607169e-03	-3.419700078666148e-16	1.268745108973226e-16	2.957834693272139e+05	1.904637321944577e+04	8.534704998557484e-03	3.927466630782969e+04	8.863486788954679e+03	9.283441221266308e+03	1.570830767320008e-17	-inf	
9	5.999999999999999e-01	2.000000000000000e-01	2.140101690950314e-03	6.394603307607169e-03	0.000000000000000e+00	2.066826709778982e-16	2.957834693272139e+05	1.904637321944577e+04	8.534704998557484e-03	3.927466630782969e+04	8.863486788954679e+03	9.283441221266308e+03	8.901051659963989e-18	-inf	
10	7.999999999999999e-01	2.000000000000000e-01	2.140101690950314e-03	6.394603307607169e-03	1.166426955023782e-16	-1.552962203277298e-16	2.957834693272139e+05	1.904637321944577e+04	8.534704998557484e-03	3.927466630782969e+04	8.863486788954679e+03	9.283441221266308e+03	8.364444668428702e-18	-inf	
11	1.000000000000000e+00	2.000000000000000e-01	2.140101690950314e-03	6.394603307607169e-03	1.996340870391568e-16	-9.504219633527012e-17	2.957834693272139e+05	1.904637321944577e+04	8.534704998557484e-03	3.927466630782970e+04	8.863486788954679e+03	9.283441221266308e+03	9.522105902043745e-18	-inf	
12	0.000000000000000e+00	3.999999999999999e-01	2.140101690950314e-03	6.394603307607169e-03	-7.657945388927863e-16	0.000000000000000e+00	2.957834693272139e+05	1.904637321944577e+04	8.534704998557484e-03	3.927466630782969e+04	8.863486788954679e+03	9.283441221266308e+03	3.297991418125185e-17	-inf	
13	2.000000000000000e-01	3.999999999999999e-01	2.140101690950314e-03	6.394603307607169e-03	2.714948578100758e-16	0.000000000000000e+00	2.957834693272139e+05	1.904637321944577e+04	8.534704998557484e-03	3.927466630782969e+04	8.863486788954679e+03	9.283441221266308e+03	1.169227078084588e-17	-inf	
14	3.999999999999999e-01	4.000000000000001e-01	2.140101690950314e-03	6.394603307607169e-03	7.595349692889516e-17	0.000000000000000e+00	2.957834693272139e+05	1.904637321944577e+04	8.534704998557484e-03	3.927466630782970e+04	8.863486788954679e+03	9.283441221266308e+03	3.271033786820510e-18	-inf	
15	6.000000000000001e-01	4.000000000000000e-01	2.140101690950314e-03	6.394603307607169e-03	-1.564330887049448e-16	-9.094947017729280e-19	2.957834693272139e+05	1.904637321944577e+04	8.534704998557484e-03	3.927466630782970e+04	8.863486788954679e+03	9.283441221266308e+03	6.737103456305105e-18	-inf	
16	8.000000000000000e-01	4.000000000000000e-01	2.140101690950314e-03	6.394603307607169e-03	-1.296029950026419e-16	0.000000000000000e+00	2.957834693272139e+05	1.904637321944577e+04	8.534704998557484e-03	3.927466630782969e+04	8.863486788954679e+03	9.283441221266308e+03	5.581517542551653e-18	-inf	
17	1.000000000000000e+00	4.000000000000000e-01	2.140101690950314e-03	6.394603307607169e-03	0.000000000000000e+00	0.000000000000000e+00	2.957834693272139e+05	1.904637321944577e+04	8.534704998557484e-03	3.927466630782969e+04	8.863486788954679e+03	9.283441221266308e+03	0.000000000000000e+00	-inf	
18	0.000000000000000e+00	6.000000000000000e-01	2.140101690950314e-03	6.394603307607169e-03	5.520632839761662e-16	1.250555214937767e-16	2.957834693272139e+05	1.904637321944577e+04	8.534704998557484e-03	3.927466630782969e+04	8.863486788954679e+03	9.283441221266308e+03	2.437766771325182e-17	-inf	
19	2.000000000000000e-01	6.000000000000000e-01	2.140101690950314e-03	6.394603307607169e-03	-2.135174682995042e-17	1.818989403545857e-18	2.957834693272139e+05	1.904637321944577e+04	8.534704998557484e-03	3.927466630782969e+04	8.863486788954679e+03	9.283441221266308e+03	9.228708868401933e-19	-inf	
20	4.000000000000001e-01	6.000000000000002e-01	2.140101690950314e-03	6.394603307607169e-03	0.000000000000000e+00	-1.268745108973228e-16	2.957834693272139e+05	1.904637321944577e+04	8.534704998557484e-03	3.927466630782969e+04	8.863486788954679e+03	9.283441221266308e+03	5.464011910076867e-18	-inf	
21	6.000000000000000e-01	6.000000000000001e-01	2.140101690950314e-03	6.394603307607169e-03	2.135174682995062e-17	-1.332409738097337e-16	2.957834693272139e+05	1.904637321944577e+04	8.534704998557484e-03	3.927466630782969e+04	8.863486788954679e+03	9.283441221266308e+03	5.811402428028111e-18	-inf	
22	8.000000000000000e-01	6.000000000000001e-01	2.140101690950314e-03	6.394603307607169e-03	1.305124897044146e-16	-9.094947017729286e-19	2.957834693272139e+05	1.904637321944577e+04	8.534704998557484e-03	3.927466630782969e+04	8.863486788954679e+03	9.283441221266308e+03	5.620822560816678e-18	-inf	
23	1.000000000000000e+00	6.000000000000001e-01	2.140101690950314e-03	6.394603307607169e-03	3.137756721116626e-16	-9.094947017729280e-19	2.957834693272139e+05	1.904637321944577e+04	8.534704998557484e-03	3.927466630782970e+04	8.863486788954679e+03	9.283441221266308e+03	1.351320450048567e-17	-inf	
24	0.000000000000000e+00	8.000000000000000e-01	2.140101690950314e-03	6.394603307607169e-03	-1.577973307576042e-16	0.000000000000000e+00	2.957834693272139e+05	1.904637321944577e+04	8.534704998557484e-03	3.927466630782970e+04	8.863486788954679e+03	9.283441221266308e+03	6.795742411457694e-18	-inf	
25	2.000000000000000e-01	8.000000000000000e-01	2.140101690950314e-03	6.394603307607169e-03	-1.332409738097337e-16	2.899014361901191e-16	2.957834693272139e+05	1.904637321944577e+04	8.534704998557484e-03	3.927466630782969e+04	8.863486788954679e+03	9.283441221266308e+03	1.374050240218393e-17	-inf	
26	3.999999999999999e-01	8.000000000000000e-01	2.140101690950314e-03	6.394603307607169e-03	-9.094947017729284e-19	0.000000000000000e+00	2.957834693272139e+05	1.904637321944577e+04	8.534704998557484e-03	3.927466630782969e+04	8.863486788954679e+03	9.283441221266308e+03	3.916854415825734e-20	-inf	
27	6.000000000000000e-01	8.000000000000000e-01	2.140101690950314e-03	6.394603307607169e-03	0.000000000000000e+00	-2.894466888392326e-16	2.957834693272139e+05	1.904637321944577e+04	8.534704998557484e-03	3.927466630782969e+04	8.863486788954679e+03	9.283441221266308e+03	1.246538917836532e-17	-inf	
28	8.000000000000000e-01	8.000000000000000e-01	2.140101690950314e-03	6.394603307607169e-03	0.000000000000000e+00	1.250555214937765e-16	2.957834693272139e+05	1.904637321944577e+04	8.534704998557484e-03	3.927466630782969e+04	8.863486788954679e+03	9.283441221266308e+03	5.385674821760333e-18	-inf	
29	1.000000000000000e+00	8.000000000000000e-01	2.140101690950314e-03	6.394603307607169e-03	-1.487023837398744e-16	-1.170974428532652e-16	2.957834693272139e+05	1.904637321944577e+04	8.534704998557484e-03	3.927466630782969e+04	8.863486788954679e+03	9.283441221266308e+03	8.151275420745440e-18	-inf	
30	0.000000000000000e+00	1.000000000000000e+00	2.140101690950314e-03	6.394603307607169e-03	1.818989403545857e-18	-2.519300323910998e-16	2.957834693272139e+05	1.904637321944577e+04	8.534704998557484e-03	3.927466630782969e+04	8.863486788954679e+03	9.283441221266308e+03	1.084996953352453e-17	-inf	
31	2.000000000000000e-01	1.000000000000000e+00	2.140101690950314e-03	6.394603307607169e-03	0.000000000000000e+00	0.000000000000000e+00	2.957834693272139e+05	1.904637321944577e+04	8.534704998557484e-03	3.927466630782969e+04	8.863486788954679e+03	9.283441221266308e+03	0.000000000000000e+00	-inf	
32	3.999999999999999e-01	1.000000000000000e+00	2.140101690950314e-03	6.394603307607169e-03	0.000000000000000e+00	0.000000000000000e+00	2.957834693272139e+05	1.904637321944577e+04	8.534704998557484e-03	3.927466630782969e+04	8.863486788954679e+03	9.283441221266308e+03	0.000000000000000e+00	-inf	
33	6.000000000000000e-01	1.000000000000000e+00	2.140101690950314e-03	6.394603307607169e-03	1.318767317570738e-16	-1.200533006340265e-16	2.957834693272139e+05	1.904637321944577e+04	8.534704998557484e-03	3.927466630782969e+04	8.863486788954679e+03	9.283441221266308e+03	7.680331299133677e-18	-inf	
34	8.000000000000000e-01	1.000000000000000e+00	2.140101690950314e-03	6.394603307607169e-03	0.000000000000000e+00	4.288267518859359e-16	2.957834693272139e+05	1.904637321944577e+04	8.534704998557484e-03	3.927466630782970e+04	8.863486788954679e+03	9.283441221266308e+03	1.846796857061834e-17	-inf	
35	1.000000000000000e+00	1.000000000000000e+00	2.140101690950314e-03	6.394603307607169e-03	-2.619344741106016e-16	-2.623892214614932e-16	2.957834693272139e+05	1.904637321944577e+04	8.534704998557484e-03	3.927466630782969e+04	8.863486788954679e+03	9.283441221266308e+03	1.596694785056979e-17	-inf	
EXT_ITER= 3069
AOA= 0.000000000000000e+00
SIDESLIP_ANGLE= 0.000000000000000e+00
INITIAL_BCTHRUST= 4.000000000000000e+03
DCD_DCL_VALUE= 0.000000000000000e+00
DCMX_DCL_VALUE= 0.000000000000000e+00
DCMY_DCL_VALUE= 0.000000000000000e+00
DCMZ_DCL_VALUE= 0.000000000000000e+00
