"PointID"	"x"	"y"	"Density[0]"	"Density[1]"	"Momentum_x"	"Momentum_y"	"Energy"	"Electronic_Energy"	"Total_Density"	"Pressure"	"Temperature"	"Tve"	"Mach"	"C<sub>p</sub>"
0	0.000000000000000e+00	0.000000000000000e+00	1.957162046750159e-03	6.577542951807327e-03	0.000000000000000e+00	0.000000000000000e+00	2.957834693272139e+05	1.571321640465663e+04	8.534704998557486e-03	3.788194812134731e+04	8.445687716442457e+03	8.618699783748260e+03	0.000000000000000e+00	-inf	
1	2.000000000000000e-01	0.000000000000000e+00	1.957162046750159e-03	6.577542951807327e-03	0.000000000000000e+00	1.193257048726093e-15	2.957834693272139e+05	1.571321640465663e+04	8.534704998557486e-03	3.788194812134731e+04	8.445687716442457e+03	8.618699783748260e+03	5.224139096907047e-17	-inf	
2	4.000000000000000e-01	0.000000000000000e+00	1.957162046750159e-03	6.577542951807327e-03	0.000000000000000e+00	-9.081304597202419e-16	2.957834693272139e+05	1.571321640465663e+04	8.534704998557486e-03	3.788194812134731e+04	8.445687716442457e+03	8.618699783748260e+03	3.975840616052960e-17	-inf	
3	6.000000000000001e-01	0.000000000000000e+00	1.957162046750159e-03	6.577542951807327e-03	0.000000000000000e+00	-6.893969839438668e-16	2.957834693272139e+05	1.571321640465663e+04	8.534704998557486e-03	3.788194812134731e+04	8.445687716442457e+03	8.618699783748260e+03	3.018214508731275e-17	-inf	
4	8.000000000000000e-01	0.000000000000000e+00	1.957162046750159e-03	6.577542951807327e-03	1.512034941697491e-16	0.000000000000000e+00	2.957834693272139e+05	1.571321640465663e+04	8.534704998557486e-03	3.788194812134731e+04	8.445687716442457e+03	8.618699783748260e+03	6.619764671195024e-18	-inf	
5	1.000000000000000e+00	0.000000000000000e+00	1.957162046750159e-03	6.577542951807327e-03	2.314664016012078e-16	4.001776687800879e-17	2.957834693272139e+05	1.571321640465663e+04	8.534704998557487e-03	3.788194812134731e+04	8.445687716442457e+03	8.618699783748260e+03	1.028404954381112e-17	-inf	
6	0.000000000000000e+00	2.000000000000000e-01	1.957162046750159e-03	6.577542951807327e-03	0.000000000000000e+00	0.000000000000000e+00	2.957834693272139e+05	1.571321640465663e+04	8.534704998557486e-03	3.788194812134731e+04	8.445687716442457e+03	8.618699783748260e+03	0.000000000000000e+00	-inf	
7	2.000000000000000e-01	2.000000000000000e-01	1.957162046750159e-03	6.577542951807327e-03	-5.004494596505465e-16	-1.818989403545857e-18	2.957834693272139e+05	1.571321640465663e+04	8.534704998557486e-03	3.788194812134731e+04	8.445687716442457e+03	8.618699783748260e+03	2.191007260860326e-17	-inf	
8	4.000000000000000e-01	2.000000000000000e-01	1.957162046750159e-03	6.577542951807327e-03	-5.957190296612733e-16	1.530224835732949e-16	2.957834693272139e+05	1.571321640465663e+04	8.534704998557486e-03	3.788194812134731e+04	8.445687716442457e+03	8.618699783748260e+03	2.692757204676960e-17	-inf	
9	5.999999999999999e-01	2.000000000000000e-01	1.957162046750159e-03	6.577542951807327e-03	0.000000000000000e+00	4.986304702470173e-16	2.957834693272139e+05	1.571321640465663e+04	8.534704998557486e-03	3.788194812134731e+04	8.445687716442457e+03	8.618699783748260e+03	2.183029161493381e-17	-inf	
10	7.999999999999999e-01	2.000000000000000e-01	1.957162046750159e-03	6.577542951807327e-03	1.384705683449287e-16	-3.471996024018087e-16	2.957834693272139e+05	1.571321640465663e+04	8.534704998557486e-03	3.788194812134731e+04	8.445687716442457e+03	8.618699783748260e+03	1.636487133740528e-17	-inf	
11	1.000000000000000e+00	2.000000000000000e-01	1.957162046750159e-03	6.577542951807327e-03	2.423803380224850e-16	-1.150510797742747e-16	2.957834693272139e+05	1.571321640465663e+04	8.534704998557487e-03	3.788194812134731e+04	8.445687716442457e+03	8.618699783748260e+03	1.174631559713932e-17	-inf	
12	0.000000000000000e+00	3.999999999999999e-01	1.957162046750159e-03	6.577542951807327e-03	-1.267835614271490e-15	0.000000000000000e+00	2.957834693272139e+05	1.571321640465663e+04	8.534704998557486e-03	3.788194812134731e+04	8.445687716442457e+03	8.618699783748260e+03	5.550647790463808e-17	-inf	
13	2.000000000000000e-01	3.999999999999999e-01	1.957162046750159e-03	6.577542951807327e-03	4.389942967118506e-16	0.000000000000000e+00	2.957834693272139e+05	1.571321640465663e+04	8.534704998557486e-03	3.788194812134731e+04	8.445687716442457e+03	8.618699783748260e+03	1.921939008212827e-17	-inf	
14	3.999999999999999e-01	4.000000000000001e-01	1.957162046750159e-03	6.577542951807327e-03	1.281744823809515e-16	0.000000000000000e+00	2.957834693272139e+05	1.571321640465663e+04	8.534704998557487e-03	3.788194812134731e+04	8.445687716442457e+03	8.618699783748260e+03	5.611543006152870e-18	-inf	
15	6.000000000000001e-01	4.000000000000000e-01	1.957162046750159e-03	6.577542951807327e-03	-4.511093720793834e-16	-9.094947017729280e-19	2.957834693272139e+05	1.571321640465663e+04	8.534704998557487e-03	3.788194812134731e+04	8.445687716442457e+03	8.618699783748260e+03	1.974983428605056e-17	-inf	
16	8.000000000000000e-01	4.000000000000000e-01	1.957162046750159e-03	6.577542951807327e-03	-1.582520781084895e-16	0.000000000000000e+00	2.957834693272139e+05	1.571321640465663e+04	8.534704998557486e-03	3.788194812134731e+04	8.445687716442457e+03	8.618699783748260e+03	6.928355204739465e-18	-inf	
17	1.000000000000000e+00	4.000000000000000e-01	1.957162046750159e-03	6.577542951807327e-03	0.000000000000000e+00	0.000000000000000e+00	2.957834693272139e+05	1.571321640465663e+04	8.534704998557486e-03	3.788194812134731e+04	8.445687716442457e+03	8.618699783748260e+03	0.000000000000000e+00	-inf	
18	0.000000000000000e+00	6.000000000000000e-01	1.957162046750159e-03	6.577542951807327e-03	9.081304597202419e-16	1.512034941697490e-16	2.957834693272139e+05	1.571321640465663e+04	8.534704998557486e-03	3.788194812134731e+04	8.445687716442457e+03	8.618699783748260e+03	4.030573339771452e-17	-inf	
19	2.000000000000000e-01	6.000000000000000e-01	1.957162046750159e-03	6.577542951807327e-03	1.192226366043038e-17	1.818989403545857e-18	2.957834693272139e+05	1.571321640465663e+04	8.534704998557486e-03	3.788194812134731e+04	8.445687716442457e+03	8.618699783748260e+03	5.280028083027384e-19	-inf	
20	4.000000000000001e-01	6.000000000000002e-01	1.957162046750159e-03	6.577542951807327e-03	0.000000000000000e+00	-1.530224835732950e-16	2.957834693272139e+05	1.571321640465663e+04	8.534704998557486e-03	3.788194812134731e+04	8.445687716442457e+03	8.618699783748260e+03	6.699400937916173e-18	-inf	
21	6.000000000000000e-01	6.000000000000001e-01	1.957162046750159e-03	6.577542951807327e-03	-1.192226366043000e-17	-1.557509676786141e-16	2.957834693272139e+05	1.571321640465663e+04	8.534704998557486e-03	3.788194812134731e+04	8.445687716442457e+03	8.618699783748260e+03	6.838803488267574e-18	-inf	
22	8.000000000000000e-01	6.000000000000001e-01	1.957162046750159e-03	6.577542951807327e-03	1.591615728102622e-16	-9.094947017729286e-19	2.957834693272139e+05	1.571321640465663e+04	8.534704998557486e-03	3.788194812134731e+04	8.445687716442457e+03	8.618699783748260e+03	6.968287103266657e-18	-inf	
23	1.000000000000000e+00	6.000000000000001e-01	1.957162046750159e-03	6.577542951807327e-03	9.031282388605396e-16	-9.094947017729280e-19	2.957834693272139e+05	1.571321640465663e+04	8.534704998557487e-03	3.788194812134731e+04	8.445687716442457e+03	8.618699783748260e+03	3.953942647645607e-17	-inf	
24	0.000000000000000e+00	8.000000000000000e-01	1.957162046750159e-03	6.577542951807327e-03	-2.205524651799362e-16	0.000000000000000e+00	2.957834693272139e+05	1.571321640465663e+04	8.534704998557487e-03	3.788194812134731e+04	8.445687716442457e+03	8.618699783748260e+03	9.655897339938668e-18	-inf	
25	2.000000000000000e-01	8.000000000000000e-01	1.957162046750159e-03	6.577542951807327e-03	-1.557509676786141e-16	4.995399649487734e-16	2.957834693272139e+05	1.571321640465663e+04	8.534704998557486e-03	3.788194812134731e+04	8.445687716442457e+03	8.618699783748260e+03	2.290848071180084e-17	-inf	
26	3.999999999999999e-01	8.000000000000000e-01	1.957162046750159e-03	6.577542951807327e-03	-9.094947017729284e-19	0.000000000000000e+00	2.957834693272139e+05	1.571321640465663e+04	8.534704998557486e-03	3.788194812134731e+04	8.445687716442457e+03	8.618699783748260e+03	3.981813336057165e-20	-inf	
27	6.000000000000000e-01	8.000000000000000e-01	1.957162046750159e-03	6.577542951807327e-03	0.000000000000000e+00	-5.786660040030286e-16	2.957834693272139e+05	1.571321640465663e+04	8.534704998557486e-03	3.788194812134731e+04	8.445687716442457e+03	8.618699783748260e+03	2.533428735066384e-17	-inf	
28	8.000000000000000e-01	8.000000000000000e-01	1.957162046750159e-03	6.577542951807327e-03	0.000000000000000e+00	1.487023837398731e-16	2.957834693272139e+05	1.571321640465663e+04	8.534704998557486e-03	3.788194812134731e+04	8.445687716442457e+03	8.618699783748260e+03	6.510264804453433e-18	-inf	
29	1.000000000000000e+00	8.000000000000000e-01	1.957162046750159e-03	6.577542951807327e-03	-6.875779945403211e-16	-1.380158209940430e-16	2.957834693272139e+05	1.571321640465663e+04	8.534704998557486e-03	3.788194812134731e+04	8.445687716442457e+03	8.618699783748260e+03	3.070295842505633e-17	-inf	
30	0.000000000000000e+00	1.000000000000000e+00	1.957162046750159e-03	6.577542951807327e-03	1.818989403545857e-18	-3.042259777430442e-16	2.957834693272139e+05	1.571321640465663e+04	8.534704998557486e-03	3.788194812134731e+04	8.445687716442457e+03	8.618699783748260e+03	1.331940368251927e-17	-inf	
31	2.000000000000000e-01	1.000000000000000e+00	1.957162046750159e-03	6.577542951807327e-03	0.000000000000000e+00	0.000000000000000e+00	2.957834693272139e+05	1.571321640465663e+04	8.534704998557486e-03	3.788194812134731e+04	8.445687716442457e+03	8.618699783748260e+03	0.000000000000000e+00	-inf	
32	3.999999999999999e-01	1.000000000000000e+00	1.957162046750159e-03	6.577542951807327e-03	0.000000000000000e+00	0.000000000000000e+00	2.957834693272139e+05	1.571321640465663e+04	8.534704998557486e-03	3.788194812134731e+04	8.445687716442457e+03	8.618699783748260e+03	0.000000000000000e+00	-inf	
33	6.000000000000000e-01	1.000000000000000e+00	1.957162046750159e-03	6.577542951807327e-03	1.605258148629215e-16	-4.365574568510132e-16	2.957834693272139e+05	1.571321640465663e+04	8.534704998557486e-03	3.788194812134731e+04	8.445687716442457e+03	8.618699783748260e+03	2.036386114334419e-17	-inf	
34	8.000000000000000e-01	1.000000000000000e+00	1.957162046750159e-03	6.577542951807327e-03	0.000000000000000e+00	2.337401383556374e-16	2.957834693272139e+05	1.571321640465663e+04	8.534704998557487e-03	3.788194812134731e+04	8.445687716442457e+03	8.618699783748260e+03	1.023326027366669e-17	-inf	
35	1.000000000000000e+00	1.000000000000000e+00	1.957162046750159e-03	6.577542951807327e-03	-3.192326403222969e-16	-7.139533408917468e-17	2.957834693272139e+05	1.571321640465663e+04	8.534704998557486e-03	3.788194812134731e+04	8.445687716442457e+03	8.618699783748260e+03	1.432142904836797e-17	-inf	
EXT_ITER= 6402
AOA= 0.000000000000000e+00
SIDESLIP_ANGLE= 0.000000000000000e+00
INITIAL_BCTHRUST= 4.000000000000000e+03
DCD_DCL_VALUE= 0.000000000000000e+00
DCMX_DCL_VALUE= 0.000000000000000e+00
DCMY_DCL_VALUE= 0.000000000000000e+00
DCMZ_DCL_VALUE= 0.000000000000000e+00
