"PointID"	"x"	"y"	"Density[0]"	"Density[1]"	"Momentum_x"	"Momentum_y"	"Energy"	"Electronic_Energy"	"Total_Density"	"Pressure"	"Temperature"	"Tve"	"Mach"	"C<sub>p</sub>"
0	0.000000000000000e+00	0.000000000000000e+00	1.947810405905700e-03	6.586894592651798e-03	0.000000000000000e+00	0.000000000000000e+00	2.957834693272139e+05	1.556206682080819e+04	8.534704998557498e-03	3.779809887275706e+04	8.421782231305773e+03	8.588260619362434e+03	0.000000000000000e+00	-inf	
1	2.000000000000000e-01	0.000000000000000e+00	1.947810405905700e-03	6.586894592651798e-03	0.000000000000000e+00	1.220087142428398e-15	2.957834693272139e+05	1.556206682080819e+04	8.534704998557498e-03	3.779809887275706e+04	8.421782231305773e+03	8.588260619362434e+03	5.347088051199159e-17	-inf	
2	4.000000000000000e-01	0.000000000000000e+00	1.947810405905700e-03	6.586894592651798e-03	0.000000000000000e+00	-9.340510587207738e-16	2.957834693272139e+05	1.556206682080819e+04	8.534704998557498e-03	3.779809887275706e+04	8.421782231305773e+03	8.588260619362434e+03	4.093521750712884e-17	-inf	
3	6.000000000000001e-01	0.000000000000000e+00	1.947810405905700e-03	6.586894592651798e-03	0.000000000000000e+00	-7.262315193656673e-16	2.957834693272139e+05	1.556206682080819e+04	8.534704998557498e-03	3.779809887275706e+04	8.421782231305773e+03	8.588260619362434e+03	3.182743055447175e-17	-inf	
4	8.000000000000000e-01	0.000000000000000e+00	1.947810405905700e-03	6.586894592651798e-03	1.596163201611487e-16	0.000000000000000e+00	2.957834693272139e+05	1.556206682080819e+04	8.534704998557498e-03	3.779809887275706e+04	8.421782231305773e+03	8.588260619362434e+03	6.995258687927247e-18	-inf	
5	1.000000000000000e+00	0.000000000000000e+00	1.947810405905701e-03	6.586894592651798e-03	2.437445800751427e-16	1.728039933368565e-17	2.957834693272139e+05	1.556206682080819e+04	8.534704998557498e-03	3.779809887275705e+04	8.421782231305771e+03	8.588260619362434e+03	1.070903009741584e-17	-inf	
6	0.000000000000000e+00	2.000000000000000e-01	1.947810405905700e-03	6.586894592651798e-03	0.000000000000000e+00	0.000000000000000e+00	2.957834693272139e+05	1.556206682080819e+04	8.534704998557498e-03	3.779809887275706e+04	8.421782231305773e+03	8.588260619362434e+03	0.000000000000000e+00	-inf	
7	2.000000000000000e-01	2.000000000000000e-01	1.947810405905700e-03	6.586894592651798e-03	-5.236415745457593e-16	-1.818989403545857e-18	2.957834693272139e+05	1.556206682080819e+04	8.534704998557498e-03	3.779809887275706e+04	8.421782231305773e+03	8.588260619362434e+03	2.294897144809212e-17	-inf	
8	4.000000000000000e-01	2.000000000000000e-01	1.947810405905700e-03	6.586894592651798e-03	-6.091340765124258e-16	1.614353095646946e-16	2.957834693272139e+05	1.556206682080819e+04	8.534704998557498e-03	3.779809887275706e+04	8.421782231305773e+03	8.588260619362434e+03	2.761719307119098e-17	-inf	
9	5.999999999999999e-01	2.000000000000000e-01	1.947810405905700e-03	6.586894592651798e-03	0.000000000000000e+00	5.313722795108412e-16	2.957834693272139e+05	1.556206682080819e+04	8.534704998557498e-03	3.779809887275706e+04	8.421782231305773e+03	8.588260619362434e+03	2.328763469186074e-17	-inf	
10	7.999999999999999e-01	2.000000000000000e-01	1.947810405905700e-03	6.586894592651798e-03	1.484750100644310e-16	-3.735749487532214e-16	2.957834693272139e+05	1.556206682080819e+04	8.534704998557498e-03	3.779809887275706e+04	8.421782231305773e+03	8.588260619362434e+03	1.761778436207266e-17	-inf	
11	1.000000000000000e+00	2.000000000000000e-01	1.947810405905701e-03	6.586894592651798e-03	2.473825588822364e-16	-1.211901690112422e-16	2.957834693272139e+05	1.556206682080819e+04	8.534704998557498e-03	3.779809887275705e+04	8.421782231305771e+03	8.588260619362434e+03	1.207271618672537e-17	-inf	
12	0.000000000000000e+00	3.999999999999999e-01	1.947810405905700e-03	6.586894592651798e-03	-1.266471372218834e-15	0.000000000000000e+00	2.957834693272139e+05	1.556206682080819e+04	8.534704998557498e-03	3.779809887275706e+04	8.421782231305773e+03	8.588260619362434e+03	5.550369072899684e-17	-inf	
13	2.000000000000000e-01	3.999999999999999e-01	1.947810405905700e-03	6.586894592651798e-03	4.534517199103327e-16	0.000000000000000e+00	2.957834693272139e+05	1.556206682080819e+04	8.534704998557498e-03	3.779809887275706e+04	8.421782231305773e+03	8.588260619362434e+03	1.987273030762671e-17	-inf	
14	3.999999999999999e-01	4.000000000000001e-01	1.947810405905701e-03	6.586894592651798e-03	1.226230221404285e-16	0.000000000000000e+00	2.957834693272139e+05	1.556206682080819e+04	8.534704998557498e-03	3.779809887275705e+04	8.421782231305771e+03	8.588260619362434e+03	5.374010377521001e-18	-inf	
15	6.000000000000001e-01	4.000000000000000e-01	1.947810405905701e-03	6.586894592651798e-03	-4.770299710799100e-16	-9.094947017729280e-19	2.957834693272139e+05	1.556206682080819e+04	8.534704998557498e-03	3.779809887275705e+04	8.421782231305771e+03	8.588260619362434e+03	2.090609601318485e-17	-inf	
16	8.000000000000000e-01	4.000000000000000e-01	1.947810405905700e-03	6.586894592651798e-03	-1.659827830735595e-16	0.000000000000000e+00	2.957834693272139e+05	1.556206682080819e+04	8.534704998557498e-03	3.779809887275706e+04	8.421782231305773e+03	8.588260619362434e+03	7.274271854967093e-18	-inf	
17	1.000000000000000e+00	4.000000000000000e-01	1.947810405905700e-03	6.586894592651798e-03	0.000000000000000e+00	0.000000000000000e+00	2.957834693272139e+05	1.556206682080819e+04	8.534704998557498e-03	3.779809887275706e+04	8.421782231305773e+03	8.588260619362434e+03	0.000000000000000e+00	-inf	
18	0.000000000000000e+00	6.000000000000000e-01	1.947810405905700e-03	6.586894592651798e-03	9.340510587207738e-16	1.596163201611486e-16	2.957834693272139e+05	1.556206682080819e+04	8.534704998557498e-03	3.779809887275706e+04	8.421782231305773e+03	8.588260619362434e+03	4.152861274431122e-17	-inf	
19	2.000000000000000e-01	6.000000000000000e-01	1.947810405905700e-03	6.586894592651798e-03	8.322674469010832e-18	1.818989403545857e-18	2.957834693272139e+05	1.556206682080819e+04	8.534704998557498e-03	3.779809887275706e+04	8.421782231305773e+03	8.588260619362434e+03	3.733549389567847e-19	-inf	
20	4.000000000000001e-01	6.000000000000002e-01	1.947810405905700e-03	6.586894592651798e-03	0.000000000000000e+00	-1.614353095646947e-16	2.957834693272139e+05	1.556206682080819e+04	8.534704998557498e-03	3.779809887275706e+04	8.421782231305773e+03	8.588260619362434e+03	7.074976735652922e-18	-inf	
21	6.000000000000000e-01	6.000000000000001e-01	1.947810405905700e-03	6.586894592651798e-03	-8.322674469010438e-18	-1.700755092315379e-16	2.957834693272139e+05	1.556206682080819e+04	8.534704998557498e-03	3.779809887275706e+04	8.421782231305773e+03	8.588260619362434e+03	7.462556556801122e-18	-inf	
22	8.000000000000000e-01	6.000000000000001e-01	1.947810405905700e-03	6.586894592651798e-03	1.668922777753322e-16	-9.094947017729286e-19	2.957834693272139e+05	1.556206682080819e+04	8.534704998557498e-03	3.779809887275706e+04	8.421782231305773e+03	8.588260619362434e+03	7.314239485718019e-18	-inf	
23	1.000000000000000e+00	6.000000000000001e-01	1.947810405905701e-03	6.586894592651798e-03	9.549694368615929e-16	-9.094947017729280e-19	2.957834693272139e+05	1.556206682080819e+04	8.534704998557498e-03	3.779809887275705e+04	8.421782231305771e+03	8.588260619362434e+03	4.185199403645908e-17	-inf	
24	0.000000000000000e+00	8.000000000000000e-01	1.947810405905701e-03	6.586894592651798e-03	-2.223714545834821e-16	0.000000000000000e+00	2.957834693272139e+05	1.556206682080819e+04	8.534704998557498e-03	3.779809887275705e+04	8.421782231305771e+03	8.588260619362434e+03	9.745531334462807e-18	-inf	
25	2.000000000000000e-01	8.000000000000000e-01	1.947810405905700e-03	6.586894592651798e-03	-1.700755092315380e-16	5.227320798439861e-16	2.957834693272139e+05	1.556206682080819e+04	8.534704998557498e-03	3.779809887275706e+04	8.421782231305773e+03	8.588260619362434e+03	2.409103151707445e-17	-inf	
26	3.999999999999999e-01	8.000000000000000e-01	1.947810405905700e-03	6.586894592651798e-03	-9.094947017729284e-19	0.000000000000000e+00	2.957834693272139e+05	1.556206682080819e+04	8.534704998557498e-03	3.779809887275706e+04	8.421782231305773e+03	8.588260619362434e+03	3.985902386283338e-20	-inf	
27	6.000000000000000e-01	8.000000000000000e-01	1.947810405905700e-03	6.586894592651798e-03	0.000000000000000e+00	-5.868514563189861e-16	2.957834693272139e+05	1.556206682080819e+04	8.534704998557498e-03	3.779809887275706e+04	8.421782231305773e+03	8.588260619362434e+03	2.571903514749341e-17	-inf	
28	8.000000000000000e-01	8.000000000000000e-01	1.947810405905700e-03	6.586894592651798e-03	0.000000000000000e+00	1.587068254593754e-16	2.957834693272139e+05	1.556206682080819e+04	8.534704998557498e-03	3.779809887275706e+04	8.421782231305773e+03	8.588260619362434e+03	6.955399664064396e-18	-inf	
29	1.000000000000000e+00	8.000000000000000e-01	1.947810405905700e-03	6.586894592651798e-03	-7.244125299621216e-16	-1.464286469854427e-16	2.957834693272139e+05	1.556206682080819e+04	8.534704998557498e-03	3.779809887275706e+04	8.421782231305773e+03	8.588260619362434e+03	3.238979816509927e-17	-inf	
30	0.000000000000000e+00	1.000000000000000e+00	1.947810405905700e-03	6.586894592651798e-03	1.818989403545857e-18	-3.210516297258436e-16	2.957834693272139e+05	1.556206682080819e+04	8.534704998557498e-03	3.779809887275706e+04	8.421782231305773e+03	8.588260619362434e+03	1.407046125193142e-17	-inf	
31	2.000000000000000e-01	1.000000000000000e+00	1.947810405905700e-03	6.586894592651798e-03	0.000000000000000e+00	0.000000000000000e+00	2.957834693272139e+05	1.556206682080819e+04	8.534704998557498e-03	3.779809887275706e+04	8.421782231305773e+03	8.588260619362434e+03	0.000000000000000e+00	-inf	
32	3.999999999999999e-01	1.000000000000000e+00	1.947810405905700e-03	6.586894592651798e-03	0.000000000000000e+00	0.000000000000000e+00	2.957834693272139e+05	1.556206682080819e+04	8.534704998557498e-03	3.779809887275706e+04	8.421782231305773e+03	8.588260619362434e+03	0.000000000000000e+00	-inf	
33	6.000000000000000e-01	1.000000000000000e+00	1.947810405905700e-03	6.586894592651798e-03	1.682565198279914e-16	-4.829416866414294e-16	2.957834693272139e+05	1.556206682080819e+04	8.534704998557498e-03	3.779809887275706e+04	8.421782231305773e+03	8.588260619362434e+03	2.241289605325122e-17	-inf	
34	8.000000000000000e-01	1.000000000000000e+00	1.947810405905701e-03	6.586894592651798e-03	0.000000000000000e+00	2.141860022675194e-16	2.957834693272139e+05	1.556206682080819e+04	8.534704998557498e-03	3.779809887275705e+04	8.421782231305771e+03	8.588260619362434e+03	9.386800119697028e-18	-inf	
35	1.000000000000000e+00	1.000000000000000e+00	1.947810405905700e-03	6.586894592651798e-03	-3.346940502524369e-16	-4.547473508864630e-17	2.957834693272139e+05	1.556206682080819e+04	8.534704998557498e-03	3.779809887275706e+04	8.421782231305773e+03	8.588260619362434e+03	1.480289234303828e-17	-inf	
EXT_ITER= 6665
AOA= 0.000000000000000e+00
SIDESLIP_ANGLE= 0.000000000000000e+00
INITIAL_BCTHRUST= 4.000000000000000e+03
DCD_DCL_VALUE= 0.000000000000000e+00
DCMX_DCL_VALUE= 0.000000000000000e+00
DCMY_DCL_VALUE= 0.000000000000000e+00
DCMZ_DCL_VALUE= 0.000000000000000e+00
