"PointID"	"x"	"y"	"Density[0]"	"Density[1]"	"Momentum_x"	"Momentum_y"	"Energy"	"Electronic_Energy"	"Total_Density"	"Pressure"	"Temperature"	"Tve"	"Mach"	"C<sub>p</sub>"
0	0.000000000000000e+00	0.000000000000000e+00	1.903391309708974e-03	6.631313688848539e-03	0.000000000000000e+00	0.000000000000000e+00	2.957834693272139e+05	1.485810977606319e+04	8.534704998557513e-03	3.738996801244620e+04	8.306446869156947e+03	8.444484795183254e+03	0.000000000000000e+00	-inf	
1	2.000000000000000e-01	0.000000000000000e+00	1.903391309708974e-03	6.631313688848539e-03	0.000000000000000e+00	1.340595190413327e-15	2.957834693272139e+05	1.485810977606319e+04	8.534704998557513e-03	3.738996801244620e+04	8.306446869156947e+03	8.444484795183254e+03	5.904914755221764e-17	-inf	
2	4.000000000000000e-01	0.000000000000000e+00	1.903391309708974e-03	6.631313688848539e-03	0.000000000000000e+00	-1.061380316969001e-15	2.957834693272139e+05	1.485810977606319e+04	8.534704998557513e-03	3.738996801244620e+04	8.306446869156947e+03	8.444484795183254e+03	4.675058018550610e-17	-inf	
3	6.000000000000001e-01	0.000000000000000e+00	1.903391309708974e-03	6.631313688848539e-03	0.000000000000000e+00	-9.922587196342489e-16	2.957834693272139e+05	1.485810977606319e+04	8.534704998557513e-03	3.738996801244620e+04	8.306446869156947e+03	8.444484795183254e+03	4.370598370384460e-17	-inf	
4	8.000000000000000e-01	0.000000000000000e+00	1.903391309708974e-03	6.631313688848539e-03	3.165041562169792e-16	0.000000000000000e+00	2.957834693272139e+05	1.485810977606319e+04	8.534704998557513e-03	3.738996801244620e+04	8.306446869156947e+03	8.444484795183254e+03	1.394104704760602e-17	-inf	
5	1.000000000000000e+00	0.000000000000000e+00	1.903391309708975e-03	6.631313688848539e-03	5.952642823103819e-16	-1.132320903707293e-16	2.957834693272139e+05	1.485810977606319e+04	8.534704998557513e-03	3.738996801244623e+04	8.306446869156953e+03	8.444484795183254e+03	2.668973674294099e-17	-inf	
6	0.000000000000000e+00	2.000000000000000e-01	1.903391309708974e-03	6.631313688848539e-03	0.000000000000000e+00	0.000000000000000e+00	2.957834693272139e+05	1.485810977606319e+04	8.534704998557513e-03	3.738996801244620e+04	8.306446869156947e+03	8.444484795183254e+03	0.000000000000000e+00	-inf	
7	2.000000000000000e-01	2.000000000000000e-01	1.903391309708974e-03	6.631313688848539e-03	-6.525624485220890e-16	-1.818989403545857e-18	2.957834693272139e+05	1.485810977606319e+04	8.534704998557513e-03	3.738996801244620e+04	8.306446869156947e+03	8.444484795183254e+03	2.874350608230888e-17	-inf	
8	4.000000000000000e-01	2.000000000000000e-01	1.903391309708974e-03	6.631313688848539e-03	-6.693881005048903e-16	3.183231456205250e-16	2.957834693272139e+05	1.485810977606319e+04	8.534704998557513e-03	3.738996801244620e+04	8.306446869156947e+03	8.444484795183254e+03	3.264857847756727e-17	-inf	
9	5.999999999999999e-01	2.000000000000000e-01	1.903391309708974e-03	6.631313688848539e-03	0.000000000000000e+00	8.233200787799427e-16	2.957834693272139e+05	1.485810977606319e+04	8.534704998557513e-03	3.738996801244620e+04	8.306446869156947e+03	8.444484795183254e+03	3.626474953978545e-17	-inf	
10	7.999999999999999e-01	2.000000000000000e-01	1.903391309708974e-03	6.631313688848539e-03	3.001332515850667e-16	-4.974936018697840e-16	2.957834693272139e+05	1.485810977606319e+04	8.534704998557513e-03	3.738996801244620e+04	8.306446869156947e+03	8.444484795183254e+03	2.559200047072823e-17	-inf	
11	1.000000000000000e+00	2.000000000000000e-01	1.903391309708975e-03	6.631313688848539e-03	5.898073140997449e-16	-2.969500201288618e-16	2.957834693272139e+05	1.485810977606319e+04	8.534704998557513e-03	3.738996801244623e+04	8.306446869156953e+03	8.444484795183254e+03	2.908607421942134e-17	-inf	
12	0.000000000000000e+00	3.999999999999999e-01	1.903391309708974e-03	6.631313688848539e-03	-1.260104909306439e-15	0.000000000000000e+00	2.957834693272139e+05	1.485810977606319e+04	8.534704998557513e-03	3.738996801244620e+04	8.306446869156947e+03	8.444484795183254e+03	5.550379507028406e-17	-inf	
13	2.000000000000000e-01	3.999999999999999e-01	1.903391309708974e-03	6.631313688848539e-03	6.519182600165410e-16	0.000000000000000e+00	2.957834693272139e+05	1.485810977606319e+04	8.534704998557513e-03	3.738996801244620e+04	8.306446869156947e+03	8.444484795183254e+03	2.871501986802819e-17	-inf	
14	3.999999999999999e-01	4.000000000000001e-01	1.903391309708975e-03	6.631313688848539e-03	2.526500859382223e-16	0.000000000000000e+00	2.957834693272139e+05	1.485810977606319e+04	8.534704998557513e-03	3.738996801244623e+04	8.306446869156953e+03	8.444484795183254e+03	1.112846913843310e-17	-inf	
15	6.000000000000001e-01	4.000000000000000e-01	1.903391309708975e-03	6.631313688848539e-03	-7.764811016386365e-16	-9.094947017729280e-19	2.957834693272139e+05	1.485810977606319e+04	8.534704998557513e-03	3.738996801244623e+04	8.306446869156953e+03	8.444484795183254e+03	3.420165828013349e-17	-inf	
16	8.000000000000000e-01	4.000000000000000e-01	1.903391309708974e-03	6.631313688848539e-03	-3.265085979364816e-16	0.000000000000000e+00	2.957834693272139e+05	1.485810977606319e+04	8.534704998557513e-03	3.738996801244620e+04	8.306446869156947e+03	8.444484795183254e+03	1.438171232784645e-17	-inf	
17	1.000000000000000e+00	4.000000000000000e-01	1.903391309708974e-03	6.631313688848539e-03	0.000000000000000e+00	0.000000000000000e+00	2.957834693272139e+05	1.485810977606319e+04	8.534704998557513e-03	3.738996801244620e+04	8.306446869156947e+03	8.444484795183254e+03	0.000000000000000e+00	-inf	
18	0.000000000000000e+00	6.000000000000000e-01	1.903391309708974e-03	6.631313688848539e-03	1.061380316969001e-15	3.165041562169791e-16	2.957834693272139e+05	1.485810977606319e+04	8.534704998557513e-03	3.738996801244620e+04	8.306446869156947e+03	8.444484795183254e+03	4.878493148980533e-17	-inf	
19	2.000000000000000e-01	6.000000000000000e-01	1.903391309708974e-03	6.631313688848539e-03	1.872050642792961e-17	1.818989403545857e-18	2.957834693272139e+05	1.485810977606319e+04	8.534704998557513e-03	3.738996801244620e+04	8.306446869156947e+03	8.444484795183254e+03	8.284648217911069e-19	-inf	
20	4.000000000000001e-01	6.000000000000002e-01	1.903391309708974e-03	6.631313688848539e-03	0.000000000000000e+00	-3.183231456205251e-16	2.957834693272139e+05	1.485810977606319e+04	8.534704998557513e-03	3.738996801244620e+04	8.306446869156947e+03	8.444484795183254e+03	1.402116800764974e-17	-inf	
21	6.000000000000000e-01	6.000000000000001e-01	1.903391309708974e-03	6.631313688848539e-03	-1.872050642792920e-17	-3.290097083663572e-16	2.957834693272139e+05	1.485810977606319e+04	8.534704998557513e-03	3.738996801244620e+04	8.306446869156947e+03	8.444484795183254e+03	1.451531885072998e-17	-inf	
22	8.000000000000000e-01	6.000000000000001e-01	1.903391309708974e-03	6.631313688848539e-03	4.754383553517986e-16	-9.094947017729286e-19	2.957834693272139e+05	1.485810977606319e+04	8.534704998557513e-03	3.738996801244620e+04	8.306446869156947e+03	8.444484795183254e+03	2.094165424844444e-17	-inf	
23	1.000000000000000e+00	6.000000000000001e-01	1.903391309708975e-03	6.631313688848539e-03	1.257831172551958e-15	-9.094947017729280e-19	2.957834693272139e+05	1.485810977606319e+04	8.534704998557513e-03	3.738996801244623e+04	8.306446869156953e+03	8.444484795183254e+03	5.540365835340689e-17	-inf	
24	0.000000000000000e+00	8.000000000000000e-01	1.903391309708975e-03	6.631313688848539e-03	-5.584297468885805e-16	0.000000000000000e+00	2.957834693272139e+05	1.485810977606319e+04	8.534704998557513e-03	3.738996801244623e+04	8.306446869156953e+03	8.444484795183254e+03	2.459713473341992e-17	-inf	
25	2.000000000000000e-01	8.000000000000000e-01	1.903391309708974e-03	6.631313688848539e-03	-3.290097083663573e-16	6.516529538203158e-16	2.957834693272139e+05	1.485810977606319e+04	8.534704998557513e-03	3.738996801244620e+04	8.306446869156947e+03	8.444484795183254e+03	3.215425206357160e-17	-inf	
26	3.999999999999999e-01	8.000000000000000e-01	1.903391309708974e-03	6.631313688848539e-03	-9.094947017729284e-19	0.000000000000000e+00	2.957834693272139e+05	1.485810977606319e+04	8.534704998557513e-03	3.738996801244620e+04	8.306446869156947e+03	8.444484795183254e+03	4.006048002185638e-20	-inf	
27	6.000000000000000e-01	8.000000000000000e-01	1.903391309708974e-03	6.631313688848539e-03	0.000000000000000e+00	-6.546088116010782e-16	2.957834693272139e+05	1.485810977606319e+04	8.534704998557513e-03	3.738996801244620e+04	8.306446869156947e+03	8.444484795183254e+03	2.883353049573170e-17	-inf	
28	8.000000000000000e-01	8.000000000000000e-01	1.903391309708974e-03	6.631313688848539e-03	0.000000000000000e+00	3.103650669800109e-16	2.957834693272139e+05	1.485810977606319e+04	8.534704998557513e-03	3.738996801244620e+04	8.306446869156947e+03	8.444484795183254e+03	1.367063880745845e-17	-inf	
29	1.000000000000000e+00	8.000000000000000e-01	1.903391309708974e-03	6.631313688848539e-03	-9.904397302307028e-16	-3.033164830412731e-16	2.957834693272139e+05	1.485810977606319e+04	8.534704998557513e-03	3.738996801244620e+04	8.306446869156947e+03	8.444484795183254e+03	4.562576075970953e-17	-inf	
30	0.000000000000000e+00	1.000000000000000e+00	1.903391309708974e-03	6.631313688848539e-03	1.818989403545857e-18	-6.348273018375045e-16	2.957834693272139e+05	1.485810977606319e+04	8.534704998557513e-03	3.738996801244620e+04	8.306446869156947e+03	8.444484795183254e+03	2.796232984149587e-17	-inf	
31	2.000000000000000e-01	1.000000000000000e+00	1.903391309708974e-03	6.631313688848539e-03	0.000000000000000e+00	0.000000000000000e+00	2.957834693272139e+05	1.485810977606319e+04	8.534704998557513e-03	3.738996801244620e+04	8.306446869156947e+03	8.444484795183254e+03	0.000000000000000e+00	-inf	
32	3.999999999999999e-01	1.000000000000000e+00	1.903391309708974e-03	6.631313688848539e-03	0.000000000000000e+00	0.000000000000000e+00	2.957834693272139e+05	1.485810977606319e+04	8.534704998557513e-03	3.738996801244620e+04	8.306446869156947e+03	8.444484795183254e+03	0.000000000000000e+00	-inf	
33	6.000000000000000e-01	1.000000000000000e+00	1.903391309708974e-03	6.631313688848539e-03	3.287823346909136e-16	-7.407834345940329e-16	2.957834693272139e+05	1.485810977606319e+04	8.534704998557513e-03	3.738996801244620e+04	8.306446869156947e+03	8.444484795183254e+03	3.569864203577239e-17	-inf	
34	8.000000000000000e-01	1.000000000000000e+00	1.903391309708975e-03	6.631313688848539e-03	0.000000000000000e+00	4.260982677806106e-16	2.957834693272139e+05	1.485810977606319e+04	8.534704998557513e-03	3.738996801244623e+04	8.306446869156953e+03	8.444484795183254e+03	1.876833489023943e-17	-inf	
35	1.000000000000000e+00	1.000000000000000e+00	1.903391309708974e-03	6.631313688848539e-03	-6.557456799782811e-16	8.185452315956340e-17	2.957834693272139e+05	1.485810977606319e+04	8.534704998557513e-03	3.738996801244620e+04	8.306446869156947e+03	8.444484795183254e+03	2.910776394327714e-17	-inf	
EXT_ITER= 8100
AOA= 0.000000000000000e+00
SIDESLIP_ANGLE= 0.000000000000000e+00
INITIAL_BCTHRUST= 4.000000000000000e+03
DCD_DCL_VALUE= 0.000000000000000e+00
DCMX_DCL_VALUE= 0.000000000000000e+00
DCMY_DCL_VALUE= 0.000000000000000e+00
DCMZ_DCL_VALUE= 0.000000000000000e+00
