"PointID"	"x"	"y"	"Density[0]"	"Density[1]"	"Momentum_x"	"Momentum_y"	"Energy"	"Electronic_Energy"	"Total_Density"	"Pressure"	"Temperature"	"Tve"	"Mach"	"C<sub>p</sub>"
0	0.000000000000000e+00	0.000000000000000e+00	1.972711198958370e-03	6.561993799599111e-03	0.000000000000000e+00	0.000000000000000e+00	2.957834693272139e+05	1.596692213590871e+04	8.534704998557480e-03	3.801969872304942e+04	8.485129315859691e+03	8.670029767934602e+03	0.000000000000000e+00	-inf	
1	2.000000000000000e-01	0.000000000000000e+00	1.972711198958370e-03	6.561993799599111e-03	0.000000000000000e+00	1.157332008006057e-15	2.957834693272139e+05	1.596692213590871e+04	8.534704998557480e-03	3.801969872304942e+04	8.485129315859691e+03	8.670029767934602e+03	5.058356428651113e-17	-inf	
2	4.000000000000000e-01	0.000000000000000e+00	1.972711198958370e-03	6.561993799599111e-03	0.000000000000000e+00	-8.667484507895729e-16	2.957834693272139e+05	1.596692213590871e+04	8.534704998557480e-03	3.801969872304942e+04	8.485129315859691e+03	8.670029767934602e+03	3.788301513952323e-17	-inf	
3	6.000000000000001e-01	0.000000000000000e+00	1.972711198958370e-03	6.561993799599111e-03	0.000000000000000e+00	-6.198206392582436e-16	2.957834693272139e+05	1.596692213590871e+04	8.534704998557480e-03	3.801969872304942e+04	8.485129315859691e+03	8.670029767934602e+03	2.709052971415070e-17	-inf	
4	8.000000000000000e-01	0.000000000000000e+00	1.972711198958370e-03	6.561993799599111e-03	1.207354216603558e-16	0.000000000000000e+00	2.957834693272139e+05	1.596692213590871e+04	8.534704998557480e-03	3.801969872304942e+04	8.485129315859691e+03	8.670029767934602e+03	5.276988730085890e-18	-inf	
5	1.000000000000000e+00	0.000000000000000e+00	1.972711198958371e-03	6.561993799599111e-03	1.755324774421724e-16	8.139977580867691e-17	2.957834693272139e+05	1.596692213590871e+04	8.534704998557482e-03	3.801969872304937e+04	8.485129315859680e+03	8.670029767934602e+03	8.456785464662014e-18	-inf	
6	0.000000000000000e+00	2.000000000000000e-01	1.972711198958370e-03	6.561993799599111e-03	0.000000000000000e+00	0.000000000000000e+00	2.957834693272139e+05	1.596692213590871e+04	8.534704998557480e-03	3.801969872304942e+04	8.485129315859691e+03	8.670029767934602e+03	0.000000000000000e+00	-inf	
7	2.000000000000000e-01	2.000000000000000e-01	1.972711198958370e-03	6.561993799599111e-03	-4.627054295269650e-16	-1.818989403545857e-18	2.957834693272139e+05	1.596692213590871e+04	8.534704998557480e-03	3.801969872304942e+04	8.485129315859691e+03	8.670029767934602e+03	2.022364415269172e-17	-inf	
8	4.000000000000000e-01	2.000000000000000e-01	1.972711198958370e-03	6.561993799599111e-03	-5.777565093012556e-16	1.225544110639017e-16	2.957834693272139e+05	1.596692213590871e+04	8.534704998557480e-03	3.801969872304942e+04	8.485129315859691e+03	8.670029767934602e+03	2.581389277651456e-17	-inf	
9	5.999999999999999e-01	2.000000000000000e-01	1.972711198958370e-03	6.561993799599111e-03	0.000000000000000e+00	4.336015990702545e-16	2.957834693272139e+05	1.596692213590871e+04	8.534704998557480e-03	3.801969872304942e+04	8.485129315859691e+03	8.670029767934602e+03	1.895144540164611e-17	-inf	
10	7.999999999999999e-01	2.000000000000000e-01	1.972711198958370e-03	6.561993799599111e-03	1.102762325899680e-16	-3.085460775764625e-16	2.957834693272139e+05	1.596692213590871e+04	8.534704998557480e-03	3.801969872304942e+04	8.485129315859691e+03	8.670029767934602e+03	1.432108123911876e-17	-inf	
11	1.000000000000000e+00	2.000000000000000e-01	1.972711198958371e-03	6.561993799599111e-03	1.832631824072445e-16	-8.708411769475706e-17	2.957834693272139e+05	1.596692213590871e+04	8.534704998557482e-03	3.801969872304937e+04	8.485129315859680e+03	8.670029767934602e+03	8.868227398265527e-18	-inf	
12	0.000000000000000e+00	3.999999999999999e-01	1.972711198958370e-03	6.561993799599111e-03	-1.269654603675030e-15	0.000000000000000e+00	2.957834693272139e+05	1.596692213590871e+04	8.534704998557480e-03	3.801969872304942e+04	8.485129315859691e+03	8.670029767934602e+03	5.549285323691191e-17	-inf	
13	2.000000000000000e-01	3.999999999999999e-01	1.972711198958370e-03	6.561993799599111e-03	4.089809940931269e-16	0.000000000000000e+00	2.957834693272139e+05	1.596692213590871e+04	8.534704998557480e-03	3.801969872304942e+04	8.485129315859691e+03	8.670029767934602e+03	1.787535146661444e-17	-inf	
14	3.999999999999999e-01	4.000000000000001e-01	1.972711198958371e-03	6.561993799599111e-03	1.068013794290704e-16	0.000000000000000e+00	2.957834693272139e+05	1.596692213590871e+04	8.534704998557482e-03	3.801969872304937e+04	8.485129315859680e+03	8.670029767934602e+03	4.667972893574526e-18	-inf	
15	6.000000000000001e-01	4.000000000000000e-01	1.972711198958371e-03	6.561993799599111e-03	-3.869899956043909e-16	-9.094947017729280e-19	2.957834693272139e+05	1.596692213590871e+04	8.534704998557482e-03	3.801969872304937e+04	8.485129315859680e+03	8.670029767934602e+03	1.691423657679757e-17	-inf	
16	8.000000000000000e-01	4.000000000000000e-01	1.972711198958370e-03	6.561993799599111e-03	-1.316493580816314e-16	0.000000000000000e+00	2.957834693272139e+05	1.596692213590871e+04	8.534704998557480e-03	3.801969872304942e+04	8.485129315859691e+03	8.670029767934602e+03	5.754004660489155e-18	-inf	
17	1.000000000000000e+00	4.000000000000000e-01	1.972711198958370e-03	6.561993799599111e-03	0.000000000000000e+00	0.000000000000000e+00	2.957834693272139e+05	1.596692213590871e+04	8.534704998557480e-03	3.801969872304942e+04	8.485129315859691e+03	8.670029767934602e+03	0.000000000000000e+00	-inf	
18	0.000000000000000e+00	6.000000000000000e-01	1.972711198958370e-03	6.561993799599111e-03	8.667484507895729e-16	1.207354216603558e-16	2.957834693272139e+05	1.596692213590871e+04	8.534704998557480e-03	3.801969872304942e+04	8.485129315859691e+03	8.670029767934602e+03	3.824878359005420e-17	-inf	
19	2.000000000000000e-01	6.000000000000000e-01	1.972711198958370e-03	6.561993799599111e-03	1.624240857341753e-17	1.818989403545857e-18	2.957834693272139e+05	1.596692213590871e+04	8.534704998557480e-03	3.801969872304942e+04	8.485129315859691e+03	8.670029767934602e+03	7.143455971914760e-19	-inf	
20	4.000000000000001e-01	6.000000000000002e-01	1.972711198958370e-03	6.561993799599111e-03	0.000000000000000e+00	-1.225544110639018e-16	2.957834693272139e+05	1.596692213590871e+04	8.534704998557480e-03	3.801969872304942e+04	8.485129315859691e+03	8.670029767934602e+03	5.356491385153104e-18	-inf	
21	6.000000000000000e-01	6.000000000000001e-01	1.972711198958370e-03	6.561993799599111e-03	-1.624240857341717e-17	-1.255102688446643e-16	2.957834693272139e+05	1.596692213590871e+04	8.534704998557480e-03	3.801969872304942e+04	8.485129315859691e+03	8.670029767934602e+03	5.531427404101712e-18	-inf	
22	8.000000000000000e-01	6.000000000000001e-01	1.972711198958370e-03	6.561993799599111e-03	1.325588527834041e-16	-9.094947017729286e-19	2.957834693272139e+05	1.596692213590871e+04	8.534704998557480e-03	3.801969872304942e+04	8.485129315859691e+03	8.670029767934602e+03	5.793892354608443e-18	-inf	
23	1.000000000000000e+00	6.000000000000001e-01	1.972711198958371e-03	6.561993799599111e-03	7.748894859105547e-16	-9.094947017729280e-19	2.957834693272139e+05	1.596692213590871e+04	8.534704998557482e-03	3.801969872304937e+04	8.485129315859680e+03	8.670029767934602e+03	3.386815438686716e-17	-inf	
24	0.000000000000000e+00	8.000000000000000e-01	1.972711198958371e-03	6.561993799599111e-03	-1.691660145297658e-16	0.000000000000000e+00	2.957834693272139e+05	1.596692213590871e+04	8.534704998557482e-03	3.801969872304937e+04	8.485129315859680e+03	8.670029767934602e+03	7.393746921250365e-18	-inf	
25	2.000000000000000e-01	8.000000000000000e-01	1.972711198958370e-03	6.561993799599111e-03	-1.255102688446643e-16	4.617959348251918e-16	2.957834693272139e+05	1.596692213590871e+04	8.534704998557480e-03	3.801969872304942e+04	8.485129315859691e+03	8.670029767934602e+03	2.091592554719889e-17	-inf	
26	3.999999999999999e-01	8.000000000000000e-01	1.972711198958370e-03	6.561993799599111e-03	-9.094947017729284e-19	0.000000000000000e+00	2.957834693272139e+05	1.596692213590871e+04	8.534704998557480e-03	3.801969872304942e+04	8.485129315859691e+03	8.670029767934602e+03	3.975132753360383e-20	-inf	
27	6.000000000000000e-01	8.000000000000000e-01	1.972711198958370e-03	6.561993799599111e-03	0.000000000000000e+00	-5.561560101341457e-16	2.957834693272139e+05	1.596692213590871e+04	8.534704998557480e-03	3.801969872304942e+04	8.485129315859691e+03	8.670029767934602e+03	2.430793678679874e-17	-inf	
28	8.000000000000000e-01	8.000000000000000e-01	1.972711198958370e-03	6.561993799599111e-03	0.000000000000000e+00	1.205080479849123e-16	2.957834693272139e+05	1.596692213590871e+04	8.534704998557480e-03	3.801969872304942e+04	8.485129315859691e+03	8.670029767934602e+03	5.267050898202476e-18	-inf	
29	1.000000000000000e+00	8.000000000000000e-01	1.972711198958370e-03	6.561993799599111e-03	-6.180016498546979e-16	-1.075477484846498e-16	2.957834693272139e+05	1.596692213590871e+04	8.534704998557480e-03	3.801969872304942e+04	8.485129315859691e+03	8.670029767934602e+03	2.741698691067139e-17	-inf	
30	0.000000000000000e+00	1.000000000000000e+00	1.972711198958370e-03	6.561993799599111e-03	1.818989403545857e-18	-2.432898327242578e-16	2.957834693272139e+05	1.596692213590871e+04	8.534704998557480e-03	3.801969872304942e+04	8.485129315859691e+03	8.670029767934602e+03	1.063377731727282e-17	-inf	
31	2.000000000000000e-01	1.000000000000000e+00	1.972711198958370e-03	6.561993799599111e-03	0.000000000000000e+00	0.000000000000000e+00	2.957834693272139e+05	1.596692213590871e+04	8.534704998557480e-03	3.801969872304942e+04	8.485129315859691e+03	8.670029767934602e+03	0.000000000000000e+00	-inf	
32	3.999999999999999e-01	1.000000000000000e+00	1.972711198958370e-03	6.561993799599111e-03	0.000000000000000e+00	0.000000000000000e+00	2.957834693272139e+05	1.596692213590871e+04	8.534704998557480e-03	3.801969872304942e+04	8.485129315859691e+03	8.670029767934602e+03	0.000000000000000e+00	-inf	
33	6.000000000000000e-01	1.000000000000000e+00	1.972711198958370e-03	6.561993799599111e-03	1.339230948360634e-16	-3.706190909724743e-16	2.957834693272139e+05	1.596692213590871e+04	8.534704998557480e-03	3.801969872304942e+04	8.485129315859691e+03	8.670029767934602e+03	1.722378795469933e-17	-inf	
34	8.000000000000000e-01	1.000000000000000e+00	1.972711198958371e-03	6.561993799599111e-03	0.000000000000000e+00	2.182787284254980e-16	2.957834693272139e+05	1.596692213590871e+04	8.534704998557482e-03	3.801969872304937e+04	8.485129315859680e+03	8.670029767934602e+03	9.540318608064714e-18	-inf	
35	1.000000000000000e+00	1.000000000000000e+00	1.972711198958370e-03	6.561993799599111e-03	-2.660272002685808e-16	-1.127773430198428e-16	2.957834693272139e+05	1.596692213590871e+04	8.534704998557480e-03	3.801969872304942e+04	8.485129315859691e+03	8.670029767934602e+03	1.262893169370678e-17	-inf	
EXT_ITER= 5991
AOA= 0.000000000000000e+00
SIDESLIP_ANGLE= 0.000000000000000e+00
INITIAL_BCTHRUST= 4.000000000000000e+03
DCD_DCL_VALUE= 0.000000000000000e+00
DCMX_DCL_VALUE= 0.000000000000000e+00
DCMY_DCL_VALUE= 0.000000000000000e+00
DCMZ_DCL_VALUE= 0.000000000000000e+00
