"PointID"	"x"	"y"	"Density[0]"	"Density[1]"	"Momentum_x"	"Momentum_y"	"Energy"	"Electronic_Energy"	"Total_Density"	"Pressure"	"Temperature"	"Tve"	"Mach"	"C<sub>p</sub>"
0	0.000000000000000e+00	0.000000000000000e+00	2.296728822001759e-03	6.237976176555723e-03	0.000000000000000e+00	0.000000000000000e+00	2.957834693272139e+05	2.293504726178263e+04	8.534704998557482e-03	3.981674795366068e+04	9.081095559238378e+03	1.003688619953131e+04	0.000000000000000e+00	-inf	
1	2.000000000000000e-01	0.000000000000000e+00	2.296728822001759e-03	6.237976176555723e-03	0.000000000000000e+00	4.356479621492403e-16	2.957834693272139e+05	2.293504726178263e+04	8.534704998557482e-03	3.981674795366068e+04	9.081095559238378e+03	1.003688619953131e+04	1.865944303629485e-17	-inf	
2	4.000000000000000e-01	0.000000000000000e+00	2.296728822001759e-03	6.237976176555723e-03	0.000000000000000e+00	-3.128661774098920e-16	2.957834693272139e+05	2.293504726178263e+04	8.534704998557482e-03	3.981674795366068e+04	9.081095559238378e+03	1.003688619953131e+04	1.340051858973990e-17	-inf	
3	6.000000000000001e-01	0.000000000000000e+00	2.296728822001759e-03	6.237976176555723e-03	0.000000000000000e+00	-9.003997547551973e-17	2.957834693272139e+05	2.293504726178263e+04	8.534704998557482e-03	3.981674795366068e+04	9.081095559238378e+03	1.003688619953131e+04	3.856544594140196e-18	-inf	
4	8.000000000000000e-01	0.000000000000000e+00	2.296728822001759e-03	6.237976176555723e-03	4.847606760449706e-16	0.000000000000000e+00	2.957834693272139e+05	2.293504726178263e+04	8.534704998557482e-03	3.981674795366068e+04	9.081095559238378e+03	1.003688619953131e+04	2.076301281491644e-17	-inf	
5	1.000000000000000e+00	0.000000000000000e+00	2.296728822001759e-03	6.237976176555723e-03	9.217728802468603e-16	1.123225956689564e-16	2.957834693272139e+05	2.293504726178263e+04	8.534704998557482e-03	3.981674795366063e+04	9.081095559238367e+03	1.003688619953131e+04	3.977292681437915e-17	-inf	
6	0.000000000000000e+00	2.000000000000000e-01	2.296728822001759e-03	6.237976176555723e-03	0.000000000000000e+00	0.000000000000000e+00	2.957834693272139e+05	2.293504726178263e+04	8.534704998557482e-03	3.981674795366068e+04	9.081095559238378e+03	1.003688619953131e+04	0.000000000000000e+00	-inf	
7	2.000000000000000e-01	2.000000000000000e-01	2.296728822001759e-03	6.237976176555723e-03	-1.691660145297673e-16	-1.818989403545857e-18	2.957834693272139e+05	2.293504726178263e+04	8.534704998557482e-03	3.981674795366068e+04	9.081095559238378e+03	1.003688619953131e+04	7.246048096292512e-18	-inf	
8	4.000000000000000e-01	2.000000000000000e-01	2.296728822001759e-03	6.237976176555723e-03	-2.169144863728472e-16	4.865796654485163e-16	2.957834693272139e+05	2.293504726178263e+04	8.534704998557482e-03	3.981674795366068e+04	9.081095559238378e+03	1.003688619953131e+04	2.281802809198141e-17	-inf	
9	5.999999999999999e-01	2.000000000000000e-01	2.296728822001759e-03	6.237976176555723e-03	0.000000000000000e+00	5.297806637827297e-16	2.957834693272139e+05	2.293504726178263e+04	8.534704998557482e-03	3.981674795366068e+04	9.081095559238378e+03	1.003688619953131e+04	2.269128511198651e-17	-inf	
10	7.999999999999999e-01	2.000000000000000e-01	2.296728822001759e-03	6.237976176555723e-03	4.740741132991387e-16	-9.686118573881774e-17	2.957834693272139e+05	2.293504726178263e+04	8.534704998557482e-03	3.981674795366068e+04	9.081095559238378e+03	1.003688619953131e+04	2.072478317836732e-17	-inf	
11	1.000000000000000e+00	2.000000000000000e-01	2.296728822001759e-03	6.237976176555723e-03	9.276845958083855e-16	-4.624780558515334e-16	2.957834693272139e+05	2.293504726178263e+04	8.534704998557482e-03	3.981674795366063e+04	9.081095559238367e+03	1.003688619953131e+04	4.439796859294824e-17	-inf	
12	0.000000000000000e+00	3.999999999999999e-01	2.296728822001759e-03	6.237976176555723e-03	-4.738467396237009e-16	0.000000000000000e+00	2.957834693272139e+05	2.293504726178263e+04	8.534704998557482e-03	3.981674795366068e+04	9.081095559238378e+03	1.003688619953131e+04	2.029555286411180e-17	-inf	
13	2.000000000000000e-01	3.999999999999999e-01	2.296728822001759e-03	6.237976176555723e-03	5.908035014489507e-16	0.000000000000000e+00	2.957834693272139e+05	2.293504726178263e+04	8.534704998557482e-03	3.981674795366068e+04	9.081095559238378e+03	1.003688619953131e+04	2.530498301092411e-17	-inf	
14	3.999999999999999e-01	4.000000000000001e-01	2.296728822001759e-03	6.237976176555723e-03	4.341430390685628e-16	0.000000000000000e+00	2.957834693272139e+05	2.293504726178263e+04	8.534704998557482e-03	3.981674795366063e+04	9.081095559238367e+03	1.003688619953131e+04	1.859498496707913e-17	-inf	
15	6.000000000000001e-01	4.000000000000000e-01	2.296728822001759e-03	6.237976176555723e-03	-4.968114808434616e-16	-9.094947017729280e-19	2.957834693272139e+05	2.293504726178263e+04	8.534704998557482e-03	3.981674795366063e+04	9.081095559238367e+03	1.003688619953131e+04	2.127920216731377e-17	-inf	
16	8.000000000000000e-01	4.000000000000000e-01	2.296728822001759e-03	6.237976176555723e-03	-4.865796654485161e-16	0.000000000000000e+00	2.957834693272139e+05	2.293504726178263e+04	8.534704998557482e-03	3.981674795366068e+04	9.081095559238378e+03	1.003688619953131e+04	2.084092280671724e-17	-inf	
17	1.000000000000000e+00	4.000000000000000e-01	2.296728822001759e-03	6.237976176555723e-03	0.000000000000000e+00	0.000000000000000e+00	2.957834693272139e+05	2.293504726178263e+04	8.534704998557482e-03	3.981674795366068e+04	9.081095559238378e+03	1.003688619953131e+04	0.000000000000000e+00	-inf	
18	0.000000000000000e+00	6.000000000000000e-01	2.296728822001759e-03	6.237976176555723e-03	3.128661774098920e-16	4.847606760449705e-16	2.957834693272139e+05	2.293504726178263e+04	8.534704998557482e-03	3.981674795366068e+04	9.081095559238378e+03	1.003688619953131e+04	2.471187163341435e-17	-inf	
19	2.000000000000000e-01	6.000000000000000e-01	2.296728822001759e-03	6.237976176555723e-03	-1.301428788083932e-17	1.818989403545857e-18	2.957834693272139e+05	2.293504726178263e+04	8.534704998557482e-03	3.981674795366068e+04	9.081095559238378e+03	1.003688619953131e+04	5.628394461277276e-19	-inf	
20	4.000000000000001e-01	6.000000000000002e-01	2.296728822001759e-03	6.237976176555723e-03	0.000000000000000e+00	-4.865796654485167e-16	2.957834693272139e+05	2.293504726178263e+04	8.534704998557482e-03	3.981674795366068e+04	9.081095559238378e+03	1.003688619953131e+04	2.084092280671726e-17	-inf	
21	6.000000000000000e-01	6.000000000000001e-01	2.296728822001759e-03	6.237976176555723e-03	1.301428788083919e-17	-4.865796654485157e-16	2.957834693272139e+05	2.293504726178263e+04	8.534704998557482e-03	3.981674795366068e+04	9.081095559238378e+03	1.003688619953131e+04	2.084837599696535e-17	-inf	
22	8.000000000000000e-01	6.000000000000001e-01	2.296728822001759e-03	6.237976176555723e-03	4.874891601502889e-16	-9.094947017729286e-19	2.957834693272139e+05	2.293504726178263e+04	8.534704998557482e-03	3.981674795366068e+04	9.081095559238378e+03	1.003688619953131e+04	2.087991414120160e-17	-inf	
23	1.000000000000000e+00	6.000000000000001e-01	2.296728822001759e-03	6.237976176555723e-03	9.945324563886961e-16	-9.094947017729280e-19	2.957834693272139e+05	2.293504726178263e+04	8.534704998557482e-03	3.981674795366063e+04	9.081095559238367e+03	1.003688619953131e+04	4.259730582915978e-17	-inf	
24	0.000000000000000e+00	8.000000000000000e-01	2.296728822001759e-03	6.237976176555723e-03	-9.063114703167222e-16	0.000000000000000e+00	2.957834693272139e+05	2.293504726178263e+04	8.534704998557482e-03	3.981674795366063e+04	9.081095559238367e+03	1.003688619953131e+04	3.881865341475466e-17	-inf	
25	2.000000000000000e-01	8.000000000000000e-01	2.296728822001759e-03	6.237976176555723e-03	-4.865796654485157e-16	1.682565198279943e-16	2.957834693272139e+05	2.293504726178263e+04	8.534704998557482e-03	3.981674795366068e+04	9.081095559238378e+03	1.003688619953131e+04	2.205176222118609e-17	-inf	
26	3.999999999999999e-01	8.000000000000000e-01	2.296728822001759e-03	6.237976176555723e-03	-9.094947017729284e-19	0.000000000000000e+00	2.957834693272139e+05	2.293504726178263e+04	8.534704998557482e-03	3.981674795366068e+04	9.081095559238378e+03	1.003688619953131e+04	3.895499590040610e-20	-inf	
27	6.000000000000000e-01	8.000000000000000e-01	2.296728822001759e-03	6.237976176555723e-03	0.000000000000000e+00	-1.559783413540595e-16	2.957834693272139e+05	2.293504726178263e+04	8.534704998557482e-03	3.981674795366068e+04	9.081095559238378e+03	1.003688619953131e+04	6.680781796919743e-18	-inf	
28	8.000000000000000e-01	8.000000000000000e-01	2.296728822001759e-03	6.237976176555723e-03	0.000000000000000e+00	4.831690603168677e-16	2.957834693272139e+05	2.293504726178263e+04	8.534704998557482e-03	3.981674795366068e+04	9.081095559238378e+03	1.003688619953131e+04	2.069484157209072e-17	-inf	
29	1.000000000000000e+00	8.000000000000000e-01	2.296728822001759e-03	6.237976176555723e-03	-8.822098607197387e-17	-4.754383553517979e-16	2.957834693272139e+05	2.293504726178263e+04	8.534704998557482e-03	3.981674795366068e+04	9.081095559238378e+03	1.003688619953131e+04	2.071133358722839e-17	-inf	
30	0.000000000000000e+00	1.000000000000000e+00	2.296728822001759e-03	6.237976176555723e-03	1.818989403545857e-18	-9.713403414934871e-16	2.957834693272139e+05	2.293504726178263e+04	8.534704998557482e-03	3.981674795366068e+04	9.081095559238378e+03	1.003688619953131e+04	4.160400857100026e-17	-inf	
31	2.000000000000000e-01	1.000000000000000e+00	2.296728822001759e-03	6.237976176555723e-03	0.000000000000000e+00	0.000000000000000e+00	2.957834693272139e+05	2.293504726178263e+04	8.534704998557482e-03	3.981674795366068e+04	9.081095559238378e+03	1.003688619953131e+04	0.000000000000000e+00	-inf	
32	3.999999999999999e-01	1.000000000000000e+00	2.296728822001759e-03	6.237976176555723e-03	0.000000000000000e+00	0.000000000000000e+00	2.957834693272139e+05	2.293504726178263e+04	8.534704998557482e-03	3.981674795366068e+04	9.081095559238378e+03	1.003688619953131e+04	0.000000000000000e+00	-inf	
33	6.000000000000000e-01	1.000000000000000e+00	2.296728822001759e-03	6.237976176555723e-03	4.888534022029479e-16	-8.731149137020095e-17	2.957834693272139e+05	2.293504726178263e+04	8.534704998557482e-03	3.981674795366068e+04	9.081095559238378e+03	1.003688619953131e+04	2.126965071716043e-17	-inf	
34	8.000000000000000e-01	1.000000000000000e+00	2.296728822001759e-03	6.237976176555723e-03	0.000000000000000e+00	9.904397302307178e-16	2.957834693272139e+05	2.293504726178263e+04	8.534704998557482e-03	3.981674795366063e+04	9.081095559238367e+03	1.003688619953131e+04	4.242199053554222e-17	-inf	
35	1.000000000000000e+00	1.000000000000000e+00	2.296728822001759e-03	6.237976176555723e-03	-9.758878150023500e-16	-1.105036062654105e-16	2.957834693272139e+05	2.293504726178263e+04	8.534704998557482e-03	3.981674795366068e+04	9.081095559238378e+03	1.003688619953131e+04	4.206582698400797e-17	-inf	
EXT_ITER= 1768
AOA= 0.000000000000000e+00
SIDESLIP_ANGLE= 0.000000000000000e+00
INITIAL_BCTHRUST= 4.000000000000000e+03
DCD_DCL_VALUE= 0.000000000000000e+00
DCMX_DCL_VALUE= 0.000000000000000e+00
DCMY_DCL_VALUE= 0.000000000000000e+00
DCMZ_DCL_VALUE= 0.000000000000000e+00
