"PointID"	"x"	"y"	"Density[0]"	"Density[1]"	"Momentum_x"	"Momentum_y"	"Energy"	"Electronic_Energy"	"Total_Density"	"Pressure"	"Temperature"	"Tve"	"Mach"	"C<sub>p</sub>"
0	0.000000000000000e+00	0.000000000000000e+00	1.904195541505570e-03	6.630509457051942e-03	0.000000000000000e+00	0.000000000000000e+00	2.957834693272139e+05	1.487067502134848e+04	8.534704998557512e-03	3.739748706191803e+04	8.308557870059474e+03	8.447081184012191e+03	0.000000000000000e+00	-inf	
1	2.000000000000000e-01	0.000000000000000e+00	1.904195541505570e-03	6.630509457051942e-03	0.000000000000000e+00	1.337866706308007e-15	2.957834693272139e+05	1.487067502134848e+04	8.534704998557512e-03	3.739748706191803e+04	8.308557870059474e+03	8.447081184012191e+03	5.892345377962757e-17	-inf	
2	4.000000000000000e-01	0.000000000000000e+00	1.904195541505570e-03	6.630509457051942e-03	0.000000000000000e+00	-1.060470822267228e-15	2.957834693272139e+05	1.487067502134848e+04	8.534704998557512e-03	3.739748706191803e+04	8.308557870059474e+03	8.447081184012191e+03	4.670615031070277e-17	-inf	
3	6.000000000000001e-01	0.000000000000000e+00	1.904195541505570e-03	6.630509457051942e-03	0.000000000000000e+00	-9.854375093709510e-16	2.957834693272139e+05	1.487067502134848e+04	8.534704998557512e-03	3.739748706191803e+04	8.308557870059474e+03	8.447081184012191e+03	4.340146986419032e-17	-inf	
4	8.000000000000000e-01	0.000000000000000e+00	1.904195541505570e-03	6.630509457051942e-03	3.133209247607740e-16	0.000000000000000e+00	2.957834693272139e+05	1.487067502134848e+04	8.534704998557512e-03	3.739748706191803e+04	8.308557870059474e+03	8.447081184012191e+03	1.379954440998046e-17	-inf	
5	1.000000000000000e+00	0.000000000000000e+00	1.904195541505571e-03	6.630509457051942e-03	5.852598405908797e-16	-1.114131009671834e-16	2.957834693272139e+05	1.487067502134848e+04	8.534704998557513e-03	3.739748706191803e+04	8.308557870059474e+03	8.447081184012193e+03	2.623940727032403e-17	-inf	
6	0.000000000000000e+00	2.000000000000000e-01	1.904195541505570e-03	6.630509457051942e-03	0.000000000000000e+00	0.000000000000000e+00	2.957834693272139e+05	1.487067502134848e+04	8.534704998557512e-03	3.739748706191803e+04	8.308557870059474e+03	8.447081184012191e+03	0.000000000000000e+00	-inf	
7	2.000000000000000e-01	2.000000000000000e-01	1.904195541505570e-03	6.630509457051942e-03	-6.496065907413266e-16	-1.818989403545857e-18	2.957834693272139e+05	1.487067502134848e+04	8.534704998557512e-03	3.739748706191803e+04	8.308557870059474e+03	8.447081184012191e+03	2.861063348449743e-17	-inf	
8	4.000000000000000e-01	2.000000000000000e-01	1.904195541505570e-03	6.630509457051942e-03	-6.680238584522307e-16	3.151399141643198e-16	2.957834693272139e+05	1.487067502134848e+04	8.534704998557512e-03	3.739748706191803e+04	8.308557870059474e+03	8.447081184012191e+03	3.253120928541790e-17	-inf	
9	5.999999999999999e-01	2.000000000000000e-01	1.904195541505570e-03	6.630509457051942e-03	0.000000000000000e+00	8.167262421920892e-16	2.957834693272139e+05	1.487067502134848e+04	8.534704998557512e-03	3.739748706191803e+04	8.308557870059474e+03	8.447081184012191e+03	3.597094595112464e-17	-inf	
10	7.999999999999999e-01	2.000000000000000e-01	1.904195541505570e-03	6.630509457051942e-03	2.971773938043047e-16	-4.956746124662379e-16	2.957834693272139e+05	1.487067502134848e+04	8.534704998557512e-03	3.739748706191803e+04	8.308557870059474e+03	8.447081184012191e+03	2.545385726097657e-17	-inf	
11	1.000000000000000e+00	2.000000000000000e-01	1.904195541505571e-03	6.630509457051942e-03	5.793481250293561e-16	-2.919477992691107e-16	2.957834693272139e+05	1.487067502134848e+04	8.534704998557513e-03	3.739748706191803e+04	8.308557870059474e+03	8.447081184012193e+03	2.857283553046085e-17	-inf	
12	0.000000000000000e+00	3.999999999999999e-01	1.904195541505570e-03	6.630509457051942e-03	-1.260559656657325e-15	0.000000000000000e+00	2.957834693272139e+05	1.487067502134848e+04	8.534704998557512e-03	3.739748706191803e+04	8.308557870059474e+03	8.447081184012191e+03	5.551863150140382e-17	-inf	
13	2.000000000000000e-01	3.999999999999999e-01	1.904195541505570e-03	6.630509457051942e-03	6.471861258250422e-16	0.000000000000000e+00	2.957834693272139e+05	1.487067502134848e+04	8.534704998557512e-03	3.739748706191803e+04	8.308557870059474e+03	8.447081184012191e+03	2.850391716309643e-17	-inf	
14	3.999999999999999e-01	4.000000000000001e-01	1.904195541505571e-03	6.630509457051942e-03	2.497369411502696e-16	0.000000000000000e+00	2.957834693272139e+05	1.487067502134848e+04	8.534704998557513e-03	3.739748706191803e+04	8.308557870059474e+03	8.447081184012193e+03	1.099912497975390e-17	-inf	
15	6.000000000000001e-01	4.000000000000000e-01	1.904195541505571e-03	6.630509457051942e-03	-7.703420124016695e-16	-9.094947017729280e-19	2.957834693272139e+05	1.487067502134848e+04	8.534704998557513e-03	3.739748706191803e+04	8.308557870059474e+03	8.447081184012193e+03	3.392807623042294e-17	-inf	
16	8.000000000000000e-01	4.000000000000000e-01	1.904195541505570e-03	6.630509457051942e-03	-3.215063770767304e-16	0.000000000000000e+00	2.957834693272139e+05	1.487067502134848e+04	8.534704998557512e-03	3.739748706191803e+04	8.308557870059474e+03	8.447081184012191e+03	1.416005500414541e-17	-inf	
17	1.000000000000000e+00	4.000000000000000e-01	1.904195541505570e-03	6.630509457051942e-03	0.000000000000000e+00	0.000000000000000e+00	2.957834693272139e+05	1.487067502134848e+04	8.534704998557512e-03	3.739748706191803e+04	8.308557870059474e+03	8.447081184012191e+03	0.000000000000000e+00	-inf	
18	0.000000000000000e+00	6.000000000000000e-01	1.904195541505570e-03	6.630509457051942e-03	1.060470822267228e-15	3.133209247607739e-16	2.957834693272139e+05	1.487067502134848e+04	8.534704998557512e-03	3.739748706191803e+04	8.308557870059474e+03	8.447081184012191e+03	4.870207287959089e-17	-inf	
19	2.000000000000000e-01	6.000000000000000e-01	1.904195541505570e-03	6.630509457051942e-03	1.766906403633193e-17	1.818989403545857e-18	2.957834693272139e+05	1.487067502134848e+04	8.534704998557512e-03	3.739748706191803e+04	8.308557870059474e+03	8.447081184012191e+03	7.823086993167897e-19	-inf	
20	4.000000000000001e-01	6.000000000000002e-01	1.904195541505570e-03	6.630509457051942e-03	0.000000000000000e+00	-3.151399141643199e-16	2.957834693272139e+05	1.487067502134848e+04	8.534704998557512e-03	3.739748706191803e+04	8.308557870059474e+03	8.447081184012191e+03	1.387965787535045e-17	-inf	
21	6.000000000000000e-01	6.000000000000001e-01	1.904195541505570e-03	6.630509457051942e-03	-1.766906403633152e-17	-3.258264769101520e-16	2.957834693272139e+05	1.487067502134848e+04	8.534704998557512e-03	3.739748706191803e+04	8.308557870059474e+03	8.447081184012191e+03	1.437140917033673e-17	-inf	
22	8.000000000000000e-01	6.000000000000001e-01	1.904195541505570e-03	6.630509457051942e-03	4.638422979041938e-16	-9.094947017729286e-19	2.957834693272139e+05	1.487067502134848e+04	8.534704998557512e-03	3.739748706191803e+04	8.308557870059474e+03	8.447081184012191e+03	2.042897294061579e-17	-inf	
23	1.000000000000000e+00	6.000000000000001e-01	1.904195541505571e-03	6.630509457051942e-03	1.258740667253732e-15	-9.094947017729280e-19	2.957834693272139e+05	1.487067502134848e+04	8.534704998557513e-03	3.739748706191803e+04	8.308557870059474e+03	8.447081184012193e+03	5.543853250739279e-17	-inf	
24	0.000000000000000e+00	8.000000000000000e-01	1.904195541505571e-03	6.630509457051942e-03	-5.493347998708511e-16	0.000000000000000e+00	2.957834693272139e+05	1.487067502134848e+04	8.534704998557513e-03	3.739748706191803e+04	8.308557870059474e+03	8.447081184012193e+03	2.419426654173651e-17	-inf	
25	2.000000000000000e-01	8.000000000000000e-01	1.904195541505570e-03	6.630509457051942e-03	-3.258264769101521e-16	6.486970960395534e-16	2.957834693272139e+05	1.487067502134848e+04	8.534704998557512e-03	3.739748706191803e+04	8.308557870059474e+03	8.447081184012191e+03	3.197191360487018e-17	-inf	
26	3.999999999999999e-01	8.000000000000000e-01	1.904195541505570e-03	6.630509457051942e-03	-9.094947017729284e-19	0.000000000000000e+00	2.957834693272139e+05	1.487067502134848e+04	8.534704998557512e-03	3.739748706191803e+04	8.308557870059474e+03	8.447081184012191e+03	4.005673268499406e-20	-inf	
27	6.000000000000000e-01	8.000000000000000e-01	1.904195541505570e-03	6.630509457051942e-03	0.000000000000000e+00	-6.536993168993052e-16	2.957834693272139e+05	1.487067502134848e+04	8.534704998557512e-03	3.739748706191803e+04	8.308557870059474e+03	8.447081184012191e+03	2.879077661734005e-17	-inf	
28	8.000000000000000e-01	8.000000000000000e-01	1.904195541505570e-03	6.630509457051942e-03	0.000000000000000e+00	3.074092091992490e-16	2.957834693272139e+05	1.487067502134848e+04	8.534704998557512e-03	3.739748706191803e+04	8.308557870059474e+03	8.447081184012191e+03	1.353917564752796e-17	-inf	
29	1.000000000000000e+00	8.000000000000000e-01	1.904195541505570e-03	6.630509457051942e-03	-9.836185199674049e-16	-3.001332515850679e-16	2.957834693272139e+05	1.487067502134848e+04	8.534704998557512e-03	3.739748706191803e+04	8.308557870059474e+03	8.447081184012191e+03	4.529320617808539e-17	-inf	
30	0.000000000000000e+00	1.000000000000000e+00	1.904195541505570e-03	6.630509457051942e-03	1.818989403545857e-18	-6.284608389250941e-16	2.957834693272139e+05	1.487067502134848e+04	8.534704998557512e-03	3.739748706191803e+04	8.308557870059474e+03	8.447081184012191e+03	2.767931822353293e-17	-inf	
31	2.000000000000000e-01	1.000000000000000e+00	1.904195541505570e-03	6.630509457051942e-03	0.000000000000000e+00	0.000000000000000e+00	2.957834693272139e+05	1.487067502134848e+04	8.534704998557512e-03	3.739748706191803e+04	8.308557870059474e+03	8.447081184012191e+03	0.000000000000000e+00	-inf	
32	3.999999999999999e-01	1.000000000000000e+00	1.904195541505570e-03	6.630509457051942e-03	0.000000000000000e+00	0.000000000000000e+00	2.957834693272139e+05	1.487067502134848e+04	8.534704998557512e-03	3.739748706191803e+04	8.308557870059474e+03	8.447081184012191e+03	0.000000000000000e+00	-inf	
33	6.000000000000000e-01	1.000000000000000e+00	1.904195541505570e-03	6.630509457051942e-03	3.237801138311624e-16	-7.348717190325094e-16	2.957834693272139e+05	1.487067502134848e+04	8.534704998557512e-03	3.739748706191803e+04	8.308557870059474e+03	8.447081184012191e+03	3.536807618907634e-17	-inf	
34	8.000000000000000e-01	1.000000000000000e+00	1.904195541505571e-03	6.630509457051942e-03	0.000000000000000e+00	4.192770575173137e-16	2.957834693272139e+05	1.487067502134848e+04	8.534704998557513e-03	3.739748706191803e+04	8.308557870059474e+03	8.447081184012193e+03	1.846615376778198e-17	-inf	
35	1.000000000000000e+00	1.000000000000000e+00	1.904195541505570e-03	6.630509457051942e-03	-6.457412382587787e-16	8.094502845779047e-17	2.957834693272139e+05	1.487067502134848e+04	8.534704998557512e-03	3.739748706191803e+04	8.308557870059474e+03	8.447081184012191e+03	2.866285251118250e-17	-inf	
EXT_ITER= 8071
AOA= 0.000000000000000e+00
SIDESLIP_ANGLE= 0.000000000000000e+00
INITIAL_BCTHRUST= 4.000000000000000e+03
DCD_DCL_VALUE= 0.000000000000000e+00
DCMX_DCL_VALUE= 0.000000000000000e+00
DCMY_DCL_VALUE= 0.000000000000000e+00
DCMZ_DCL_VALUE= 0.000000000000000e+00
