"PointID"	"x"	"y"	"Density[0]"	"Density[1]"	"Momentum_x"	"Momentum_y"	"Energy"	"Electronic_Energy"	"Total_Density"	"Pressure"	"Temperature"	"Tve"	"Mach"	"C<sub>p</sub>"
0	0.000000000000000e+00	0.000000000000000e+00	2.110565582126908e-03	6.424139416430571e-03	0.000000000000000e+00	0.000000000000000e+00	2.957834693272139e+05	1.843823771733155e+04	8.534704998557480e-03	3.909459091479625e+04	8.805426829556651e+03	9.163600503065414e+03	0.000000000000000e+00	-inf	
1	2.000000000000000e-01	0.000000000000000e+00	2.110565582126908e-03	6.424139416430571e-03	0.000000000000000e+00	7.539711077697393e-16	2.957834693272139e+05	1.843823771733155e+04	8.534704998557480e-03	3.909459091479625e+04	8.805426829556651e+03	9.163600503065414e+03	3.253695444417219e-17	-inf	
2	4.000000000000000e-01	0.000000000000000e+00	2.110565582126908e-03	6.424139416430571e-03	0.000000000000000e+00	-6.189111445564708e-16	2.957834693272139e+05	1.843823771733155e+04	8.534704998557480e-03	3.909459091479625e+04	8.805426829556651e+03	9.163600503065414e+03	2.670856151901022e-17	-inf	
3	6.000000000000001e-01	0.000000000000000e+00	2.110565582126908e-03	6.424139416430571e-03	0.000000000000000e+00	-1.864464138634519e-16	2.957834693272139e+05	1.843823771733155e+04	8.534704998557480e-03	3.909459091479625e+04	8.805426829556651e+03	9.163600503065414e+03	8.045929627328732e-18	-inf	
4	8.000000000000000e-01	0.000000000000000e+00	2.110565582126908e-03	6.424139416430571e-03	1.566604623803860e-16	0.000000000000000e+00	2.957834693272139e+05	1.843823771733155e+04	8.534704998557480e-03	3.909459091479625e+04	8.805426829556651e+03	9.163600503065414e+03	6.760543308816364e-18	-inf	
5	1.000000000000000e+00	0.000000000000000e+00	2.110565582126909e-03	6.424139416430571e-03	2.537490217946446e-16	3.360582923051022e-16	2.957834693272139e+05	1.843823771733155e+04	8.534704998557480e-03	3.909459091479624e+04	8.805426829556649e+03	9.163600503065414e+03	1.817212179242384e-17	-inf	
6	0.000000000000000e+00	2.000000000000000e-01	2.110565582126908e-03	6.424139416430571e-03	0.000000000000000e+00	0.000000000000000e+00	2.957834693272139e+05	1.843823771733155e+04	8.534704998557480e-03	3.909459091479625e+04	8.805426829556651e+03	9.163600503065414e+03	0.000000000000000e+00	-inf	
7	2.000000000000000e-01	2.000000000000000e-01	2.110565582126908e-03	6.424139416430571e-03	-3.240074875066011e-16	-1.818989403545857e-18	2.957834693272139e+05	1.843823771733155e+04	8.534704998557480e-03	3.909459091479625e+04	8.805426829556651e+03	9.163600503065414e+03	1.398247609517625e-17	-inf	
8	4.000000000000000e-01	2.000000000000000e-01	2.110565582126908e-03	6.424139416430571e-03	-3.760760591830968e-16	1.584794517839318e-16	2.957834693272139e+05	1.843823771733155e+04	8.534704998557480e-03	3.909459091479625e+04	8.805426829556651e+03	9.163600503065414e+03	1.761136955434729e-17	-inf	
9	5.999999999999999e-01	2.000000000000000e-01	2.110565582126908e-03	6.424139416430571e-03	0.000000000000000e+00	2.539763954700913e-16	2.957834693272139e+05	1.843823771733155e+04	8.534704998557480e-03	3.909459091479625e+04	8.805426829556651e+03	9.163600503065414e+03	1.096012608990994e-17	-inf	
10	7.999999999999999e-01	2.000000000000000e-01	2.110565582126908e-03	6.424139416430571e-03	1.455191522836685e-16	-1.825810613809183e-16	2.957834693272139e+05	1.843823771733155e+04	8.534704998557480e-03	3.909459091479625e+04	8.805426829556651e+03	9.163600503065414e+03	1.007550747322736e-17	-inf	
11	1.000000000000000e+00	2.000000000000000e-01	2.110565582126909e-03	6.424139416430571e-03	2.623892214614887e-16	-1.264197635464361e-16	2.957834693272139e+05	1.843823771733155e+04	8.534704998557480e-03	3.909459091479624e+04	8.805426829556649e+03	9.163600503065414e+03	1.256889455336345e-17	-inf	
12	0.000000000000000e+00	3.999999999999999e-01	2.110565582126908e-03	6.424139416430571e-03	-8.285496733151131e-16	0.000000000000000e+00	2.957834693272139e+05	1.843823771733155e+04	8.534704998557480e-03	3.909459091479625e+04	8.805426829556651e+03	9.163600503065414e+03	3.575532629510339e-17	-inf	
13	2.000000000000000e-01	3.999999999999999e-01	2.110565582126908e-03	6.424139416430571e-03	3.172971496720196e-16	0.000000000000000e+00	2.957834693272139e+05	1.843823771733155e+04	8.534704998557480e-03	3.909459091479625e+04	8.805426829556651e+03	9.163600503065414e+03	1.369267707708645e-17	-inf	
14	3.999999999999999e-01	4.000000000000001e-01	2.110565582126909e-03	6.424139416430571e-03	1.072038735624720e-16	0.000000000000000e+00	2.957834693272139e+05	1.843823771733155e+04	8.534704998557480e-03	3.909459091479624e+04	8.805426829556649e+03	9.163600503065414e+03	4.626288082389226e-18	-inf	
15	6.000000000000001e-01	4.000000000000000e-01	2.110565582126909e-03	6.424139416430571e-03	-2.009983290918186e-16	-9.094947017729280e-19	2.957834693272139e+05	1.843823771733155e+04	8.534704998557480e-03	3.909459091479624e+04	8.805426829556649e+03	9.163600503065414e+03	8.673993419547153e-18	-inf	
16	8.000000000000000e-01	4.000000000000000e-01	2.110565582126908e-03	6.424139416430571e-03	-1.621174305910240e-16	0.000000000000000e+00	2.957834693272139e+05	1.843823771733155e+04	8.534704998557480e-03	3.909459091479625e+04	8.805426829556651e+03	9.163600503065414e+03	6.996033932055271e-18	-inf	
17	1.000000000000000e+00	4.000000000000000e-01	2.110565582126908e-03	6.424139416430571e-03	0.000000000000000e+00	0.000000000000000e+00	2.957834693272139e+05	1.843823771733155e+04	8.534704998557480e-03	3.909459091479625e+04	8.805426829556651e+03	9.163600503065414e+03	0.000000000000000e+00	-inf	
18	0.000000000000000e+00	6.000000000000000e-01	2.110565582126908e-03	6.424139416430571e-03	6.189111445564708e-16	1.566604623803859e-16	2.957834693272139e+05	1.843823771733155e+04	8.534704998557480e-03	3.909459091479625e+04	8.805426829556651e+03	9.163600503065414e+03	2.755090205864655e-17	-inf	
19	2.000000000000000e-01	6.000000000000000e-01	2.110565582126908e-03	6.424139416430571e-03	-3.070107500285834e-17	1.818989403545857e-18	2.957834693272139e+05	1.843823771733155e+04	8.534704998557480e-03	3.909459091479625e+04	8.805426829556651e+03	9.163600503065414e+03	1.327201032072672e-18	-inf	
20	4.000000000000001e-01	6.000000000000002e-01	2.110565582126908e-03	6.424139416430571e-03	0.000000000000000e+00	-1.584794517839320e-16	2.957834693272139e+05	1.843823771733155e+04	8.534704998557480e-03	3.909459091479625e+04	8.805426829556651e+03	9.163600503065414e+03	6.839040183229332e-18	-inf	
21	6.000000000000000e-01	6.000000000000001e-01	2.110565582126908e-03	6.424139416430571e-03	3.070107500285853e-17	-1.625721779419105e-16	2.957834693272139e+05	1.843823771733155e+04	8.534704998557480e-03	3.909459091479625e+04	8.805426829556651e+03	9.163600503065414e+03	7.139661063884151e-18	-inf	
22	8.000000000000000e-01	6.000000000000001e-01	2.110565582126908e-03	6.424139416430571e-03	1.630269252927967e-16	-9.094947017729286e-19	2.957834693272139e+05	1.843823771733155e+04	8.534704998557480e-03	3.909459091479625e+04	8.805426829556651e+03	9.163600503065414e+03	7.035391848011614e-18	-inf	
23	1.000000000000000e+00	6.000000000000001e-01	2.110565582126909e-03	6.424139416430571e-03	4.029061528854101e-16	-9.094947017729280e-19	2.957834693272139e+05	1.843823771733155e+04	8.534704998557480e-03	3.909459091479624e+04	8.805426829556649e+03	9.163600503065414e+03	1.738710198087676e-17	-inf	
24	0.000000000000000e+00	8.000000000000000e-01	2.110565582126909e-03	6.424139416430571e-03	-2.173692337237310e-16	0.000000000000000e+00	2.957834693272139e+05	1.843823771733155e+04	8.534704998557480e-03	3.909459091479624e+04	8.805426829556649e+03	9.163600503065414e+03	9.380376492349078e-18	-inf	
25	2.000000000000000e-01	8.000000000000000e-01	2.110565582126908e-03	6.424139416430571e-03	-1.625721779419105e-16	3.230979928048282e-16	2.957834693272139e+05	1.843823771733155e+04	8.534704998557480e-03	3.909459091479625e+04	8.805426829556651e+03	9.163600503065414e+03	1.560855253845185e-17	-inf	
26	3.999999999999999e-01	8.000000000000000e-01	2.110565582126908e-03	6.424139416430571e-03	-9.094947017729284e-19	0.000000000000000e+00	2.957834693272139e+05	1.843823771733155e+04	8.534704998557480e-03	3.909459091479625e+04	8.805426829556651e+03	9.163600503065414e+03	3.924843720648129e-20	-inf	
27	6.000000000000000e-01	8.000000000000000e-01	2.110565582126908e-03	6.424139416430571e-03	0.000000000000000e+00	-3.226432454539417e-16	2.957834693272139e+05	1.843823771733155e+04	8.534704998557480e-03	3.909459091479625e+04	8.805426829556651e+03	9.163600503065414e+03	1.392338309899904e-17	-inf	
28	8.000000000000000e-01	8.000000000000000e-01	2.110565582126908e-03	6.424139416430571e-03	0.000000000000000e+00	1.564330887049425e-16	2.957834693272139e+05	1.843823771733155e+04	8.534704998557480e-03	3.909459091479625e+04	8.805426829556651e+03	9.163600503065414e+03	6.750731199514729e-18	-inf	
29	1.000000000000000e+00	8.000000000000000e-01	2.110565582126908e-03	6.424139416430571e-03	-1.846274244599060e-16	-1.459738996345554e-16	2.957834693272139e+05	1.843823771733155e+04	8.534704998557480e-03	3.909459091479625e+04	8.805426829556651e+03	9.163600503065414e+03	1.015687450087690e-17	-inf	
30	0.000000000000000e+00	1.000000000000000e+00	2.110565582126908e-03	6.424139416430571e-03	1.818989403545857e-18	-3.151399141643182e-16	2.957834693272139e+05	1.843823771733155e+04	8.534704998557480e-03	3.909459091479625e+04	8.805426829556651e+03	9.163600503065414e+03	1.359981003236496e-17	-inf	
31	2.000000000000000e-01	1.000000000000000e+00	2.110565582126908e-03	6.424139416430571e-03	0.000000000000000e+00	0.000000000000000e+00	2.957834693272139e+05	1.843823771733155e+04	8.534704998557480e-03	3.909459091479625e+04	8.805426829556651e+03	9.163600503065414e+03	0.000000000000000e+00	-inf	
32	3.999999999999999e-01	1.000000000000000e+00	2.110565582126908e-03	6.424139416430571e-03	0.000000000000000e+00	0.000000000000000e+00	2.957834693272139e+05	1.843823771733155e+04	8.534704998557480e-03	3.909459091479625e+04	8.805426829556651e+03	9.163600503065414e+03	0.000000000000000e+00	-inf	
33	6.000000000000000e-01	1.000000000000000e+00	2.110565582126908e-03	6.424139416430571e-03	1.643911673454559e-16	-1.564330887049445e-16	2.957834693272139e+05	1.843823771733155e+04	8.534704998557480e-03	3.909459091479625e+04	8.805426829556651e+03	9.163600503065414e+03	9.792824273305905e-18	-inf	
34	8.000000000000000e-01	1.000000000000000e+00	2.110565582126909e-03	6.424139416430571e-03	0.000000000000000e+00	5.748006515204931e-16	2.957834693272139e+05	1.843823771733155e+04	8.534704998557480e-03	3.909459091479624e+04	8.805426829556649e+03	9.163600503065414e+03	2.480501231449628e-17	-inf	
35	1.000000000000000e+00	1.000000000000000e+00	2.110565582126908e-03	6.424139416430571e-03	-3.269633452873658e-16	-3.292370820418050e-16	2.957834693272139e+05	1.843823771733155e+04	8.534704998557480e-03	3.909459091479625e+04	8.805426829556651e+03	9.163600503065414e+03	2.002379145014804e-17	-inf	
EXT_ITER= 3433
AOA= 0.000000000000000e+00
SIDESLIP_ANGLE= 0.000000000000000e+00
INITIAL_BCTHRUST= 4.000000000000000e+03
DCD_DCL_VALUE= 0.000000000000000e+00
DCMX_DCL_VALUE= 0.000000000000000e+00
DCMY_DCL_VALUE= 0.000000000000000e+00
DCMZ_DCL_VALUE= 0.000000000000000e+00
