"PointID"	"x"	"y"	"Density[0]"	"Density[1]"	"Momentum_x"	"Momentum_y"	"Energy"	"Electronic_Energy"	"Total_Density"	"Pressure"	"Temperature"	"Tve"	"Mach"	"C<sub>p</sub>"
0	0.000000000000000e+00	0.000000000000000e+00	1.902204998176419e-03	6.632500000381090e-03	0.000000000000000e+00	0.000000000000000e+00	2.957834693272139e+05	1.483958921453368e+04	8.534704998557510e-03	3.737886671457944e+04	8.303331136464265e+03	8.440659226788275e+03	0.000000000000000e+00	-inf	
1	2.000000000000000e-01	0.000000000000000e+00	1.902204998176419e-03	6.632500000381090e-03	0.000000000000000e+00	1.345142663922192e-15	2.957834693272139e+05	1.483958921453368e+04	8.534704998557510e-03	3.737886671457944e+04	8.303331136464265e+03	8.440659226788275e+03	5.925763647580178e-17	-inf	
2	4.000000000000000e-01	0.000000000000000e+00	1.902204998176419e-03	6.632500000381090e-03	0.000000000000000e+00	-1.063654053723433e-15	2.957834693272139e+05	1.483958921453368e+04	8.534704998557510e-03	3.737886671457944e+04	8.303331136464265e+03	8.440659226788275e+03	4.685720477244636e-17	-inf	
3	6.000000000000001e-01	0.000000000000000e+00	1.902204998176419e-03	6.632500000381090e-03	0.000000000000000e+00	-9.999894245993198e-16	2.957834693272139e+05	1.483958921453368e+04	8.534704998557510e-03	3.737886671457944e+04	8.303331136464265e+03	8.440659226788275e+03	4.405258370868261e-17	-inf	
4	8.000000000000000e-01	0.000000000000000e+00	1.902204998176419e-03	6.632500000381090e-03	3.153672878397630e-16	0.000000000000000e+00	2.957834693272139e+05	1.483958921453368e+04	8.534704998557510e-03	3.737886671457944e+04	8.303331136464265e+03	8.440659226788275e+03	1.389289076942786e-17	-inf	
5	1.000000000000000e+00	0.000000000000000e+00	1.902204998176419e-03	6.632500000381090e-03	5.970832717139278e-16	-1.164153218269347e-16	2.957834693272139e+05	1.483958921453369e+04	8.534704998557510e-03	3.737886671457948e+04	8.303331136464274e+03	8.440659226788275e+03	2.679863131126289e-17	-inf	
6	0.000000000000000e+00	2.000000000000000e-01	1.902204998176419e-03	6.632500000381090e-03	0.000000000000000e+00	0.000000000000000e+00	2.957834693272139e+05	1.483958921453368e+04	8.534704998557510e-03	3.737886671457944e+04	8.303331136464265e+03	8.440659226788275e+03	0.000000000000000e+00	-inf	
7	2.000000000000000e-01	2.000000000000000e-01	1.902204998176419e-03	6.632500000381090e-03	-6.552909326274081e-16	-1.818989403545857e-18	2.957834693272139e+05	1.483958921453368e+04	8.534704998557510e-03	3.737886671457944e+04	8.303331136464265e+03	8.440659226788275e+03	2.886767516620323e-17	-inf	
8	4.000000000000000e-01	2.000000000000000e-01	1.902204998176419e-03	6.632500000381090e-03	-6.716618372593229e-16	3.171862772433088e-16	2.957834693272139e+05	1.483958921453368e+04	8.534704998557510e-03	3.737886671457944e+04	8.303331136464265e+03	8.440659226788275e+03	3.272215800128265e-17	-inf	
9	5.999999999999999e-01	2.000000000000000e-01	1.902204998176419e-03	6.632500000381090e-03	0.000000000000000e+00	8.265033102361478e-16	2.957834693272139e+05	1.483958921453368e+04	8.534704998557510e-03	3.737886671457944e+04	8.303331136464265e+03	8.440659226788275e+03	3.640999130992804e-17	-inf	
10	7.999999999999999e-01	2.000000000000000e-01	1.902204998176419e-03	6.632500000381090e-03	2.996785042341802e-16	-5.009042070014330e-16	2.957834693272139e+05	1.483958921453368e+04	8.534704998557510e-03	3.737886671457944e+04	8.303331136464265e+03	8.440659226788275e+03	2.571401185518128e-17	-inf	
11	1.000000000000000e+00	2.000000000000000e-01	1.902204998176419e-03	6.632500000381090e-03	5.925357982050639e-16	-2.978595148306348e-16	2.957834693272139e+05	1.483958921453369e+04	8.534704998557510e-03	3.737886671457948e+04	8.303331136464274e+03	8.440659226788275e+03	2.921547508569182e-17	-inf	
12	0.000000000000000e+00	3.999999999999999e-01	1.902204998176419e-03	6.632500000381090e-03	-1.259650161955553e-15	0.000000000000000e+00	2.957834693272139e+05	1.483958921453368e+04	8.534704998557510e-03	3.737886671457944e+04	8.303331136464265e+03	8.440659226788275e+03	5.549143104732023e-17	-inf	
13	2.000000000000000e-01	3.999999999999999e-01	1.902204998176419e-03	6.632500000381090e-03	6.509823518060014e-16	0.000000000000000e+00	2.957834693272139e+05	1.483958921453368e+04	8.534704998557510e-03	3.737886671457944e+04	8.303331136464265e+03	8.440659226788275e+03	2.867775782458856e-17	-inf	
14	3.999999999999999e-01	4.000000000000001e-01	1.902204998176419e-03	6.632500000381090e-03	2.530784197803420e-16	0.000000000000000e+00	2.957834693272139e+05	1.483958921453369e+04	8.534704998557510e-03	3.737886671457948e+04	8.303331136464274e+03	8.440659226788275e+03	1.114887617606732e-17	-inf	
15	6.000000000000001e-01	4.000000000000000e-01	1.902204998176419e-03	6.632500000381090e-03	-7.812559488229439e-16	-9.094947017729280e-19	2.957834693272139e+05	1.483958921453369e+04	8.534704998557510e-03	3.737886671457948e+04	8.303331136464274e+03	8.440659226788275e+03	3.441673037520095e-17	-inf	
16	8.000000000000000e-01	4.000000000000000e-01	1.902204998176419e-03	6.632500000381090e-03	-3.258264769101519e-16	0.000000000000000e+00	2.957834693272139e+05	1.483958921453368e+04	8.534704998557510e-03	3.737886671457944e+04	8.303331136464265e+03	8.440659226788275e+03	1.435364994418899e-17	-inf	
17	1.000000000000000e+00	4.000000000000000e-01	1.902204998176419e-03	6.632500000381090e-03	0.000000000000000e+00	0.000000000000000e+00	2.957834693272139e+05	1.483958921453368e+04	8.534704998557510e-03	3.737886671457944e+04	8.303331136464265e+03	8.440659226788275e+03	0.000000000000000e+00	-inf	
18	0.000000000000000e+00	6.000000000000000e-01	1.902204998176419e-03	6.632500000381090e-03	1.063654053723433e-15	3.153672878397629e-16	2.957834693272139e+05	1.483958921453368e+04	8.534704998557510e-03	3.737886671457944e+04	8.303331136464265e+03	8.440659226788275e+03	4.887340844486113e-17	-inf	
19	2.000000000000000e-01	6.000000000000000e-01	1.902204998176419e-03	6.632500000381090e-03	1.957717411216924e-17	1.818989403545857e-18	2.957834693272139e+05	1.483958921453368e+04	8.534704998557510e-03	3.737886671457944e+04	8.303331136464265e+03	8.440659226788275e+03	8.661489072173429e-19	-inf	
20	4.000000000000001e-01	6.000000000000002e-01	1.902204998176419e-03	6.632500000381090e-03	0.000000000000000e+00	-3.171862772433089e-16	2.957834693272139e+05	1.483958921453368e+04	8.534704998557510e-03	3.737886671457944e+04	8.303331136464265e+03	8.440659226788275e+03	1.397302279982110e-17	-inf	
21	6.000000000000000e-01	6.000000000000001e-01	1.902204998176419e-03	6.632500000381090e-03	-1.957717411216883e-17	-3.283275873400275e-16	2.957834693272139e+05	1.483958921453368e+04	8.534704998557510e-03	3.737886671457944e+04	8.303331136464265e+03	8.440659226788275e+03	1.448952083548647e-17	-inf	
22	8.000000000000000e-01	6.000000000000001e-01	1.902204998176419e-03	6.632500000381090e-03	4.797584551852201e-16	-9.094947017729286e-19	2.957834693272139e+05	1.483958921453368e+04	8.534704998557510e-03	3.737886671457944e+04	8.303331136464265e+03	8.440659226788275e+03	2.113486099344834e-17	-inf	
23	1.000000000000000e+00	6.000000000000001e-01	1.902204998176419e-03	6.632500000381090e-03	1.257376425201071e-15	-9.094947017729280e-19	2.957834693272139e+05	1.483958921453369e+04	8.534704998557510e-03	3.737886671457948e+04	8.303331136464274e+03	8.440659226788275e+03	5.539128049974601e-17	-inf	
24	0.000000000000000e+00	8.000000000000000e-01	1.902204998176419e-03	6.632500000381090e-03	-5.602487362921263e-16	0.000000000000000e+00	2.957834693272139e+05	1.483958921453369e+04	8.534704998557510e-03	3.737886671457948e+04	8.303331136464274e+03	8.440659226788275e+03	2.468066536111778e-17	-inf	
25	2.000000000000000e-01	8.000000000000000e-01	1.902204998176419e-03	6.632500000381090e-03	-3.283275873400275e-16	6.543814379256350e-16	2.957834693272139e+05	1.483958921453368e+04	8.534704998557510e-03	3.737886671457944e+04	8.303331136464265e+03	8.440659226788275e+03	3.225255119192542e-17	-inf	
26	3.999999999999999e-01	8.000000000000000e-01	1.902204998176419e-03	6.632500000381090e-03	-9.094947017729284e-19	0.000000000000000e+00	2.957834693272139e+05	1.483958921453368e+04	8.534704998557510e-03	3.737886671457944e+04	8.303331136464265e+03	8.440659226788275e+03	4.006601519661962e-20	-inf	
27	6.000000000000000e-01	8.000000000000000e-01	1.902204998176419e-03	6.632500000381090e-03	0.000000000000000e+00	-6.568825483555108e-16	2.957834693272139e+05	1.483958921453368e+04	8.534704998557510e-03	3.737886671457944e+04	8.303331136464265e+03	8.440659226788275e+03	2.893767947575911e-17	-inf	
28	8.000000000000000e-01	8.000000000000000e-01	1.902204998176419e-03	6.632500000381090e-03	0.000000000000000e+00	3.099103196291245e-16	2.957834693272139e+05	1.483958921453368e+04	8.534704998557510e-03	3.737886671457944e+04	8.303331136464265e+03	8.440659226788275e+03	1.365249467824810e-17	-inf	
29	1.000000000000000e+00	8.000000000000000e-01	1.902204998176419e-03	6.632500000381090e-03	-9.981704351957737e-16	-3.021796146640569e-16	2.957834693272139e+05	1.483958921453368e+04	8.534704998557510e-03	3.737886671457944e+04	8.303331136464265e+03	8.440659226788275e+03	4.594327025163243e-17	-inf	
30	0.000000000000000e+00	1.000000000000000e+00	1.902204998176419e-03	6.632500000381090e-03	1.818989403545857e-18	-6.325535650830720e-16	2.957834693272139e+05	1.483958921453368e+04	8.534704998557510e-03	3.737886671457944e+04	8.303331136464265e+03	8.440659226788275e+03	2.786602878400775e-17	-inf	
31	2.000000000000000e-01	1.000000000000000e+00	1.902204998176419e-03	6.632500000381090e-03	0.000000000000000e+00	0.000000000000000e+00	2.957834693272139e+05	1.483958921453368e+04	8.534704998557510e-03	3.737886671457944e+04	8.303331136464265e+03	8.440659226788275e+03	0.000000000000000e+00	-inf	
32	3.999999999999999e-01	1.000000000000000e+00	1.902204998176419e-03	6.632500000381090e-03	0.000000000000000e+00	0.000000000000000e+00	2.957834693272139e+05	1.483958921453368e+04	8.534704998557510e-03	3.737886671457944e+04	8.303331136464265e+03	8.440659226788275e+03	0.000000000000000e+00	-inf	
33	6.000000000000000e-01	1.000000000000000e+00	1.902204998176419e-03	6.632500000381090e-03	3.281002136645839e-16	-7.462404028046700e-16	2.957834693272139e+05	1.483958921453368e+04	8.534704998557510e-03	3.737886671457944e+04	8.303331136464265e+03	8.440659226788275e+03	3.591132861383484e-17	-inf	
34	8.000000000000000e-01	1.000000000000000e+00	1.902204998176419e-03	6.632500000381090e-03	0.000000000000000e+00	4.224602889735189e-16	2.957834693272139e+05	1.483958921453369e+04	8.534704998557510e-03	3.737886671457948e+04	8.303331136464274e+03	8.440659226788275e+03	1.861066405882952e-17	-inf	
35	1.000000000000000e+00	1.000000000000000e+00	1.902204998176419e-03	6.632500000381090e-03	-6.543814379256217e-16	8.412825991399571e-17	2.957834693272139e+05	1.483958921453368e+04	8.534704998557510e-03	3.737886671457944e+04	8.303331136464265e+03	8.440659226788275e+03	2.906475291178638e-17	-inf	
EXT_ITER= 8143
AOA= 0.000000000000000e+00
SIDESLIP_ANGLE= 0.000000000000000e+00
INITIAL_BCTHRUST= 4.000000000000000e+03
DCD_DCL_VALUE= 0.000000000000000e+00
DCMX_DCL_VALUE= 0.000000000000000e+00
DCMY_DCL_VALUE= 0.000000000000000e+00
DCMZ_DCL_VALUE= 0.000000000000000e+00
