"PointID"	"x"	"y"	"Density[0]"	"Density[1]"	"Momentum_x"	"Momentum_y"	"Energy"	"Electronic_Energy"	"Total_Density"	"Pressure"	"Temperature"	"Tve"	"Mach"	"C<sub>p</sub>"
0	0.000000000000000e+00	0.000000000000000e+00	2.038724816087840e-03	6.495980182469639e-03	0.000000000000000e+00	0.000000000000000e+00	2.957834693272139e+05	1.709029645924588e+04	8.534704998557479e-03	3.857341206585396e+04	8.646514275370868e+03	8.895757432981227e+03	0.000000000000000e+00	-inf	
1	2.000000000000000e-01	0.000000000000000e+00	2.038724816087840e-03	6.495980182469639e-03	0.000000000000000e+00	9.536051948088943e-16	2.957834693272139e+05	1.709029645924588e+04	8.534704998557479e-03	3.857341206585396e+04	8.646514275370868e+03	8.895757432981227e+03	4.140293508289492e-17	-inf	
2	4.000000000000000e-01	0.000000000000000e+00	2.038724816087840e-03	6.495980182469639e-03	0.000000000000000e+00	-7.516973710153071e-16	2.957834693272139e+05	1.709029645924588e+04	8.534704998557479e-03	3.857341206585396e+04	8.646514275370868e+03	8.895757432981227e+03	3.263664839867676e-17	-inf	
3	6.000000000000001e-01	0.000000000000000e+00	2.038724816087840e-03	6.495980182469639e-03	0.000000000000000e+00	-3.642526280600637e-16	2.957834693272139e+05	1.709029645924588e+04	8.534704998557479e-03	3.857341206585396e+04	8.646514275370868e+03	8.895757432981227e+03	1.581485503166433e-17	-inf	
4	8.000000000000000e-01	0.000000000000000e+00	2.038724816087840e-03	6.495980182469639e-03	1.289208739763120e-16	0.000000000000000e+00	2.957834693272139e+05	1.709029645924588e+04	8.534704998557479e-03	3.857341206585396e+04	8.646514275370868e+03	8.895757432981227e+03	5.597392511206921e-18	-inf	
5	1.000000000000000e+00	0.000000000000000e+00	2.038724816087841e-03	6.495980182469639e-03	1.991793396882688e-16	2.646629582159256e-16	2.957834693272139e+05	1.709029645924588e+04	8.534704998557479e-03	3.857341206585395e+04	8.646514275370866e+03	8.895757432981227e+03	1.438146821164755e-17	-inf	
6	0.000000000000000e+00	2.000000000000000e-01	2.038724816087840e-03	6.495980182469639e-03	0.000000000000000e+00	0.000000000000000e+00	2.957834693272139e+05	1.709029645924588e+04	8.534704998557479e-03	3.857341206585396e+04	8.646514275370868e+03	8.895757432981227e+03	0.000000000000000e+00	-inf	
7	2.000000000000000e-01	2.000000000000000e-01	2.038724816087840e-03	6.495980182469639e-03	-3.783497959375290e-16	-1.818989403545857e-18	2.957834693272139e+05	1.709029645924588e+04	8.534704998557479e-03	3.857341206585396e+04	8.646514275370868e+03	8.895757432981227e+03	1.642710543243353e-17	-inf	
8	4.000000000000000e-01	2.000000000000000e-01	2.038724816087840e-03	6.495980182469639e-03	-4.758931027026741e-16	1.307398633798577e-16	2.957834693272139e+05	1.709029645924588e+04	8.534704998557479e-03	3.857341206585396e+04	8.646514275370868e+03	8.895757432981227e+03	2.142751880601634e-17	-inf	
9	5.999999999999999e-01	2.000000000000000e-01	2.038724816087840e-03	6.495980182469639e-03	0.000000000000000e+00	3.140030457871084e-16	2.957834693272139e+05	1.709029645924588e+04	8.534704998557479e-03	3.857341206585396e+04	8.646514275370868e+03	8.895757432981227e+03	1.363315530507392e-17	-inf	
10	7.999999999999999e-01	2.000000000000000e-01	2.038724816087840e-03	6.495980182469639e-03	1.148237060988323e-16	-2.489741746103407e-16	2.957834693272139e+05	1.709029645924588e+04	8.534704998557479e-03	3.857341206585396e+04	8.646514275370868e+03	8.895757432981227e+03	1.190398508046090e-17	-inf	
11	1.000000000000000e+00	2.000000000000000e-01	2.038724816087841e-03	6.495980182469639e-03	2.091837814077726e-16	-9.981704351957805e-17	2.957834693272139e+05	1.709029645924588e+04	8.534704998557479e-03	3.857341206585395e+04	8.646514275370866e+03	8.895757432981227e+03	1.006319212809248e-17	-inf	
12	0.000000000000000e+00	3.999999999999999e-01	2.038724816087840e-03	6.495980182469639e-03	-1.029093255056057e-15	0.000000000000000e+00	2.957834693272139e+05	1.709029645924588e+04	8.534704998557479e-03	3.857341206585396e+04	8.646514275370868e+03	8.895757432981227e+03	4.468042064501300e-17	-inf	
13	2.000000000000000e-01	3.999999999999999e-01	2.038724816087840e-03	6.495980182469639e-03	3.434996339211541e-16	0.000000000000000e+00	2.957834693272139e+05	1.709029645924588e+04	8.534704998557479e-03	3.857341206585396e+04	8.646514275370868e+03	8.895757432981227e+03	1.491381666297008e-17	-inf	
14	3.999999999999999e-01	4.000000000000001e-01	2.038724816087841e-03	6.495980182469639e-03	9.088748050372213e-17	0.000000000000000e+00	2.957834693272139e+05	1.709029645924588e+04	8.534704998557479e-03	3.857341206585395e+04	8.646514275370866e+03	8.895757432981227e+03	3.946086363232957e-18	-inf	
15	6.000000000000001e-01	4.000000000000000e-01	2.038724816087841e-03	6.495980182469639e-03	-2.612523530842771e-16	-9.094947017729280e-19	2.957834693272139e+05	1.709029645924588e+04	8.534704998557479e-03	3.857341206585395e+04	8.646514275370866e+03	8.895757432981227e+03	1.134293292333405e-17	-inf	
16	8.000000000000000e-01	4.000000000000000e-01	2.038724816087840e-03	6.495980182469639e-03	-1.341504685115066e-16	0.000000000000000e+00	2.957834693272139e+05	1.709029645924588e+04	8.534704998557479e-03	3.857341206585396e+04	8.646514275370868e+03	8.895757432981227e+03	5.824447233883759e-18	-inf	
17	1.000000000000000e+00	4.000000000000000e-01	2.038724816087840e-03	6.495980182469639e-03	0.000000000000000e+00	0.000000000000000e+00	2.957834693272139e+05	1.709029645924588e+04	8.534704998557479e-03	3.857341206585396e+04	8.646514275370868e+03	8.895757432981227e+03	0.000000000000000e+00	-inf	
18	0.000000000000000e+00	6.000000000000000e-01	2.038724816087840e-03	6.495980182469639e-03	7.516973710153071e-16	1.289208739763119e-16	2.957834693272139e+05	1.709029645924588e+04	8.534704998557479e-03	3.857341206585396e+04	8.646514275370868e+03	8.895757432981227e+03	3.311316387214253e-17	-inf	
19	2.000000000000000e-01	6.000000000000000e-01	2.038724816087840e-03	6.495980182469639e-03	-3.059205185653260e-17	1.818989403545857e-18	2.957834693272139e+05	1.709029645924588e+04	8.534704998557479e-03	3.857341206585396e+04	8.646514275370868e+03	8.895757432981227e+03	1.330569256731348e-18	-inf	
20	4.000000000000001e-01	6.000000000000002e-01	2.038724816087840e-03	6.495980182469639e-03	0.000000000000000e+00	-1.307398633798579e-16	2.957834693272139e+05	1.709029645924588e+04	8.534704998557479e-03	3.857341206585396e+04	8.646514275370868e+03	8.895757432981227e+03	5.676368066920603e-18	-inf	
21	6.000000000000000e-01	6.000000000000001e-01	2.038724816087840e-03	6.495980182469639e-03	3.059205185653287e-17	-1.336957211606203e-16	2.957834693272139e+05	1.709029645924588e+04	8.534704998557479e-03	3.857341206585396e+04	8.646514275370868e+03	8.895757432981227e+03	5.954725714211707e-18	-inf	
22	8.000000000000000e-01	6.000000000000001e-01	2.038724816087840e-03	6.495980182469639e-03	1.350599632132793e-16	-9.094947017729286e-19	2.957834693272139e+05	1.709029645924588e+04	8.534704998557479e-03	3.857341206585396e+04	8.646514275370868e+03	8.895757432981227e+03	5.864067965714344e-18	-inf	
23	1.000000000000000e+00	6.000000000000001e-01	2.038724816087841e-03	6.495980182469639e-03	5.234142008703271e-16	-9.094947017729280e-19	2.957834693272139e+05	1.709029645924588e+04	8.534704998557479e-03	3.857341206585395e+04	8.646514275370866e+03	8.895757432981227e+03	2.272525046395096e-17	-inf	
24	0.000000000000000e+00	8.000000000000000e-01	2.038724816087841e-03	6.495980182469639e-03	-1.618900569155824e-16	0.000000000000000e+00	2.957834693272139e+05	1.709029645924588e+04	8.534704998557479e-03	3.857341206585395e+04	8.646514275370866e+03	8.895757432981227e+03	7.028824458517414e-18	-inf	
25	2.000000000000000e-01	8.000000000000000e-01	2.038724816087840e-03	6.495980182469639e-03	-1.336957211606203e-16	3.774403012357561e-16	2.957834693272139e+05	1.709029645924588e+04	8.534704998557479e-03	3.857341206585396e+04	8.646514275370868e+03	8.895757432981227e+03	1.738511924520978e-17	-inf	
26	3.999999999999999e-01	8.000000000000000e-01	2.038724816087840e-03	6.495980182469639e-03	-9.094947017729284e-19	0.000000000000000e+00	2.957834693272139e+05	1.709029645924588e+04	8.534704998557479e-03	3.857341206585396e+04	8.646514275370868e+03	8.895757432981227e+03	3.948777785683914e-20	-inf	
27	6.000000000000000e-01	8.000000000000000e-01	2.038724816087840e-03	6.495980182469639e-03	0.000000000000000e+00	-4.283720045350357e-16	2.957834693272139e+05	1.709029645924588e+04	8.534704998557479e-03	3.857341206585396e+04	8.646514275370868e+03	8.895757432981227e+03	1.859874337057064e-17	-inf	
28	8.000000000000000e-01	8.000000000000000e-01	2.038724816087840e-03	6.495980182469639e-03	0.000000000000000e+00	1.286935003008684e-16	2.957834693272139e+05	1.709029645924588e+04	8.534704998557479e-03	3.857341206585396e+04	8.646514275370868e+03	8.895757432981227e+03	5.587520566742696e-18	-inf	
29	1.000000000000000e+00	8.000000000000000e-01	2.038724816087840e-03	6.495980182469639e-03	-3.624336386565178e-16	-1.152784534497193e-16	2.957834693272139e+05	1.709029645924588e+04	8.534704998557479e-03	3.857341206585396e+04	8.646514275370868e+03	8.895757432981227e+03	1.651268261305154e-17	-inf	
30	0.000000000000000e+00	1.000000000000000e+00	2.038724816087840e-03	6.495980182469639e-03	1.818989403545857e-18	-2.596607373561700e-16	2.957834693272139e+05	1.709029645924588e+04	8.534704998557479e-03	3.857341206585396e+04	8.646514275370868e+03	8.895757432981227e+03	1.127403719664534e-17	-inf	
31	2.000000000000000e-01	1.000000000000000e+00	2.038724816087840e-03	6.495980182469639e-03	0.000000000000000e+00	0.000000000000000e+00	2.957834693272139e+05	1.709029645924588e+04	8.534704998557479e-03	3.857341206585396e+04	8.646514275370868e+03	8.895757432981227e+03	0.000000000000000e+00	-inf	
32	3.999999999999999e-01	1.000000000000000e+00	2.038724816087840e-03	6.495980182469639e-03	0.000000000000000e+00	0.000000000000000e+00	2.957834693272139e+05	1.709029645924588e+04	8.534704998557479e-03	3.857341206585396e+04	8.646514275370868e+03	8.895757432981227e+03	0.000000000000000e+00	-inf	
33	6.000000000000000e-01	1.000000000000000e+00	2.038724816087840e-03	6.495980182469639e-03	1.364242052659385e-16	-2.555680111981961e-16	2.957834693272139e+05	1.709029645924588e+04	8.534704998557479e-03	3.857341206585396e+04	8.646514275370868e+03	8.895757432981227e+03	1.257801951055149e-17	-inf	
34	8.000000000000000e-01	1.000000000000000e+00	2.038724816087841e-03	6.495980182469639e-03	0.000000000000000e+00	4.883986548520604e-16	2.957834693272139e+05	1.709029645924588e+04	8.534704998557479e-03	3.857341206585395e+04	8.646514275370866e+03	8.895757432981227e+03	2.120493670912252e-17	-inf	
35	1.000000000000000e+00	1.000000000000000e+00	2.038724816087840e-03	6.495980182469639e-03	-2.710294211283310e-16	-2.678461896721309e-16	2.957834693272139e+05	1.709029645924588e+04	8.534704998557479e-03	3.857341206585396e+04	8.646514275370868e+03	8.895757432981227e+03	1.654411837512135e-17	-inf	
EXT_ITER= 4557
AOA= 0.000000000000000e+00
SIDESLIP_ANGLE= 0.000000000000000e+00
INITIAL_BCTHRUST= 4.000000000000000e+03
DCD_DCL_VALUE= 0.000000000000000e+00
DCMX_DCL_VALUE= 0.000000000000000e+00
DCMY_DCL_VALUE= 0.000000000000000e+00
DCMZ_DCL_VALUE= 0.000000000000000e+00
