"PointID"	"x"	"y"	"Density[0]"	"Density[1]"	"Momentum_x"	"Momentum_y"	"Energy"	"Electronic_Energy"	"Total_Density"	"Pressure"	"Temperature"	"Tve"	"Mach"	"C<sub>p</sub>"
0	0.000000000000000e+00	0.000000000000000e+00	2.957208885655942e-03	5.577496112901554e-03	0.000000000000000e+00	0.000000000000000e+00	2.957834693272139e+05	4.001160909517064e+04	8.534704998557496e-03	4.154834419532459e+04	9.919522081540066e+03	1.312111122168578e+04	0.000000000000000e+00	-inf	
1	2.000000000000000e-01	0.000000000000000e+00	2.957208885655942e-03	5.577496112901554e-03	0.000000000000000e+00	5.547917680814855e-17	2.957834693272139e+05	4.001160909517064e+04	8.534704998557496e-03	4.154834419532459e+04	9.919522081540066e+03	1.312111122168578e+04	2.340191042968280e-18	-inf	
2	4.000000000000000e-01	0.000000000000000e+00	2.957208885655942e-03	5.577496112901554e-03	0.000000000000000e+00	-3.728928277269004e-17	2.957834693272139e+05	4.001160909517064e+04	8.534704998557496e-03	4.154834419532459e+04	9.919522081540066e+03	1.312111122168578e+04	1.572915291175402e-18	-inf	
3	6.000000000000001e-01	0.000000000000000e+00	2.957208885655942e-03	5.577496112901554e-03	0.000000000000000e+00	-6.457412382587781e-17	2.957834693272139e+05	4.001160909517064e+04	8.534704998557496e-03	4.154834419532459e+04	9.919522081540066e+03	1.312111122168578e+04	2.723828918864719e-18	-inf	
4	8.000000000000000e-01	0.000000000000000e+00	2.957208885655942e-03	5.577496112901554e-03	-1.818989403545857e-18	0.000000000000000e+00	2.957834693272139e+05	4.001160909517064e+04	8.534704998557496e-03	4.154834419532459e+04	9.919522081540066e+03	1.312111122168578e+04	7.672757517928797e-20	-inf	
5	1.000000000000000e+00	0.000000000000000e+00	2.957208885655942e-03	5.577496112901554e-03	-2.728484105318784e-18	-4.547473508864640e-18	2.957834693272139e+05	4.001160909517064e+04	8.534704998557496e-03	4.154834419532459e+04	9.919522081540066e+03	1.312111122168578e+04	2.236973999392772e-19	-inf	
6	0.000000000000000e+00	2.000000000000000e-01	2.957208885655942e-03	5.577496112901554e-03	0.000000000000000e+00	0.000000000000000e+00	2.957834693272139e+05	4.001160909517064e+04	8.534704998557496e-03	4.154834419532459e+04	9.919522081540066e+03	1.312111122168578e+04	0.000000000000000e+00	-inf	
7	2.000000000000000e-01	2.000000000000000e-01	2.957208885655942e-03	5.577496112901554e-03	-3.137756721116599e-17	-1.818989403545857e-18	2.957834693272139e+05	4.001160909517064e+04	8.534704998557496e-03	4.154834419532459e+04	9.919522081540066e+03	1.312111122168578e+04	1.325772794157504e-18	-inf	
8	4.000000000000000e-01	2.000000000000000e-01	2.957208885655942e-03	5.577496112901554e-03	-2.683009370230135e-17	0.000000000000000e+00	2.957834693272139e+05	4.001160909517064e+04	8.534704998557496e-03	4.154834419532459e+04	9.919522081540066e+03	1.312111122168578e+04	1.131731733894496e-18	-inf	
9	5.999999999999999e-01	2.000000000000000e-01	2.957208885655942e-03	5.577496112901554e-03	0.000000000000000e+00	2.819433575496074e-17	2.957834693272139e+05	4.001160909517064e+04	8.534704998557496e-03	4.154834419532459e+04	9.919522081540066e+03	1.312111122168578e+04	1.189277415278962e-18	-inf	
10	7.999999999999999e-01	2.000000000000000e-01	2.957208885655942e-03	5.577496112901554e-03	0.000000000000000e+00	-2.955857780762013e-17	2.957834693272139e+05	4.001160909517064e+04	8.534704998557496e-03	4.154834419532459e+04	9.919522081540066e+03	1.312111122168578e+04	1.246823096663428e-18	-inf	
11	1.000000000000000e+00	2.000000000000000e-01	2.957208885655942e-03	5.577496112901554e-03	1.818989403545854e-18	0.000000000000000e+00	2.957834693272139e+05	4.001160909517064e+04	8.534704998557496e-03	4.154834419532459e+04	9.919522081540066e+03	1.312111122168578e+04	7.672757517928786e-20	-inf	
12	0.000000000000000e+00	3.999999999999999e-01	2.957208885655942e-03	5.577496112901554e-03	-8.094502845779047e-17	0.000000000000000e+00	2.957834693272139e+05	4.001160909517064e+04	8.534704998557496e-03	4.154834419532459e+04	9.919522081540066e+03	1.312111122168578e+04	3.414377095478308e-18	-inf	
13	2.000000000000000e-01	3.999999999999999e-01	2.957208885655942e-03	5.577496112901554e-03	4.028144558319295e-17	0.000000000000000e+00	2.957834693272139e+05	4.001160909517064e+04	8.534704998557496e-03	4.154834419532459e+04	9.919522081540066e+03	1.312111122168578e+04	1.699128998932025e-18	-inf	
14	3.999999999999999e-01	4.000000000000001e-01	2.957208885655942e-03	5.577496112901554e-03	-1.155975241786397e-17	0.000000000000000e+00	2.957834693272139e+05	4.001160909517064e+04	8.534704998557496e-03	4.154834419532459e+04	9.919522081540066e+03	1.312111122168578e+04	4.876068936776811e-19	-inf	
15	6.000000000000001e-01	4.000000000000000e-01	2.957208885655942e-03	5.577496112901554e-03	-2.955857780762013e-17	-9.094947017729280e-19	2.957834693272139e+05	4.001160909517064e+04	8.534704998557496e-03	4.154834419532459e+04	9.919522081540066e+03	1.312111122168578e+04	1.247413169151105e-18	-inf	
16	8.000000000000000e-01	4.000000000000000e-01	2.957208885655942e-03	5.577496112901554e-03	2.273736754432322e-18	0.000000000000000e+00	2.957834693272139e+05	4.001160909517064e+04	8.534704998557496e-03	4.154834419532459e+04	9.919522081540066e+03	1.312111122168578e+04	9.590946897410999e-20	-inf	
17	1.000000000000000e+00	4.000000000000000e-01	2.957208885655942e-03	5.577496112901554e-03	0.000000000000000e+00	0.000000000000000e+00	2.957834693272139e+05	4.001160909517064e+04	8.534704998557496e-03	4.154834419532459e+04	9.919522081540066e+03	1.312111122168578e+04	0.000000000000000e+00	-inf	
18	0.000000000000000e+00	6.000000000000000e-01	2.957208885655942e-03	5.577496112901554e-03	3.728928277269004e-17	-1.818989403545856e-18	2.957834693272139e+05	4.001160909517064e+04	8.534704998557496e-03	4.154834419532459e+04	9.919522081540066e+03	1.312111122168578e+04	1.574785583502178e-18	-inf	
19	2.000000000000000e-01	6.000000000000000e-01	2.957208885655942e-03	5.577496112901554e-03	1.436852112141173e-18	1.818989403545857e-18	2.957834693272139e+05	4.001160909517064e+04	8.534704998557496e-03	4.154834419532459e+04	9.919522081540066e+03	1.312111122168578e+04	9.777785201999296e-20	-inf	
20	4.000000000000001e-01	6.000000000000002e-01	2.957208885655942e-03	5.577496112901554e-03	0.000000000000000e+00	0.000000000000000e+00	2.957834693272139e+05	4.001160909517064e+04	8.534704998557496e-03	4.154834419532459e+04	9.919522081540066e+03	1.312111122168578e+04	0.000000000000000e+00	-inf	
21	6.000000000000000e-01	6.000000000000001e-01	2.957208885655942e-03	5.577496112901554e-03	-1.436852112141136e-18	2.273736754432320e-18	2.957834693272139e+05	4.001160909517064e+04	8.534704998557496e-03	4.154834419532459e+04	9.919522081540066e+03	1.312111122168578e+04	1.134548976097811e-19	-inf	
22	8.000000000000000e-01	6.000000000000001e-01	2.957208885655942e-03	5.577496112901554e-03	-1.364242052659393e-18	-9.094947017729286e-19	2.957834693272139e+05	4.001160909517064e+04	8.534704998557496e-03	4.154834419532459e+04	9.919522081540066e+03	1.312111122168578e+04	6.916130163773524e-20	-inf	
23	1.000000000000000e+00	6.000000000000001e-01	2.957208885655942e-03	5.577496112901554e-03	6.002665031701319e-17	-9.094947017729280e-19	2.957834693272139e+05	4.001160909517064e+04	8.534704998557496e-03	4.154834419532459e+04	9.919522081540066e+03	1.312111122168578e+04	2.532300598992742e-18	-inf	
24	0.000000000000000e+00	8.000000000000000e-01	2.957208885655942e-03	5.577496112901554e-03	2.728484105318784e-18	0.000000000000000e+00	2.957834693272139e+05	4.001160909517064e+04	8.534704998557496e-03	4.154834419532459e+04	9.919522081540066e+03	1.312111122168578e+04	1.150913627689319e-19	-inf	
25	2.000000000000000e-01	8.000000000000000e-01	2.957208885655942e-03	5.577496112901554e-03	2.273736754432320e-18	3.046807250939305e-17	2.957834693272139e+05	4.001160909517064e+04	8.534704998557496e-03	4.154834419532459e+04	9.919522081540066e+03	1.312111122168578e+04	1.288760626995957e-18	-inf	
26	3.999999999999999e-01	8.000000000000000e-01	2.957208885655942e-03	5.577496112901554e-03	-9.094947017729284e-19	0.000000000000000e+00	2.957834693272139e+05	4.001160909517064e+04	8.534704998557496e-03	4.154834419532459e+04	9.919522081540066e+03	1.312111122168578e+04	3.836378758964399e-20	-inf	
27	6.000000000000000e-01	8.000000000000000e-01	2.957208885655942e-03	5.577496112901554e-03	0.000000000000000e+00	-2.000888343900440e-17	2.957834693272139e+05	4.001160909517064e+04	8.534704998557496e-03	4.154834419532459e+04	9.919522081540066e+03	1.312111122168578e+04	8.440033269721667e-19	-inf	
28	8.000000000000000e-01	8.000000000000000e-01	2.957208885655942e-03	5.577496112901554e-03	0.000000000000000e+00	0.000000000000000e+00	2.957834693272139e+05	4.001160909517064e+04	8.534704998557496e-03	4.154834419532459e+04	9.919522081540066e+03	1.312111122168578e+04	0.000000000000000e+00	-inf	
29	1.000000000000000e+00	8.000000000000000e-01	2.957208885655942e-03	5.577496112901554e-03	-6.275513442233195e-17	-9.094947017729276e-19	2.957834693272139e+05	4.001160909517064e+04	8.534704998557496e-03	4.154834419532459e+04	9.919522081540066e+03	1.312111122168578e+04	2.647379327550065e-18	-inf	
30	0.000000000000000e+00	1.000000000000000e+00	2.957208885655942e-03	5.577496112901554e-03	1.818989403545857e-18	1.818989403545857e-18	2.957834693272139e+05	4.001160909517064e+04	8.534704998557496e-03	4.154834419532459e+04	9.919522081540066e+03	1.312111122168578e+04	1.085091774265503e-19	-inf	
31	2.000000000000000e-01	1.000000000000000e+00	2.957208885655942e-03	5.577496112901554e-03	0.000000000000000e+00	0.000000000000000e+00	2.957834693272139e+05	4.001160909517064e+04	8.534704998557496e-03	4.154834419532459e+04	9.919522081540066e+03	1.312111122168578e+04	0.000000000000000e+00	-inf	
32	3.999999999999999e-01	1.000000000000000e+00	2.957208885655942e-03	5.577496112901554e-03	0.000000000000000e+00	0.000000000000000e+00	2.957834693272139e+05	4.001160909517064e+04	8.534704998557496e-03	4.154834419532459e+04	9.919522081540066e+03	1.312111122168578e+04	0.000000000000000e+00	-inf	
33	6.000000000000000e-01	1.000000000000000e+00	2.957208885655942e-03	5.577496112901554e-03	0.000000000000000e+00	-5.820766091346733e-17	2.957834693272139e+05	4.001160909517064e+04	8.534704998557496e-03	4.154834419532459e+04	9.919522081540066e+03	1.312111122168578e+04	2.455282405737211e-18	-inf	
34	8.000000000000000e-01	1.000000000000000e+00	2.957208885655942e-03	5.577496112901554e-03	0.000000000000000e+00	-2.546585164964201e-17	2.957834693272139e+05	4.001160909517064e+04	8.534704998557496e-03	4.154834419532459e+04	9.919522081540066e+03	1.312111122168578e+04	1.074186052510032e-18	-inf	
35	1.000000000000000e+00	1.000000000000000e+00	2.957208885655942e-03	5.577496112901554e-03	1.818989403545856e-18	1.909938873723150e-17	2.957834693272139e+05	4.001160909517064e+04	8.534704998557496e-03	4.154834419532459e+04	9.919522081540066e+03	1.312111122168578e+04	8.092849857802739e-19	-inf	
EXT_ITER= 313
AOA= 0.000000000000000e+00
SIDESLIP_ANGLE= 0.000000000000000e+00
INITIAL_BCTHRUST= 4.000000000000000e+03
DCD_DCL_VALUE= 0.000000000000000e+00
DCMX_DCL_VALUE= 0.000000000000000e+00
DCMY_DCL_VALUE= 0.000000000000000e+00
DCMZ_DCL_VALUE= 0.000000000000000e+00
