"PointID"	"x"	"y"	"Density[0]"	"Density[1]"	"Momentum_x"	"Momentum_y"	"Energy"	"Electronic_Energy"	"Total_Density"	"Pressure"	"Temperature"	"Tve"	"Mach"	"C<sub>p</sub>"
0	0.000000000000000e+00	0.000000000000000e+00	1.965032024319550e-03	6.569672974237940e-03	0.000000000000000e+00	0.000000000000000e+00	2.957834693272139e+05	1.584121423402814e+04	8.534704998557489e-03	3.795195265678335e+04	8.465703725422753e+03	8.644559060052110e+03	0.000000000000000e+00	-inf	
1	2.000000000000000e-01	0.000000000000000e+00	1.965032024319550e-03	6.569672974237940e-03	0.000000000000000e+00	1.174612407339745e-15	2.957834693272139e+05	1.584121423402814e+04	8.534704998557489e-03	3.795195265678335e+04	8.465703725422753e+03	8.644559060052110e+03	5.138119651524815e-17	-inf	
2	4.000000000000000e-01	0.000000000000000e+00	1.965032024319550e-03	6.569672974237940e-03	0.000000000000000e+00	-8.872120815794620e-16	2.957834693272139e+05	1.584121423402814e+04	8.534704998557489e-03	3.795195265678335e+04	8.465703725422753e+03	8.644559060052110e+03	3.880941324090015e-17	-inf	
3	6.000000000000001e-01	0.000000000000000e+00	1.965032024319550e-03	6.569672974237940e-03	0.000000000000000e+00	-6.571099220309305e-16	2.957834693272139e+05	1.584121423402814e+04	8.534704998557489e-03	3.795195265678335e+04	8.465703725422753e+03	8.644559060052110e+03	2.874402979656675e-17	-inf	
4	8.000000000000000e-01	0.000000000000000e+00	1.965032024319550e-03	6.569672974237940e-03	1.396074367221441e-16	0.000000000000000e+00	2.957834693272139e+05	1.584121423402814e+04	8.534704998557489e-03	3.795195265678335e+04	8.465703725422753e+03	8.644559060052110e+03	6.106863077886577e-18	-inf	
5	1.000000000000000e+00	0.000000000000000e+00	1.965032024319551e-03	6.569672974237940e-03	2.096385287586574e-16	6.457412382587779e-17	2.957834693272139e+05	1.584121423402814e+04	8.534704998557491e-03	3.795195265678341e+04	8.465703725422765e+03	8.644559060052110e+03	9.595420267229326e-18	-inf	
6	0.000000000000000e+00	2.000000000000000e-01	1.965032024319550e-03	6.569672974237940e-03	0.000000000000000e+00	0.000000000000000e+00	2.957834693272139e+05	1.584121423402814e+04	8.534704998557489e-03	3.795195265678335e+04	8.465703725422753e+03	8.644559060052110e+03	0.000000000000000e+00	-inf	
7	2.000000000000000e-01	2.000000000000000e-01	1.965032024319550e-03	6.569672974237940e-03	-4.815774445887558e-16	-1.818989403545857e-18	2.957834693272139e+05	1.584121423402814e+04	8.534704998557489e-03	3.795195265678335e+04	8.465703725422753e+03	8.644559060052110e+03	2.106584407938645e-17	-inf	
8	4.000000000000000e-01	2.000000000000000e-01	1.965032024319550e-03	6.569672974237940e-03	-5.863967089680996e-16	1.414264261256900e-16	2.957834693272139e+05	1.584121423402814e+04	8.534704998557489e-03	3.795195265678335e+04	8.465703725422753e+03	8.644559060052110e+03	2.638628807278596e-17	-inf	
9	5.999999999999999e-01	2.000000000000000e-01	1.965032024319550e-03	6.569672974237940e-03	0.000000000000000e+00	4.690718924393981e-16	2.957834693272139e+05	1.584121423402814e+04	8.534704998557489e-03	3.795195265678335e+04	8.465703725422753e+03	8.644559060052110e+03	2.051866210045655e-17	-inf	
10	7.999999999999999e-01	2.000000000000000e-01	1.965032024319550e-03	6.569672974237940e-03	1.277840055990968e-16	-3.274180926382492e-16	2.957834693272139e+05	1.584121423402814e+04	8.534704998557489e-03	3.795195265678335e+04	8.465703725422753e+03	8.644559060052110e+03	1.537440226330002e-17	-inf	
11	1.000000000000000e+00	2.000000000000000e-01	1.965032024319551e-03	6.569672974237940e-03	2.187334757763886e-16	-1.041371433529995e-16	2.957834693272139e+05	1.584121423402814e+04	8.534704998557491e-03	3.795195265678341e+04	8.465703725422765e+03	8.644559060052110e+03	1.059711221370983e-17	-inf	
12	0.000000000000000e+00	3.999999999999999e-01	1.965032024319550e-03	6.569672974237940e-03	-1.268745108973260e-15	0.000000000000000e+00	2.957834693272139e+05	1.584121423402814e+04	8.534704998557489e-03	3.795195265678335e+04	8.465703725422753e+03	8.644559060052110e+03	5.549885337884017e-17	-inf	
13	2.000000000000000e-01	3.999999999999999e-01	1.965032024319550e-03	6.569672974237940e-03	4.239022245722550e-16	0.000000000000000e+00	2.957834693272139e+05	1.584121423402814e+04	8.534704998557489e-03	3.795195265678335e+04	8.465703725422753e+03	8.644559060052110e+03	1.854280047435091e-17	-inf	
14	3.999999999999999e-01	4.000000000000001e-01	1.965032024319551e-03	6.569672974237940e-03	1.246784676889607e-16	0.000000000000000e+00	2.957834693272139e+05	1.584121423402814e+04	8.534704998557491e-03	3.795195265678341e+04	8.465703725422765e+03	8.644559060052110e+03	5.453823584287738e-18	-inf	
15	6.000000000000001e-01	4.000000000000000e-01	1.965032024319551e-03	6.569672974237940e-03	-4.229150363244224e-16	-9.094947017729280e-19	2.957834693272139e+05	1.584121423402814e+04	8.534704998557491e-03	3.795195265678341e+04	8.465703725422765e+03	8.644559060052110e+03	1.849966057152561e-17	-inf	
16	8.000000000000000e-01	4.000000000000000e-01	1.965032024319550e-03	6.569672974237940e-03	-1.475655153626576e-16	0.000000000000000e+00	2.957834693272139e+05	1.584121423402814e+04	8.534704998557489e-03	3.795195265678335e+04	8.465703725422753e+03	8.644559060052110e+03	6.454974165388270e-18	-inf	
17	1.000000000000000e+00	4.000000000000000e-01	1.965032024319550e-03	6.569672974237940e-03	0.000000000000000e+00	0.000000000000000e+00	2.957834693272139e+05	1.584121423402814e+04	8.534704998557489e-03	3.795195265678335e+04	8.465703725422753e+03	8.644559060052110e+03	0.000000000000000e+00	-inf	
18	0.000000000000000e+00	6.000000000000000e-01	1.965032024319550e-03	6.569672974237940e-03	8.872120815794620e-16	1.396074367221441e-16	2.957834693272139e+05	1.584121423402814e+04	8.534704998557489e-03	3.795195265678335e+04	8.465703725422753e+03	8.644559060052110e+03	3.928694863125679e-17	-inf	
19	2.000000000000000e-01	6.000000000000000e-01	1.965032024319550e-03	6.569672974237940e-03	1.379780761873459e-17	1.818989403545857e-18	2.957834693272139e+05	1.584121423402814e+04	8.534704998557489e-03	3.795195265678335e+04	8.465703725422753e+03	8.644559060052110e+03	6.087811977549716e-19	-inf	
20	4.000000000000001e-01	6.000000000000002e-01	1.965032024319550e-03	6.569672974237940e-03	0.000000000000000e+00	-1.414264261256901e-16	2.957834693272139e+05	1.584121423402814e+04	8.534704998557489e-03	3.795195265678335e+04	8.465703725422753e+03	8.644559060052110e+03	6.186431326458395e-18	-inf	
21	6.000000000000000e-01	6.000000000000001e-01	1.965032024319550e-03	6.569672974237940e-03	-1.379780761873423e-17	-1.423359208274634e-16	2.957834693272139e+05	1.584121423402814e+04	8.534704998557489e-03	3.795195265678335e+04	8.465703725422753e+03	8.644559060052110e+03	6.255401048665577e-18	-inf	
22	8.000000000000000e-01	6.000000000000001e-01	1.965032024319550e-03	6.569672974237940e-03	1.484750100644303e-16	-9.094947017729286e-19	2.957834693272139e+05	1.584121423402814e+04	8.534704998557489e-03	3.795195265678335e+04	8.465703725422753e+03	8.644559060052110e+03	6.494880138835244e-18	-inf	
23	1.000000000000000e+00	6.000000000000001e-01	1.965032024319551e-03	6.569672974237940e-03	8.467395673506177e-16	-9.094947017729280e-19	2.957834693272139e+05	1.584121423402814e+04	8.534704998557491e-03	3.795195265678341e+04	8.465703725422765e+03	8.644559060052110e+03	3.703904107651293e-17	-inf	
24	0.000000000000000e+00	8.000000000000000e-01	1.965032024319551e-03	6.569672974237940e-03	-2.019078237935912e-16	0.000000000000000e+00	2.957834693272139e+05	1.584121423402814e+04	8.534704998557491e-03	3.795195265678341e+04	8.465703725422765e+03	8.644559060052110e+03	8.832075591471204e-18	-inf	
25	2.000000000000000e-01	8.000000000000000e-01	1.965032024319550e-03	6.569672974237940e-03	-1.423359208274634e-16	4.806679498869826e-16	2.957834693272139e+05	1.584121423402814e+04	8.534704998557489e-03	3.795195265678335e+04	8.465703725422753e+03	8.644559060052110e+03	2.192839795619163e-17	-inf	
26	3.999999999999999e-01	8.000000000000000e-01	1.965032024319550e-03	6.569672974237940e-03	-9.094947017729284e-19	0.000000000000000e+00	2.957834693272139e+05	1.584121423402814e+04	8.534704998557489e-03	3.795195265678335e+04	8.465703725422753e+03	8.644559060052110e+03	3.978412428590615e-20	-inf	
27	6.000000000000000e-01	8.000000000000000e-01	1.965032024319550e-03	6.569672974237940e-03	0.000000000000000e+00	-5.709352990379577e-16	2.957834693272139e+05	1.584121423402814e+04	8.534704998557489e-03	3.795195265678335e+04	8.465703725422753e+03	8.644559060052110e+03	2.497448402047767e-17	-inf	
28	8.000000000000000e-01	8.000000000000000e-01	1.965032024319550e-03	6.569672974237940e-03	0.000000000000000e+00	1.380158209940411e-16	2.957834693272139e+05	1.584121423402814e+04	8.534704998557489e-03	3.795195265678335e+04	8.465703725422753e+03	8.644559060052110e+03	6.037240860386226e-18	-inf	
29	1.000000000000000e+00	8.000000000000000e-01	1.965032024319550e-03	6.569672974237940e-03	-6.552909326273848e-16	-1.264197635464381e-16	2.957834693272139e+05	1.584121423402814e+04	8.534704998557489e-03	3.795195265678335e+04	8.465703725422753e+03	8.644559060052110e+03	2.919301597071157e-17	-inf	
30	0.000000000000000e+00	1.000000000000000e+00	1.965032024319550e-03	6.569672974237940e-03	1.818989403545857e-18	-2.810338628478344e-16	2.957834693272139e+05	1.584121423402814e+04	8.534704998557489e-03	3.795195265678335e+04	8.465703725422753e+03	8.644559060052110e+03	1.229355190407070e-17	-inf	
31	2.000000000000000e-01	1.000000000000000e+00	1.965032024319550e-03	6.569672974237940e-03	0.000000000000000e+00	0.000000000000000e+00	2.957834693272139e+05	1.584121423402814e+04	8.534704998557489e-03	3.795195265678335e+04	8.465703725422753e+03	8.644559060052110e+03	0.000000000000000e+00	-inf	
32	3.999999999999999e-01	1.000000000000000e+00	1.965032024319550e-03	6.569672974237940e-03	0.000000000000000e+00	0.000000000000000e+00	2.957834693272139e+05	1.584121423402814e+04	8.534704998557489e-03	3.795195265678335e+04	8.465703725422753e+03	8.644559060052110e+03	0.000000000000000e+00	-inf	
33	6.000000000000000e-01	1.000000000000000e+00	1.965032024319550e-03	6.569672974237940e-03	1.498392521170896e-16	-3.988134267274358e-16	2.957834693272139e+05	1.584121423402814e+04	8.534704998557489e-03	3.795195265678335e+04	8.465703725422753e+03	8.644559060052110e+03	1.863599867619478e-17	-inf	
34	8.000000000000000e-01	1.000000000000000e+00	1.965032024319551e-03	6.569672974237940e-03	0.000000000000000e+00	2.341948857065240e-16	2.957834693272139e+05	1.584121423402814e+04	8.534704998557491e-03	3.795195265678341e+04	8.465703725422765e+03	8.644559060052110e+03	1.024441200362060e-17	-inf	
35	1.000000000000000e+00	1.000000000000000e+00	1.965032024319550e-03	6.569672974237940e-03	-2.978595148306331e-16	-9.231371222995197e-17	2.957834693272139e+05	1.584121423402814e+04	8.534704998557489e-03	3.795195265678335e+04	8.465703725422753e+03	8.644559060052110e+03	1.364070513164452e-17	-inf	
EXT_ITER= 6190
AOA= 0.000000000000000e+00
SIDESLIP_ANGLE= 0.000000000000000e+00
INITIAL_BCTHRUST= 4.000000000000000e+03
DCD_DCL_VALUE= 0.000000000000000e+00
DCMX_DCL_VALUE= 0.000000000000000e+00
DCMY_DCL_VALUE= 0.000000000000000e+00
DCMZ_DCL_VALUE= 0.000000000000000e+00
