"PointID"	"x"	"y"	"Density[0]"	"Density[1]"	"Momentum_x"	"Momentum_y"	"Energy"	"Electronic_Energy"	"Total_Density"	"Pressure"	"Temperature"	"Tve"	"Mach"	"C<sub>p</sub>"
0	0.000000000000000e+00	0.000000000000000e+00	2.193107289241378e-03	6.341597709316103e-03	0.000000000000000e+00	0.000000000000000e+00	2.957834693272139e+05	2.023526144867226e+04	8.534704998557480e-03	3.953685311119600e+04	8.954449199432742e+03	9.516110252661480e+03	0.000000000000000e+00	-inf	
1	2.000000000000000e-01	0.000000000000000e+00	2.193107289241378e-03	6.341597709316103e-03	0.000000000000000e+00	5.834408511873296e-16	2.957834693272139e+05	2.023526144867226e+04	8.534704998557480e-03	3.953685311119600e+04	8.954449199432742e+03	9.516110252661480e+03	2.505489170223052e-17	-inf	
2	4.000000000000000e-01	0.000000000000000e+00	2.193107289241378e-03	6.341597709316103e-03	0.000000000000000e+00	-4.520188667811525e-16	2.957834693272139e+05	2.023526144867226e+04	8.534704998557480e-03	3.953685311119600e+04	8.954449199432742e+03	9.516110252661480e+03	1.941119435075424e-17	-inf	
3	6.000000000000001e-01	0.000000000000000e+00	2.193107289241378e-03	6.341597709316103e-03	0.000000000000000e+00	-1.014086592476813e-16	2.957834693272139e+05	2.023526144867226e+04	8.534704998557480e-03	3.953685311119600e+04	8.954449199432742e+03	9.516110252661480e+03	4.354825291969938e-18	-inf	
4	8.000000000000000e-01	0.000000000000000e+00	2.193107289241378e-03	6.341597709316103e-03	3.581135388230897e-16	0.000000000000000e+00	2.957834693272139e+05	2.023526144867226e+04	8.534704998557480e-03	3.953685311119600e+04	8.954449199432742e+03	9.516110252661480e+03	1.537858707366066e-17	-inf	
5	1.000000000000000e+00	0.000000000000000e+00	2.193107289241378e-03	6.341597709316102e-03	6.571099220309385e-16	1.878106559161113e-16	2.957834693272139e+05	2.023526144867226e+04	8.534704998557480e-03	3.953685311119604e+04	8.954449199432751e+03	9.516110252661480e+03	2.934843574505630e-17	-inf	
6	0.000000000000000e+00	2.000000000000000e-01	2.193107289241378e-03	6.341597709316103e-03	0.000000000000000e+00	0.000000000000000e+00	2.957834693272139e+05	2.023526144867226e+04	8.534704998557480e-03	3.953685311119600e+04	8.954449199432742e+03	9.516110252661480e+03	0.000000000000000e+00	-inf	
7	2.000000000000000e-01	2.000000000000000e-01	2.193107289241378e-03	6.341597709316103e-03	-2.414708433207148e-16	-1.818989403545857e-18	2.957834693272139e+05	2.023526144867226e+04	8.534704998557480e-03	3.953685311119600e+04	8.954449199432742e+03	9.516110252661480e+03	1.036985577814317e-17	-inf	
8	4.000000000000000e-01	2.000000000000000e-01	2.193107289241378e-03	6.341597709316103e-03	-2.908109308918919e-16	3.599325282266355e-16	2.957834693272139e+05	2.023526144867226e+04	8.534704998557480e-03	3.953685311119600e+04	8.954449199432742e+03	9.516110252661480e+03	1.987132240676510e-17	-inf	
9	5.999999999999999e-01	2.000000000000000e-01	2.193107289241378e-03	6.341597709316103e-03	0.000000000000000e+00	4.117737262276924e-16	2.957834693272139e+05	2.023526144867226e+04	8.534704998557480e-03	3.953685311119600e+04	8.954449199432742e+03	9.516110252661480e+03	1.768293408914251e-17	-inf	
10	7.999999999999999e-01	2.000000000000000e-01	2.193107289241378e-03	6.341597709316103e-03	3.471996024018153e-16	-1.305124897044169e-16	2.957834693272139e+05	2.023526144867226e+04	8.534704998557480e-03	3.953685311119600e+04	8.954449199432742e+03	9.516110252661480e+03	1.592850599143120e-17	-inf	
11	1.000000000000000e+00	2.000000000000000e-01	2.193107289241378e-03	6.341597709316102e-03	6.616573955398042e-16	-3.278728399891398e-16	2.957834693272139e+05	2.023526144867226e+04	8.534704998557480e-03	3.953685311119604e+04	8.954449199432751e+03	9.516110252661480e+03	3.171099752340272e-17	-inf	
12	0.000000000000000e+00	3.999999999999999e-01	2.193107289241378e-03	6.341597709316103e-03	-6.680238584522048e-16	0.000000000000000e+00	2.957834693272139e+05	2.023526144867226e+04	8.534704998557480e-03	3.953685311119600e+04	8.954449199432742e+03	9.516110252661480e+03	2.868716750629483e-17	-inf	
13	2.000000000000000e-01	3.999999999999999e-01	2.193107289241378e-03	6.341597709316103e-03	4.884209183805265e-16	0.000000000000000e+00	2.957834693272139e+05	2.023526144867226e+04	8.534704998557480e-03	3.953685311119600e+04	8.954449199432742e+03	9.516110252661480e+03	2.097441958379245e-17	-inf	
14	3.999999999999999e-01	4.000000000000001e-01	2.193107289241378e-03	6.341597709316102e-03	2.997007677626426e-16	0.000000000000000e+00	2.957834693272139e+05	2.023526144867226e+04	8.534704998557480e-03	3.953685311119604e+04	8.954449199432751e+03	9.516110252661480e+03	1.287014830052993e-17	-inf	
15	6.000000000000001e-01	4.000000000000000e-01	2.193107289241378e-03	6.341597709316102e-03	-3.631157596828421e-16	-9.094947017729280e-19	2.957834693272139e+05	2.023526144867226e+04	8.534704998557480e-03	3.953685311119604e+04	8.954449199432751e+03	9.516110252661480e+03	1.559344799612430e-17	-inf	
16	8.000000000000000e-01	4.000000000000000e-01	2.193107289241378e-03	6.341597709316103e-03	-3.624336386565115e-16	0.000000000000000e+00	2.957834693272139e+05	2.023526144867226e+04	8.534704998557480e-03	3.953685311119600e+04	8.954449199432742e+03	9.516110252661480e+03	1.556410653677150e-17	-inf	
17	1.000000000000000e+00	4.000000000000000e-01	2.193107289241378e-03	6.341597709316103e-03	0.000000000000000e+00	0.000000000000000e+00	2.957834693272139e+05	2.023526144867226e+04	8.534704998557480e-03	3.953685311119600e+04	8.954449199432742e+03	9.516110252661480e+03	0.000000000000000e+00	-inf	
18	0.000000000000000e+00	6.000000000000000e-01	2.193107289241378e-03	6.341597709316103e-03	4.520188667811525e-16	3.581135388230896e-16	2.957834693272139e+05	2.023526144867226e+04	8.534704998557480e-03	3.953685311119600e+04	8.954449199432742e+03	9.516110252661480e+03	2.476480176591195e-17	-inf	
19	2.000000000000000e-01	6.000000000000000e-01	2.193107289241378e-03	6.341597709316103e-03	-1.996435638207600e-17	1.818989403545857e-18	2.957834693272139e+05	2.023526144867226e+04	8.534704998557480e-03	3.953685311119600e+04	8.954449199432742e+03	9.516110252661480e+03	8.608870757593959e-19	-inf	
20	4.000000000000001e-01	6.000000000000002e-01	2.193107289241378e-03	6.341597709316103e-03	0.000000000000000e+00	-3.599325282266359e-16	2.957834693272139e+05	2.023526144867226e+04	8.534704998557480e-03	3.953685311119600e+04	8.954449199432742e+03	9.516110252661480e+03	1.545670053181259e-17	-inf	
21	6.000000000000000e-01	6.000000000000001e-01	2.193107289241378e-03	6.341597709316103e-03	1.996435638207602e-17	-3.628883860073978e-16	2.957834693272139e+05	2.023526144867226e+04	8.534704998557480e-03	3.953685311119600e+04	8.954449199432742e+03	9.516110252661480e+03	1.560720031210517e-17	-inf	
22	8.000000000000000e-01	6.000000000000001e-01	2.193107289241378e-03	6.341597709316103e-03	3.633431333582843e-16	-9.094947017729286e-19	2.957834693272139e+05	2.023526144867226e+04	8.534704998557480e-03	3.953685311119600e+04	8.954449199432742e+03	9.516110252661480e+03	1.560321214778475e-17	-inf	
23	1.000000000000000e+00	6.000000000000001e-01	2.193107289241378e-03	6.341597709316102e-03	7.271410140674572e-16	-9.094947017729280e-19	2.957834693272139e+05	2.023526144867226e+04	8.534704998557480e-03	3.953685311119604e+04	8.954449199432751e+03	9.516110252661480e+03	3.122587932194517e-17	-inf	
24	0.000000000000000e+00	8.000000000000000e-01	2.193107289241378e-03	6.341597709316102e-03	-6.266418495215488e-16	0.000000000000000e+00	2.957834693272139e+05	2.023526144867226e+04	8.534704998557480e-03	3.953685311119604e+04	8.954449199432751e+03	9.516110252661480e+03	2.691008633333899e-17	-inf	
25	2.000000000000000e-01	8.000000000000000e-01	2.193107289241378e-03	6.341597709316103e-03	-3.628883860073978e-16	2.405613486189419e-16	2.957834693272139e+05	2.023526144867226e+04	8.534704998557480e-03	3.953685311119600e+04	8.954449199432742e+03	9.516110252661480e+03	1.869676461313068e-17	-inf	
26	3.999999999999999e-01	8.000000000000000e-01	2.193107289241378e-03	6.341597709316103e-03	-9.094947017729284e-19	0.000000000000000e+00	2.957834693272139e+05	2.023526144867226e+04	8.534704998557480e-03	3.953685311119600e+04	8.954449199432742e+03	9.516110252661480e+03	3.905672907596366e-20	-inf	
27	6.000000000000000e-01	8.000000000000000e-01	2.193107289241378e-03	6.341597709316103e-03	0.000000000000000e+00	-2.312390279257701e-16	2.957834693272139e+05	2.023526144867226e+04	8.534704998557480e-03	3.953685311119600e+04	8.954449199432742e+03	9.516110252661480e+03	9.930173367563894e-18	-inf	
28	8.000000000000000e-01	8.000000000000000e-01	2.193107289241378e-03	6.341597709316103e-03	0.000000000000000e+00	3.576587914722033e-16	2.957834693272139e+05	2.023526144867226e+04	8.534704998557480e-03	3.953685311119600e+04	8.954449199432742e+03	9.516110252661480e+03	1.535905870912267e-17	-inf	
29	1.000000000000000e+00	8.000000000000000e-01	2.193107289241378e-03	6.341597709316103e-03	-9.958966984413544e-17	-3.456079866737131e-16	2.957834693272139e+05	2.023526144867226e+04	8.534704998557480e-03	3.953685311119600e+04	8.954449199432742e+03	9.516110252661480e+03	1.544545498663828e-17	-inf	
30	0.000000000000000e+00	1.000000000000000e+00	2.193107289241378e-03	6.341597709316103e-03	1.818989403545857e-18	-7.180460670497255e-16	2.957834693272139e+05	2.023526144867226e+04	8.534704998557480e-03	3.953685311119600e+04	8.954449199432742e+03	9.516110252661480e+03	3.083538654573016e-17	-inf	
31	2.000000000000000e-01	1.000000000000000e+00	2.193107289241378e-03	6.341597709316103e-03	0.000000000000000e+00	0.000000000000000e+00	2.957834693272139e+05	2.023526144867226e+04	8.534704998557480e-03	3.953685311119600e+04	8.954449199432742e+03	9.516110252661480e+03	0.000000000000000e+00	-inf	
32	3.999999999999999e-01	1.000000000000000e+00	2.193107289241378e-03	6.341597709316103e-03	0.000000000000000e+00	0.000000000000000e+00	2.957834693272139e+05	2.023526144867226e+04	8.534704998557480e-03	3.953685311119600e+04	8.954449199432742e+03	9.516110252661480e+03	0.000000000000000e+00	-inf	
33	6.000000000000000e-01	1.000000000000000e+00	2.193107289241378e-03	6.341597709316103e-03	3.647073754109435e-16	-8.731149137020095e-17	2.957834693272139e+05	2.023526144867226e+04	8.534704998557480e-03	3.953685311119600e+04	8.954449199432742e+03	9.516110252661480e+03	1.610430709210151e-17	-inf	
34	8.000000000000000e-01	1.000000000000000e+00	2.193107289241378e-03	6.341597709316102e-03	0.000000000000000e+00	7.930793799459916e-16	2.957834693272139e+05	2.023526144867226e+04	8.534704998557480e-03	3.953685311119604e+04	8.954449199432751e+03	9.516110252661480e+03	3.405746775424021e-17	-inf	
35	1.000000000000000e+00	1.000000000000000e+00	2.193107289241378e-03	6.341597709316103e-03	-7.275957614183410e-16	-1.878106559161113e-16	2.957834693272139e+05	2.023526144867226e+04	8.534704998557480e-03	3.953685311119600e+04	8.954449199432742e+03	9.516110252661480e+03	3.226951596968140e-17	-inf	
EXT_ITER= 2526
AOA= 0.000000000000000e+00
SIDESLIP_ANGLE= 0.000000000000000e+00
INITIAL_BCTHRUST= 4.000000000000000e+03
DCD_DCL_VALUE= 0.000000000000000e+00
DCMX_DCL_VALUE= 0.000000000000000e+00
DCMY_DCL_VALUE= 0.000000000000000e+00
DCMZ_DCL_VALUE= 0.000000000000000e+00
