"PointID"	"x"	"y"	"Density[0]"	"Density[1]"	"Momentum_x"	"Momentum_y"	"Energy"	"Electronic_Energy"	"Total_Density"	"Pressure"	"Temperature"	"Tve"	"Mach"	"C<sub>p</sub>"
0	0.000000000000000e+00	0.000000000000000e+00	2.155197559811651e-03	6.379507438745836e-03	0.000000000000000e+00	0.000000000000000e+00	2.957834693272139e+05	1.937171497703239e+04	8.534704998557487e-03	3.935759695131255e+04	8.891192923094248e+03	9.347427696130369e+03	0.000000000000000e+00	-inf	
1	2.000000000000000e-01	0.000000000000000e+00	2.155197559811651e-03	6.379507438745836e-03	0.000000000000000e+00	6.580194167327034e-16	2.957834693272139e+05	1.937171497703239e+04	8.534704998557487e-03	3.935759695131255e+04	8.891192923094248e+03	9.347427696130369e+03	2.831233885290131e-17	-inf	
2	4.000000000000000e-01	0.000000000000000e+00	2.155197559811651e-03	6.379507438745836e-03	0.000000000000000e+00	-5.243236955720942e-16	2.957834693272139e+05	1.937171497703239e+04	8.534704998557487e-03	3.935759695131255e+04	8.891192923094248e+03	9.347427696130369e+03	2.255986641146910e-17	-inf	
3	6.000000000000001e-01	0.000000000000000e+00	2.155197559811651e-03	6.379507438745836e-03	0.000000000000000e+00	-1.346052158623937e-16	2.957834693272139e+05	1.937171497703239e+04	8.534704998557487e-03	3.935759695131255e+04	8.891192923094248e+03	9.347427696130369e+03	5.791604907020691e-18	-inf	
4	8.000000000000000e-01	0.000000000000000e+00	2.155197559811651e-03	6.379507438745836e-03	1.894022716442117e-16	0.000000000000000e+00	2.957834693272139e+05	1.937171497703239e+04	8.534704998557487e-03	3.935759695131255e+04	8.891192923094248e+03	9.347427696130369e+03	8.149335958696293e-18	-inf	
5	1.000000000000000e+00	0.000000000000000e+00	2.155197559811652e-03	6.379507438745835e-03	3.192326403222956e-16	2.328306436538723e-16	2.957834693272139e+05	1.937171497703239e+04	8.534704998557487e-03	3.935759695131252e+04	8.891192923094242e+03	9.347427696130369e+03	1.700065819584480e-17	-inf	
6	0.000000000000000e+00	2.000000000000000e-01	2.155197559811651e-03	6.379507438745836e-03	0.000000000000000e+00	0.000000000000000e+00	2.957834693272139e+05	1.937171497703239e+04	8.534704998557487e-03	3.935759695131255e+04	8.891192923094248e+03	9.347427696130369e+03	0.000000000000000e+00	-inf	
7	2.000000000000000e-01	2.000000000000000e-01	2.155197559811651e-03	6.379507438745836e-03	-2.737579052336510e-16	-1.818989403545857e-18	2.957834693272139e+05	1.937171497703239e+04	8.534704998557487e-03	3.935759695131255e+04	8.891192923094248e+03	9.347427696130369e+03	1.177913215549402e-17	-inf	
8	4.000000000000000e-01	2.000000000000000e-01	2.155197559811651e-03	6.379507438745836e-03	-3.281002136645788e-16	1.912212610477574e-16	2.957834693272139e+05	1.937171497703239e+04	8.534704998557487e-03	3.935759695131255e+04	8.891192923094248e+03	9.347427696130369e+03	1.633964959714221e-17	-inf	
9	5.999999999999999e-01	2.000000000000000e-01	2.155197559811651e-03	6.379507438745836e-03	0.000000000000000e+00	2.614797267597171e-16	2.957834693272139e+05	1.937171497703239e+04	8.534704998557487e-03	3.935759695131255e+04	8.891192923094248e+03	9.347427696130369e+03	1.125058385654355e-17	-inf	
10	7.999999999999999e-01	2.000000000000000e-01	2.155197559811651e-03	6.379507438745836e-03	1.778062141966077e-16	-1.462012733100003e-16	2.957834693272139e+05	1.937171497703239e+04	8.534704998557487e-03	3.935759695131255e+04	8.891192923094248e+03	9.347427696130369e+03	9.904520000745941e-18	-inf	
11	1.000000000000000e+00	2.000000000000000e-01	2.155197559811652e-03	6.379507438745835e-03	3.246896085329343e-16	-1.575699570821589e-16	2.957834693272139e+05	1.937171497703239e+04	8.534704998557487e-03	3.935759695131252e+04	8.891192923094242e+03	9.347427696130369e+03	1.552846857261920e-17	-inf	
12	0.000000000000000e+00	3.999999999999999e-01	2.155197559811651e-03	6.379507438745836e-03	-7.330527296289637e-16	0.000000000000000e+00	2.957834693272139e+05	1.937171497703239e+04	8.534704998557487e-03	3.935759695131255e+04	8.891192923094248e+03	9.347427696130369e+03	3.154076726390919e-17	-inf	
13	2.000000000000000e-01	3.999999999999999e-01	2.155197559811651e-03	6.379507438745836e-03	3.281443579906772e-16	0.000000000000000e+00	2.957834693272139e+05	1.937171497703239e+04	8.534704998557487e-03	3.935759695131255e+04	8.891192923094248e+03	9.347427696130369e+03	1.411893634116537e-17	-inf	
14	3.999999999999999e-01	4.000000000000001e-01	2.155197559811652e-03	6.379507438745835e-03	1.380599653201343e-16	0.000000000000000e+00	2.957834693272139e+05	1.937171497703239e+04	8.534704998557487e-03	3.935759695131252e+04	8.891192923094242e+03	9.347427696130369e+03	5.940251033278029e-18	-inf	
15	6.000000000000001e-01	4.000000000000000e-01	2.155197559811652e-03	6.379507438745835e-03	-2.110027708113205e-16	-9.094947017729280e-19	2.957834693272139e+05	1.937171497703239e+04	8.534704998557487e-03	3.935759695131252e+04	8.891192923094242e+03	9.347427696130369e+03	9.078816353229437e-18	-inf	
16	8.000000000000000e-01	4.000000000000000e-01	2.155197559811651e-03	6.379507438745836e-03	-1.934949978021901e-16	0.000000000000000e+00	2.957834693272139e+05	1.937171497703239e+04	8.534704998557487e-03	3.935759695131255e+04	8.891192923094248e+03	9.347427696130369e+03	8.325432053842205e-18	-inf	
17	1.000000000000000e+00	4.000000000000000e-01	2.155197559811651e-03	6.379507438745836e-03	0.000000000000000e+00	0.000000000000000e+00	2.957834693272139e+05	1.937171497703239e+04	8.534704998557487e-03	3.935759695131255e+04	8.891192923094248e+03	9.347427696130369e+03	0.000000000000000e+00	-inf	
18	0.000000000000000e+00	6.000000000000000e-01	2.155197559811651e-03	6.379507438745836e-03	5.243236955720942e-16	1.894022716442116e-16	2.957834693272139e+05	1.937171497703239e+04	8.534704998557487e-03	3.935759695131255e+04	8.891192923094248e+03	9.347427696130369e+03	2.398664730784675e-17	-inf	
19	2.000000000000000e-01	6.000000000000000e-01	2.155197559811651e-03	6.379507438745836e-03	-1.992059478681757e-17	1.818989403545857e-18	2.957834693272139e+05	1.937171497703239e+04	8.534704998557487e-03	3.935759695131255e+04	8.891192923094248e+03	9.347427696130369e+03	8.606813286592827e-19	-inf	
20	4.000000000000001e-01	6.000000000000002e-01	2.155197559811651e-03	6.379507438745836e-03	0.000000000000000e+00	-1.912212610477576e-16	2.957834693272139e+05	1.937171497703239e+04	8.534704998557487e-03	3.935759695131255e+04	8.891192923094248e+03	9.347427696130369e+03	8.227600889872254e-18	-inf	
21	6.000000000000000e-01	6.000000000000001e-01	2.155197559811651e-03	6.379507438745836e-03	1.992059478681771e-17	-1.959961082320659e-16	2.957834693272139e+05	1.937171497703239e+04	8.534704998557487e-03	3.935759695131255e+04	8.891192923094248e+03	9.347427696130369e+03	8.476492047124751e-18	-inf	
22	8.000000000000000e-01	6.000000000000001e-01	2.155197559811651e-03	6.379507438745836e-03	1.944044925039629e-16	-9.094947017729286e-19	2.957834693272139e+05	1.937171497703239e+04	8.534704998557487e-03	3.935759695131255e+04	8.891192923094248e+03	9.347427696130369e+03	8.364656056860505e-18	-inf	
23	1.000000000000000e+00	6.000000000000001e-01	2.155197559811652e-03	6.379507438745835e-03	4.229150363244139e-16	-9.094947017729280e-19	2.957834693272139e+05	1.937171497703239e+04	8.534704998557487e-03	3.935759695131252e+04	8.891192923094242e+03	9.347427696130369e+03	1.819663857628100e-17	-inf	
24	0.000000000000000e+00	8.000000000000000e-01	2.155197559811652e-03	6.379507438745835e-03	-2.851265890058142e-16	0.000000000000000e+00	2.957834693272139e+05	1.937171497703239e+04	8.534704998557487e-03	3.935759695131252e+04	8.891192923094242e+03	9.347427696130369e+03	1.226802796183101e-17	-inf	
25	2.000000000000000e-01	8.000000000000000e-01	2.155197559811651e-03	6.379507438745836e-03	-1.959961082320659e-16	2.728484105318781e-16	2.957834693272139e+05	1.937171497703239e+04	8.534704998557487e-03	3.935759695131255e+04	8.891192923094248e+03	9.347427696130369e+03	1.445467945491702e-17	-inf	
26	3.999999999999999e-01	8.000000000000000e-01	2.155197559811651e-03	6.379507438745836e-03	-9.094947017729284e-19	0.000000000000000e+00	2.957834693272139e+05	1.937171497703239e+04	8.534704998557487e-03	3.935759695131255e+04	8.891192923094248e+03	9.347427696130369e+03	3.913246558797755e-20	-inf	
27	6.000000000000000e-01	8.000000000000000e-01	2.155197559811651e-03	6.379507438745836e-03	0.000000000000000e+00	-2.723936631809917e-16	2.957834693272139e+05	1.937171497703239e+04	8.534704998557487e-03	3.935759695131255e+04	8.891192923094248e+03	9.347427696130369e+03	1.172017344359926e-17	-inf	
28	8.000000000000000e-01	8.000000000000000e-01	2.155197559811651e-03	6.379507438745836e-03	0.000000000000000e+00	1.875832822406654e-16	2.957834693272139e+05	1.937171497703239e+04	8.534704998557487e-03	3.935759695131255e+04	8.891192923094248e+03	9.347427696130369e+03	8.071071027520319e-18	-inf	
29	1.000000000000000e+00	8.000000000000000e-01	2.155197559811651e-03	6.379507438745836e-03	-1.327862264588478e-16	-1.782609615474947e-16	2.957834693272139e+05	1.937171497703239e+04	8.534704998557487e-03	3.935759695131255e+04	8.891192923094248e+03	9.347427696130369e+03	9.564025826835316e-18	-inf	
30	0.000000000000000e+00	1.000000000000000e+00	2.155197559811651e-03	6.379507438745836e-03	1.818989403545857e-18	-3.806235326919694e-16	2.957834693272139e+05	1.937171497703239e+04	8.534704998557487e-03	3.935759695131255e+04	8.891192923094248e+03	9.347427696130369e+03	1.637712386047851e-17	-inf	
31	2.000000000000000e-01	1.000000000000000e+00	2.155197559811651e-03	6.379507438745836e-03	0.000000000000000e+00	0.000000000000000e+00	2.957834693272139e+05	1.937171497703239e+04	8.534704998557487e-03	3.935759695131255e+04	8.891192923094248e+03	9.347427696130369e+03	0.000000000000000e+00	-inf	
32	3.999999999999999e-01	1.000000000000000e+00	2.155197559811651e-03	6.379507438745836e-03	0.000000000000000e+00	0.000000000000000e+00	2.957834693272139e+05	1.937171497703239e+04	8.534704998557487e-03	3.935759695131255e+04	8.891192923094248e+03	9.347427696130369e+03	0.000000000000000e+00	-inf	
33	6.000000000000000e-01	1.000000000000000e+00	2.155197559811651e-03	6.379507438745836e-03	1.957687345566220e-16	-1.105036062654106e-16	2.957834693272139e+05	1.937171497703239e+04	8.534704998557487e-03	3.935759695131255e+04	8.891192923094248e+03	9.347427696130369e+03	9.672514293167702e-18	-inf	
34	8.000000000000000e-01	1.000000000000000e+00	2.155197559811652e-03	6.379507438745835e-03	0.000000000000000e+00	5.225047061685468e-16	2.957834693272139e+05	1.937171497703239e+04	8.534704998557487e-03	3.935759695131252e+04	8.891192923094242e+03	9.347427696130369e+03	2.248160148029308e-17	-inf	
35	1.000000000000000e+00	1.000000000000000e+00	2.155197559811651e-03	6.379507438745836e-03	-3.897184797096981e-16	-2.319211489520993e-16	2.957834693272139e+05	1.937171497703239e+04	8.534704998557487e-03	3.935759695131255e+04	8.891192923094248e+03	9.347427696130369e+03	1.951283215534756e-17	-inf	
EXT_ITER= 2901
AOA= 0.000000000000000e+00
SIDESLIP_ANGLE= 0.000000000000000e+00
INITIAL_BCTHRUST= 4.000000000000000e+03
DCD_DCL_VALUE= 0.000000000000000e+00
DCMX_DCL_VALUE= 0.000000000000000e+00
DCMY_DCL_VALUE= 0.000000000000000e+00
DCMZ_DCL_VALUE= 0.000000000000000e+00
