"PointID"	"x"	"y"	"Density[0]"	"Density[1]"	"Momentum_x"	"Momentum_y"	"Energy"	"Electronic_Energy"	"Total_Density"	"Pressure"	"Temperature"	"Tve"	"Mach"	"C<sub>p</sub>"
0	0.000000000000000e+00	0.000000000000000e+00	1.881255402138951e-03	6.653449596418559e-03	0.000000000000000e+00	0.000000000000000e+00	2.957834693272139e+05	1.451484872309230e+04	8.534704998557510e-03	3.718114376990744e+04	8.248016500880218e+03	8.373846789827912e+03	0.000000000000000e+00	-inf	
1	2.000000000000000e-01	0.000000000000000e+00	1.881255402138951e-03	6.653449596418559e-03	0.000000000000000e+00	1.423813955625561e-15	2.957834693272139e+05	1.451484872309230e+04	8.534704998557510e-03	3.718114376990744e+04	8.248016500880218e+03	8.373846789827912e+03	6.287845527963739e-17	-inf	
2	4.000000000000000e-01	0.000000000000000e+00	1.881255402138951e-03	6.653449596418559e-03	0.000000000000000e+00	-1.123680704040454e-15	2.957834693272139e+05	1.451484872309230e+04	8.534704998557510e-03	3.718114376990744e+04	8.248016500880218e+03	8.373846789827912e+03	4.962397412838699e-17	-inf	
3	6.000000000000001e-01	0.000000000000000e+00	1.881255402138951e-03	6.653449596418559e-03	0.000000000000000e+00	-1.145508576883008e-15	2.957834693272139e+05	1.451484872309230e+04	8.534704998557510e-03	3.718114376990744e+04	8.248016500880218e+03	8.373846789827912e+03	5.058793639393248e-17	-inf	
4	8.000000000000000e-01	0.000000000000000e+00	1.881255402138951e-03	6.653449596418559e-03	3.517470759106792e-16	0.000000000000000e+00	2.957834693272139e+05	1.451484872309230e+04	8.534704998557510e-03	3.718114376990744e+04	8.248016500880218e+03	8.373846789827912e+03	1.553385025831938e-17	-inf	
5	1.000000000000000e+00	0.000000000000000e+00	1.881255402138952e-03	6.653449596418559e-03	6.784830475226061e-16	-1.164153218269347e-16	2.957834693272139e+05	1.451484872309230e+04	8.534704998557512e-03	3.718114376990743e+04	8.248016500880214e+03	8.373846789827910e+03	3.040102336255486e-17	-inf	
6	0.000000000000000e+00	2.000000000000000e-01	1.881255402138951e-03	6.653449596418559e-03	0.000000000000000e+00	0.000000000000000e+00	2.957834693272139e+05	1.451484872309230e+04	8.534704998557510e-03	3.718114376990744e+04	8.248016500880218e+03	8.373846789827912e+03	0.000000000000000e+00	-inf	
7	2.000000000000000e-01	2.000000000000000e-01	1.881255402138951e-03	6.653449596418559e-03	-7.198650564532946e-16	-1.818989403545857e-18	2.957834693272139e+05	1.451484872309230e+04	8.534704998557510e-03	3.718114376990744e+04	8.248016500880218e+03	8.373846789827912e+03	3.179077370671552e-17	-inf	
8	4.000000000000000e-01	2.000000000000000e-01	1.881255402138951e-03	6.653449596418559e-03	-7.109974831110073e-16	3.535660653142250e-16	2.957834693272139e+05	1.451484872309230e+04	8.534704998557510e-03	3.718114376990744e+04	8.248016500880218e+03	8.373846789827912e+03	3.506713218622704e-17	-inf	
9	5.999999999999999e-01	2.000000000000000e-01	1.881255402138951e-03	6.653449596418559e-03	0.000000000000000e+00	9.449649951420699e-16	2.957834693272139e+05	1.451484872309230e+04	8.534704998557510e-03	3.718114376990744e+04	8.248016500880218e+03	8.373846789827912e+03	4.173153307923422e-17	-inf	
10	7.999999999999999e-01	2.000000000000000e-01	1.881255402138951e-03	6.653449596418559e-03	3.381046553840860e-16	-5.702531780116279e-16	2.957834693272139e+05	1.451484872309230e+04	8.534704998557510e-03	3.718114376990744e+04	8.248016500880218e+03	8.373846789827912e+03	2.927721488881263e-17	-inf	
11	1.000000000000000e+00	2.000000000000000e-01	1.881255402138952e-03	6.653449596418559e-03	6.716618372593088e-16	-3.337845555506651e-16	2.957834693272139e+05	1.451484872309230e+04	8.534704998557512e-03	3.718114376990743e+04	8.248016500880214e+03	8.373846789827910e+03	3.312272048617262e-17	-inf	
12	0.000000000000000e+00	3.999999999999999e-01	1.881255402138951e-03	6.653449596418559e-03	-1.256921677850243e-15	0.000000000000000e+00	2.957834693272139e+05	1.451484872309230e+04	8.534704998557510e-03	3.718114376990744e+04	8.248016500880218e+03	8.373846789827912e+03	5.550816045765582e-17	-inf	
13	2.000000000000000e-01	3.999999999999999e-01	1.881255402138951e-03	6.653449596418559e-03	7.097314173156573e-16	0.000000000000000e+00	2.957834693272139e+05	1.451484872309230e+04	8.534704998557510e-03	3.718114376990744e+04	8.248016500880218e+03	8.373846789827912e+03	3.134315056255308e-17	-inf	
14	3.999999999999999e-01	4.000000000000001e-01	1.881255402138952e-03	6.653449596418559e-03	2.745382025173076e-16	0.000000000000000e+00	2.957834693272139e+05	1.451484872309230e+04	8.534704998557512e-03	3.718114376990743e+04	8.248016500880214e+03	8.373846789827910e+03	1.212415289324241e-17	-inf	
15	6.000000000000001e-01	4.000000000000000e-01	1.881255402138952e-03	6.653449596418559e-03	-8.908500603865780e-16	-9.094947017729280e-19	2.957834693272139e+05	1.451484872309230e+04	8.534704998557512e-03	3.718114376990743e+04	8.248016500880214e+03	8.373846789827910e+03	3.934173046541998e-17	-inf	
16	8.000000000000000e-01	4.000000000000000e-01	1.881255402138951e-03	6.653449596418559e-03	-3.685727278934794e-16	0.000000000000000e+00	2.957834693272139e+05	1.451484872309230e+04	8.534704998557510e-03	3.718114376990744e+04	8.248016500880218e+03	8.373846789827912e+03	1.627690450467731e-17	-inf	
17	1.000000000000000e+00	4.000000000000000e-01	1.881255402138951e-03	6.653449596418559e-03	0.000000000000000e+00	0.000000000000000e+00	2.957834693272139e+05	1.451484872309230e+04	8.534704998557510e-03	3.718114376990744e+04	8.248016500880218e+03	8.373846789827912e+03	0.000000000000000e+00	-inf	
18	0.000000000000000e+00	6.000000000000000e-01	1.881255402138951e-03	6.653449596418559e-03	1.123680704040454e-15	3.517470759106791e-16	2.957834693272139e+05	1.451484872309230e+04	8.534704998557510e-03	3.718114376990744e+04	8.248016500880218e+03	8.373846789827912e+03	5.199845490149406e-17	-inf	
19	2.000000000000000e-01	6.000000000000000e-01	1.881255402138951e-03	6.653449596418559e-03	3.248341442759364e-17	1.818989403545857e-18	2.957834693272139e+05	1.451484872309230e+04	8.534704998557510e-03	3.718114376990744e+04	8.248016500880218e+03	8.373846789827912e+03	1.436779552303502e-18	-inf	
20	4.000000000000001e-01	6.000000000000002e-01	1.881255402138951e-03	6.653449596418559e-03	0.000000000000000e+00	-3.535660653142253e-16	2.957834693272139e+05	1.451484872309230e+04	8.534704998557510e-03	3.718114376990744e+04	8.248016500880218e+03	8.373846789827912e+03	1.561418044711484e-17	-inf	
21	6.000000000000000e-01	6.000000000000001e-01	1.881255402138951e-03	6.653449596418559e-03	-3.248341442759319e-17	-3.740296961041176e-16	2.957834693272139e+05	1.451484872309230e+04	8.534704998557510e-03	3.718114376990744e+04	8.248016500880218e+03	8.373846789827912e+03	1.658007057045763e-17	-inf	
22	8.000000000000000e-01	6.000000000000001e-01	1.881255402138951e-03	6.653449596418559e-03	6.377831596182655e-16	-9.094947017729286e-19	2.957834693272139e+05	1.451484872309230e+04	8.534704998557510e-03	3.718114376990744e+04	8.248016500880218e+03	8.373846789827912e+03	2.816580108460224e-17	-inf	
23	1.000000000000000e+00	6.000000000000001e-01	1.881255402138952e-03	6.653449596418559e-03	1.246007741428903e-15	-9.094947017729280e-19	2.957834693272139e+05	1.451484872309230e+04	8.534704998557512e-03	3.718114376990743e+04	8.248016500880214e+03	8.373846789827910e+03	5.502619398367193e-17	-inf	
24	0.000000000000000e+00	8.000000000000000e-01	1.881255402138952e-03	6.653449596418559e-03	-6.280060915742080e-16	0.000000000000000e+00	2.957834693272139e+05	1.451484872309230e+04	8.534704998557512e-03	3.718114376990743e+04	8.248016500880214e+03	8.373846789827910e+03	2.773399768162787e-17	-inf	
25	2.000000000000000e-01	8.000000000000000e-01	1.881255402138951e-03	6.653449596418559e-03	-3.740296961041176e-16	7.189555617515214e-16	2.957834693272139e+05	1.451484872309230e+04	8.534704998557510e-03	3.718114376990744e+04	8.248016500880218e+03	8.373846789827912e+03	3.579016010085469e-17	-inf	
26	3.999999999999999e-01	8.000000000000000e-01	1.881255402138951e-03	6.653449596418559e-03	-9.094947017729284e-19	0.000000000000000e+00	2.957834693272139e+05	1.451484872309230e+04	8.534704998557510e-03	3.718114376990744e+04	8.248016500880218e+03	8.373846789827912e+03	4.016509439772313e-20	-inf	
27	6.000000000000000e-01	8.000000000000000e-01	1.881255402138951e-03	6.653449596418559e-03	0.000000000000000e+00	-6.950813258299789e-16	2.957834693272139e+05	1.451484872309230e+04	8.534704998557510e-03	3.718114376990744e+04	8.248016500880218e+03	8.373846789827912e+03	3.069617339346072e-17	-inf	
28	8.000000000000000e-01	8.000000000000000e-01	1.881255402138951e-03	6.653449596418559e-03	0.000000000000000e+00	3.483364707790303e-16	2.957834693272139e+05	1.451484872309230e+04	8.534704998557510e-03	3.718114376990744e+04	8.248016500880218e+03	8.373846789827912e+03	1.538323115432791e-17	-inf	
29	1.000000000000000e+00	8.000000000000000e-01	1.881255402138951e-03	6.653449596418559e-03	-1.143689587479462e-15	-3.451532393228278e-16	2.957834693272139e+05	1.451484872309230e+04	8.534704998557510e-03	3.718114376990744e+04	8.248016500880218e+03	8.373846789827912e+03	5.275752804033651e-17	-inf	
30	0.000000000000000e+00	1.000000000000000e+00	1.881255402138951e-03	6.653449596418559e-03	1.818989403545857e-18	-7.053131412249045e-16	2.957834693272139e+05	1.451484872309230e+04	8.534704998557510e-03	3.718114376990744e+04	8.248016500880218e+03	8.373846789827912e+03	3.114813429028944e-17	-inf	
31	2.000000000000000e-01	1.000000000000000e+00	1.881255402138951e-03	6.653449596418559e-03	0.000000000000000e+00	0.000000000000000e+00	2.957834693272139e+05	1.451484872309230e+04	8.534704998557510e-03	3.718114376990744e+04	8.248016500880218e+03	8.373846789827912e+03	0.000000000000000e+00	-inf	
32	3.999999999999999e-01	1.000000000000000e+00	1.881255402138951e-03	6.653449596418559e-03	0.000000000000000e+00	0.000000000000000e+00	2.957834693272139e+05	1.451484872309230e+04	8.534704998557510e-03	3.718114376990744e+04	8.248016500880218e+03	8.373846789827912e+03	0.000000000000000e+00	-inf	
33	6.000000000000000e-01	1.000000000000000e+00	1.881255402138951e-03	6.653449596418559e-03	3.708464646479115e-16	-8.753886504564150e-16	2.957834693272139e+05	1.451484872309230e+04	8.534704998557510e-03	3.718114376990744e+04	8.248016500880218e+03	8.373846789827912e+03	4.198484641903410e-17	-inf	
34	8.000000000000000e-01	1.000000000000000e+00	1.881255402138952e-03	6.653449596418559e-03	0.000000000000000e+00	4.229150363244041e-16	2.957834693272139e+05	1.451484872309230e+04	8.534704998557512e-03	3.718114376990743e+04	8.248016500880214e+03	8.373846789827910e+03	1.867676889494092e-17	-inf	
35	1.000000000000000e+00	1.000000000000000e+00	1.881255402138951e-03	6.653449596418559e-03	-7.398739398922768e-16	8.594724931754156e-17	2.957834693272139e+05	1.451484872309230e+04	8.534704998557510e-03	3.718114376990744e+04	8.248016500880218e+03	8.373846789827912e+03	3.289402303072627e-17	-inf	
EXT_ITER= 8948
AOA= 0.000000000000000e+00
SIDESLIP_ANGLE= 0.000000000000000e+00
INITIAL_BCTHRUST= 4.000000000000000e+03
DCD_DCL_VALUE= 0.000000000000000e+00
DCMX_DCL_VALUE= 0.000000000000000e+00
DCMY_DCL_VALUE= 0.000000000000000e+00
DCMZ_DCL_VALUE= 0.000000000000000e+00
