"PointID"	"x"	"y"	"Density[0]"	"Density[1]"	"Momentum_x"	"Momentum_y"	"Energy"	"Electronic_Energy"	"Total_Density"	"Pressure"	"Temperature"	"Tve"	"Mach"	"C<sub>p</sub>"
0	0.000000000000000e+00	0.000000000000000e+00	1.938713624082713e-03	6.595991374474790e-03	0.000000000000000e+00	0.000000000000000e+00	2.957834693272139e+05	1.541607675998917e+04	8.534704998557503e-03	3.771580760068413e+04	8.398394672132716e+03	8.558368216068269e+03	0.000000000000000e+00	-inf	
1	2.000000000000000e-01	0.000000000000000e+00	1.938713624082713e-03	6.595991374474790e-03	0.000000000000000e+00	1.247826730832476e-15	2.957834693272139e+05	1.541607675998917e+04	8.534704998557503e-03	3.771580760068413e+04	8.398394672132716e+03	8.558368216068269e+03	5.474186810888528e-17	-inf	
2	4.000000000000000e-01	0.000000000000000e+00	1.938713624082713e-03	6.595991374474790e-03	0.000000000000000e+00	-9.563336789142135e-16	2.957834693272139e+05	1.541607675998917e+04	8.534704998557503e-03	3.771580760068413e+04	8.398394672132716e+03	8.558368216068269e+03	4.195413579919154e-17	-inf	
3	6.000000000000001e-01	0.000000000000000e+00	1.938713624082713e-03	6.595991374474790e-03	0.000000000000000e+00	-7.712515071034234e-16	2.957834693272139e+05	1.541607675998917e+04	8.534704998557503e-03	3.771580760068413e+04	8.398394672132716e+03	8.558368216068269e+03	3.383462402065077e-17	-inf	
4	8.000000000000000e-01	0.000000000000000e+00	1.938713624082713e-03	6.595991374474790e-03	1.932676241267472e-16	0.000000000000000e+00	2.957834693272139e+05	1.541607675998917e+04	8.534704998557503e-03	3.771580760068413e+04	8.398394672132716e+03	8.558368216068269e+03	8.478605665552440e-18	-inf	
5	1.000000000000000e+00	0.000000000000000e+00	1.938713624082714e-03	6.595991374474790e-03	3.242348611820474e-16	-6.366462912410481e-18	2.957834693272139e+05	1.541607675998917e+04	8.534704998557503e-03	3.771580760068414e+04	8.398394672132717e+03	8.558368216068271e+03	1.422684962255211e-17	-inf	
6	0.000000000000000e+00	2.000000000000000e-01	1.938713624082713e-03	6.595991374474790e-03	0.000000000000000e+00	0.000000000000000e+00	2.957834693272139e+05	1.541607675998917e+04	8.534704998557503e-03	3.771580760068413e+04	8.398394672132716e+03	8.558368216068269e+03	0.000000000000000e+00	-inf	
7	2.000000000000000e-01	2.000000000000000e-01	1.938713624082713e-03	6.595991374474790e-03	-5.445599526865394e-16	-1.818989403545857e-18	2.957834693272139e+05	1.541607675998917e+04	8.534704998557503e-03	3.771580760068413e+04	8.398394672132716e+03	8.558368216068269e+03	2.388985159148954e-17	-inf	
8	4.000000000000000e-01	2.000000000000000e-01	1.938713624082713e-03	6.595991374474790e-03	-6.230038707144648e-16	1.950866135302930e-16	2.957834693272139e+05	1.541607675998917e+04	8.534704998557503e-03	3.771580760068413e+04	8.398394672132716e+03	8.558368216068269e+03	2.863968826465633e-17	-inf	
9	5.999999999999999e-01	2.000000000000000e-01	1.938713624082713e-03	6.595991374474790e-03	0.000000000000000e+00	5.902620614506365e-16	2.957834693272139e+05	1.541607675998917e+04	8.534704998557503e-03	3.771580760068413e+04	8.398394672132716e+03	8.558368216068269e+03	2.589465918561690e-17	-inf	
10	7.999999999999999e-01	2.000000000000000e-01	1.938713624082713e-03	6.595991374474790e-03	1.850821718107915e-16	-3.985860530519749e-16	2.957834693272139e+05	1.541607675998917e+04	8.534704998557503e-03	3.771580760068413e+04	8.398394672132716e+03	8.558368216068269e+03	1.927906578575786e-17	-inf	
11	1.000000000000000e+00	2.000000000000000e-01	1.938713624082714e-03	6.595991374474790e-03	3.246896085329357e-16	-1.614353095646945e-16	2.957834693272139e+05	1.541607675998917e+04	8.534704998557503e-03	3.771580760068414e+04	8.398394672132717e+03	8.558368216068271e+03	1.590753695454972e-17	-inf	
12	0.000000000000000e+00	3.999999999999999e-01	1.938713624082713e-03	6.595991374474790e-03	-1.265107130166178e-15	0.000000000000000e+00	2.957834693272139e+05	1.541607675998917e+04	8.534704998557503e-03	3.771580760068413e+04	8.398394672132716e+03	8.558368216068269e+03	5.549995520368836e-17	-inf	
13	2.000000000000000e-01	3.999999999999999e-01	1.938713624082713e-03	6.595991374474790e-03	4.946961973518084e-16	0.000000000000000e+00	2.957834693272139e+05	1.541607675998917e+04	8.534704998557503e-03	3.771580760068413e+04	8.398394672132716e+03	8.558368216068269e+03	2.170220698135968e-17	-inf	
14	3.999999999999999e-01	4.000000000000001e-01	1.938713624082714e-03	6.595991374474790e-03	1.513619474325260e-16	0.000000000000000e+00	2.957834693272139e+05	1.541607675998917e+04	8.534704998557503e-03	3.771580760068414e+04	8.398394672132717e+03	8.558368216068271e+03	6.640213387260547e-18	-inf	
15	6.000000000000001e-01	4.000000000000000e-01	1.938713624082714e-03	6.595991374474790e-03	-5.379661160986931e-16	-9.094947017729280e-19	2.957834693272139e+05	1.541607675998917e+04	8.534704998557503e-03	3.771580760068414e+04	8.398394672132717e+03	8.558368216068271e+03	2.360048196803276e-17	-inf	
16	8.000000000000000e-01	4.000000000000000e-01	1.938713624082713e-03	6.595991374474790e-03	-2.016804501181471e-16	0.000000000000000e+00	2.957834693272139e+05	1.541607675998917e+04	8.534704998557503e-03	3.771580760068413e+04	8.398394672132716e+03	8.558368216068269e+03	8.847674382758855e-18	-inf	
17	1.000000000000000e+00	4.000000000000000e-01	1.938713624082713e-03	6.595991374474790e-03	0.000000000000000e+00	0.000000000000000e+00	2.957834693272139e+05	1.541607675998917e+04	8.534704998557503e-03	3.771580760068413e+04	8.398394672132716e+03	8.558368216068269e+03	0.000000000000000e+00	-inf	
18	0.000000000000000e+00	6.000000000000000e-01	1.938713624082713e-03	6.595991374474790e-03	9.563336789142135e-16	1.932676241267471e-16	2.957834693272139e+05	1.541607675998917e+04	8.534704998557503e-03	3.771580760068413e+04	8.398394672132716e+03	8.558368216068269e+03	4.280229275037662e-17	-inf	
19	2.000000000000000e-01	6.000000000000000e-01	1.938713624082713e-03	6.595991374474790e-03	7.138116788852191e-18	1.818989403545857e-18	2.957834693272139e+05	1.541607675998917e+04	8.534704998557503e-03	3.771580760068413e+04	8.398394672132716e+03	8.558368216068269e+03	3.231550607764967e-19	-inf	
20	4.000000000000001e-01	6.000000000000002e-01	1.938713624082713e-03	6.595991374474790e-03	0.000000000000000e+00	-1.950866135302932e-16	2.957834693272139e+05	1.541607675998917e+04	8.534704998557503e-03	3.771580760068413e+04	8.398394672132716e+03	8.558368216068269e+03	8.558404307110587e-18	-inf	
21	6.000000000000000e-01	6.000000000000001e-01	1.938713624082713e-03	6.595991374474790e-03	-7.138116788851800e-18	-2.064552973024553e-16	2.957834693272139e+05	1.541607675998917e+04	8.534704998557503e-03	3.771580760068413e+04	8.398394672132716e+03	8.558368216068269e+03	9.062557680797185e-18	-inf	
22	8.000000000000000e-01	6.000000000000001e-01	1.938713624082713e-03	6.595991374474790e-03	2.025899448199198e-16	-9.094947017729286e-19	2.957834693272139e+05	1.541607675998917e+04	8.534704998557503e-03	3.771580760068413e+04	8.398394672132716e+03	8.558368216068269e+03	8.887663263851602e-18	-inf	
23	1.000000000000000e+00	6.000000000000001e-01	1.938713624082714e-03	6.595991374474790e-03	1.076841726899159e-15	-9.094947017729280e-19	2.957834693272139e+05	1.541607675998917e+04	8.534704998557503e-03	3.771580760068414e+04	8.398394672132717e+03	8.558368216068271e+03	4.724081265179212e-17	-inf	
24	0.000000000000000e+00	8.000000000000000e-01	1.938713624082714e-03	6.595991374474790e-03	-2.978595148306357e-16	0.000000000000000e+00	2.957834693272139e+05	1.541607675998917e+04	8.534704998557503e-03	3.771580760068414e+04	8.398394672132717e+03	8.558368216068271e+03	1.306702755514561e-17	-inf	
25	2.000000000000000e-01	8.000000000000000e-01	1.938713624082713e-03	6.595991374474790e-03	-2.064552973024553e-16	5.436504579847663e-16	2.957834693272139e+05	1.541607675998917e+04	8.534704998557503e-03	3.771580760068413e+04	8.398394672132716e+03	8.558368216068269e+03	2.551167882509506e-17	-inf	
26	3.999999999999999e-01	8.000000000000000e-01	1.938713624082713e-03	6.595991374474790e-03	-9.094947017729284e-19	0.000000000000000e+00	2.957834693272139e+05	1.541607675998917e+04	8.534704998557503e-03	3.771580760068413e+04	8.398394672132716e+03	8.558368216068269e+03	3.989932077907033e-20	-inf	
27	6.000000000000000e-01	8.000000000000000e-01	1.938713624082713e-03	6.595991374474790e-03	0.000000000000000e+00	-5.995843821438088e-16	2.957834693272139e+05	1.541607675998917e+04	8.534704998557503e-03	3.771580760068413e+04	8.398394672132716e+03	8.558368216068269e+03	2.630362722360237e-17	-inf	
28	8.000000000000000e-01	8.000000000000000e-01	1.938713624082713e-03	6.595991374474790e-03	0.000000000000000e+00	1.953139872057358e-16	2.957834693272139e+05	1.541607675998917e+04	8.534704998557503e-03	3.771580760068413e+04	8.398394672132716e+03	8.558368216068269e+03	8.568379137305330e-18	-inf	
29	1.000000000000000e+00	8.000000000000000e-01	1.938713624082713e-03	6.595991374474790e-03	-7.694325176998777e-16	-1.800799509510411e-16	2.957834693272139e+05	1.541607675998917e+04	8.534704998557503e-03	3.771580760068413e+04	8.398394672132716e+03	8.558368216068269e+03	3.466697667092666e-17	-inf	
30	0.000000000000000e+00	1.000000000000000e+00	1.938713624082713e-03	6.595991374474790e-03	1.818989403545857e-18	-3.883542376570405e-16	2.957834693272139e+05	1.541607675998917e+04	8.534704998557503e-03	3.771580760068413e+04	8.398394672132716e+03	8.558368216068269e+03	1.703719685370261e-17	-inf	
31	2.000000000000000e-01	1.000000000000000e+00	1.938713624082713e-03	6.595991374474790e-03	0.000000000000000e+00	0.000000000000000e+00	2.957834693272139e+05	1.541607675998917e+04	8.534704998557503e-03	3.771580760068413e+04	8.398394672132716e+03	8.558368216068269e+03	0.000000000000000e+00	-inf	
32	3.999999999999999e-01	1.000000000000000e+00	1.938713624082713e-03	6.595991374474790e-03	0.000000000000000e+00	0.000000000000000e+00	2.957834693272139e+05	1.541607675998917e+04	8.534704998557503e-03	3.771580760068413e+04	8.398394672132716e+03	8.558368216068269e+03	0.000000000000000e+00	-inf	
33	6.000000000000000e-01	1.000000000000000e+00	1.938713624082713e-03	6.595991374474790e-03	2.039541868725790e-16	-5.247784429229806e-16	2.957834693272139e+05	1.541607675998917e+04	8.534704998557503e-03	3.771580760068413e+04	8.398394672132716e+03	8.558368216068269e+03	2.469948632626343e-17	-inf	
34	8.000000000000000e-01	1.000000000000000e+00	1.938713624082714e-03	6.595991374474790e-03	0.000000000000000e+00	2.623892214614846e-16	2.957834693272139e+05	1.541607675998917e+04	8.534704998557503e-03	3.771580760068414e+04	8.398394672132717e+03	8.558368216068271e+03	1.151095404476156e-17	-inf	
35	1.000000000000000e+00	1.000000000000000e+00	1.938713624082713e-03	6.595991374474790e-03	-4.060893843416120e-16	-2.319211489520962e-17	2.957834693272139e+05	1.541607675998917e+04	8.534704998557503e-03	3.771580760068413e+04	8.398394672132716e+03	8.558368216068269e+03	1.784407630486131e-17	-inf	
EXT_ITER= 6933
AOA= 0.000000000000000e+00
SIDESLIP_ANGLE= 0.000000000000000e+00
INITIAL_BCTHRUST= 4.000000000000000e+03
DCD_DCL_VALUE= 0.000000000000000e+00
DCMX_DCL_VALUE= 0.000000000000000e+00
DCMY_DCL_VALUE= 0.000000000000000e+00
DCMZ_DCL_VALUE= 0.000000000000000e+00
