"PointID"	"x"	"y"	"Density[0]"	"Density[1]"	"Momentum_x"	"Momentum_y"	"Energy"	"Electronic_Energy"	"Total_Density"	"Pressure"	"Temperature"	"Tve"	"Mach"	"C<sub>p</sub>"
0	0.000000000000000e+00	0.000000000000000e+00	1.935881381187782e-03	6.598823617369721e-03	0.000000000000000e+00	0.000000000000000e+00	2.957834693272139e+05	1.537085689542673e+04	8.534704998557503e-03	3.769002528098533e+04	8.391082888701609e+03	8.549117044892142e+03	0.000000000000000e+00	-inf	
1	2.000000000000000e-01	0.000000000000000e+00	1.935881381187782e-03	6.598823617369721e-03	0.000000000000000e+00	1.256012183148433e-15	2.957834693272139e+05	1.537085689542673e+04	8.534704998557503e-03	3.769002528098533e+04	8.391082888701609e+03	8.549117044892142e+03	5.511844503996816e-17	-inf	
2	4.000000000000000e-01	0.000000000000000e+00	1.935881381187782e-03	6.598823617369721e-03	0.000000000000000e+00	-9.617906471248518e-16	2.957834693272139e+05	1.537085689542673e+04	8.534704998557503e-03	3.769002528098533e+04	8.391082888701609e+03	8.549117044892142e+03	4.220691935536875e-17	-inf	
3	6.000000000000001e-01	0.000000000000000e+00	1.935881381187782e-03	6.598823617369721e-03	0.000000000000000e+00	-7.898961484897669e-16	2.957834693272139e+05	1.537085689542673e+04	8.534704998557503e-03	3.769002528098533e+04	8.391082888701609e+03	8.549117044892142e+03	3.466355504504730e-17	-inf	
4	8.000000000000000e-01	0.000000000000000e+00	1.935881381187782e-03	6.598823617369721e-03	2.019078237935900e-16	0.000000000000000e+00	2.957834693272139e+05	1.537085689542673e+04	8.534704998557503e-03	3.769002528098533e+04	8.391082888701609e+03	8.549117044892142e+03	8.860459666091777e-18	-inf	
5	1.000000000000000e+00	0.000000000000000e+00	1.935881381187782e-03	6.598823617369721e-03	3.501554601825760e-16	-1.182343112304805e-17	2.957834693272139e+05	1.537085689542674e+04	8.534704998557503e-03	3.769002528098535e+04	8.391082888701612e+03	8.549117044892144e+03	1.537486989069981e-17	-inf	
6	0.000000000000000e+00	2.000000000000000e-01	1.935881381187782e-03	6.598823617369721e-03	0.000000000000000e+00	0.000000000000000e+00	2.957834693272139e+05	1.537085689542673e+04	8.534704998557503e-03	3.769002528098533e+04	8.391082888701609e+03	8.549117044892142e+03	0.000000000000000e+00	-inf	
7	2.000000000000000e-01	2.000000000000000e-01	1.935881381187782e-03	6.598823617369721e-03	-5.518359103007238e-16	-1.818989403545857e-18	2.957834693272139e+05	1.537085689542673e+04	8.534704998557503e-03	3.769002528098533e+04	8.391082888701609e+03	8.549117044892142e+03	2.421672571448913e-17	-inf	
8	4.000000000000000e-01	2.000000000000000e-01	1.935881381187782e-03	6.598823617369721e-03	-6.270965968724435e-16	2.037268131971359e-16	2.957834693272139e+05	1.537085689542673e+04	8.534704998557503e-03	3.769002528098533e+04	8.391082888701609e+03	8.549117044892142e+03	2.893511921354102e-17	-inf	
9	5.999999999999999e-01	2.000000000000000e-01	1.935881381187782e-03	6.598823617369721e-03	0.000000000000000e+00	6.093614501878673e-16	2.957834693272139e+05	1.537085689542673e+04	8.534704998557503e-03	3.769002528098533e+04	8.391082888701609e+03	8.549117044892142e+03	2.674102692018713e-17	-inf	
10	7.999999999999999e-01	2.000000000000000e-01	1.935881381187782e-03	6.598823617369721e-03	1.932676241267479e-16	-4.054072633152712e-16	2.957834693272139e+05	1.537085689542673e+04	8.534704998557503e-03	3.769002528098533e+04	8.391082888701609e+03	8.549117044892142e+03	1.970897534654606e-17	-inf	
11	1.000000000000000e+00	2.000000000000000e-01	1.935881381187782e-03	6.598823617369721e-03	3.497007128316913e-16	-1.743956090649589e-16	2.957834693272139e+05	1.537085689542674e+04	8.534704998557503e-03	3.769002528098535e+04	8.391082888701612e+03	8.549117044892144e+03	1.714860925572821e-17	-inf	
12	0.000000000000000e+00	3.999999999999999e-01	1.935881381187782e-03	6.598823617369721e-03	-1.264652382815292e-15	0.000000000000000e+00	2.957834693272139e+05	1.537085689542673e+04	8.534704998557503e-03	3.769002528098533e+04	8.391082888701609e+03	8.549117044892142e+03	5.549760885450884e-17	-inf	
13	2.000000000000000e-01	3.999999999999999e-01	1.935881381187782e-03	6.598823617369721e-03	5.074509174292157e-16	0.000000000000000e+00	2.957834693272139e+05	1.537085689542673e+04	8.534704998557503e-03	3.769002528098533e+04	8.391082888701609e+03	8.549117044892142e+03	2.226881703702250e-17	-inf	
14	3.999999999999999e-01	4.000000000000001e-01	1.935881381187782e-03	6.598823617369721e-03	1.575228309220795e-16	0.000000000000000e+00	2.957834693272139e+05	1.537085689542674e+04	8.534704998557503e-03	3.769002528098535e+04	8.391082888701612e+03	8.549117044892144e+03	6.912682548153887e-18	-inf	
15	6.000000000000001e-01	4.000000000000000e-01	1.935881381187782e-03	6.598823617369721e-03	-5.552465154323781e-16	-9.094947017729280e-19	2.957834693272139e+05	1.537085689542674e+04	8.534704998557503e-03	3.769002528098535e+04	8.391082888701612e+03	8.549117044892144e+03	2.436629676967540e-17	-inf	
16	8.000000000000000e-01	4.000000000000000e-01	1.935881381187782e-03	6.598823617369721e-03	-2.125943865394223e-16	0.000000000000000e+00	2.957834693272139e+05	1.537085689542673e+04	8.534704998557503e-03	3.769002528098533e+04	8.391082888701609e+03	8.549117044892142e+03	9.329425436707010e-18	-inf	
17	1.000000000000000e+00	4.000000000000000e-01	1.935881381187782e-03	6.598823617369721e-03	0.000000000000000e+00	0.000000000000000e+00	2.957834693272139e+05	1.537085689542673e+04	8.534704998557503e-03	3.769002528098533e+04	8.391082888701609e+03	8.549117044892142e+03	0.000000000000000e+00	-inf	
18	0.000000000000000e+00	6.000000000000000e-01	1.935881381187782e-03	6.598823617369721e-03	9.617906471248518e-16	2.019078237935900e-16	2.957834693272139e+05	1.537085689542673e+04	8.534704998557503e-03	3.769002528098533e+04	8.391082888701609e+03	8.549117044892142e+03	4.312692647250718e-17	-inf	
19	2.000000000000000e-01	6.000000000000000e-01	1.935881381187782e-03	6.598823617369721e-03	8.091199995797591e-18	1.818989403545857e-18	2.957834693272139e+05	1.537085689542673e+04	8.534704998557503e-03	3.769002528098533e+04	8.391082888701609e+03	8.549117044892142e+03	3.639337388115926e-19	-inf	
20	4.000000000000001e-01	6.000000000000002e-01	1.935881381187782e-03	6.598823617369721e-03	0.000000000000000e+00	-2.037268131971360e-16	2.957834693272139e+05	1.537085689542673e+04	8.534704998557503e-03	3.769002528098533e+04	8.391082888701609e+03	8.549117044892142e+03	8.940283627047565e-18	-inf	
21	6.000000000000000e-01	6.000000000000001e-01	1.935881381187782e-03	6.598823617369721e-03	-8.091199995797195e-18	-2.162323653465143e-16	2.957834693272139e+05	1.537085689542673e+04	8.534704998557503e-03	3.769002528098533e+04	8.391082888701609e+03	8.549117044892142e+03	9.495714249425775e-18	-inf	
22	8.000000000000000e-01	6.000000000000001e-01	1.935881381187782e-03	6.598823617369721e-03	2.135038812411950e-16	-9.094947017729286e-19	2.957834693272139e+05	1.537085689542673e+04	8.534704998557503e-03	3.769002528098533e+04	8.391082888701609e+03	8.549117044892142e+03	9.369422426342326e-18	-inf	
23	1.000000000000000e+00	6.000000000000001e-01	1.935881381187782e-03	6.598823617369721e-03	1.111402525566529e-15	-9.094947017729280e-19	2.957834693272139e+05	1.537085689542674e+04	8.534704998557503e-03	3.769002528098535e+04	8.391082888701612e+03	8.549117044892144e+03	4.877245647457798e-17	-inf	
24	0.000000000000000e+00	8.000000000000000e-01	1.935881381187782e-03	6.598823617369721e-03	-3.160494088660942e-16	0.000000000000000e+00	2.957834693272139e+05	1.537085689542674e+04	8.534704998557503e-03	3.769002528098535e+04	8.391082888701612e+03	8.549117044892144e+03	1.386941321606715e-17	-inf	
25	2.000000000000000e-01	8.000000000000000e-01	1.935881381187782e-03	6.598823617369721e-03	-2.162323653465144e-16	5.509264155989506e-16	2.957834693272139e+05	1.537085689542673e+04	8.534704998557503e-03	3.769002528098533e+04	8.391082888701609e+03	8.549117044892142e+03	2.597218654967616e-17	-inf	
26	3.999999999999999e-01	8.000000000000000e-01	1.935881381187782e-03	6.598823617369721e-03	-9.094947017729284e-19	0.000000000000000e+00	2.957834693272139e+05	1.537085689542673e+04	8.534704998557503e-03	3.769002528098533e+04	8.391082888701609e+03	8.549117044892142e+03	3.991198047789090e-20	-inf	
27	6.000000000000000e-01	8.000000000000000e-01	1.935881381187782e-03	6.598823617369721e-03	0.000000000000000e+00	-6.043592293281173e-16	2.957834693272139e+05	1.537085689542673e+04	8.534704998557503e-03	3.769002528098533e+04	8.391082888701609e+03	8.549117044892142e+03	2.652151102755878e-17	-inf	
28	8.000000000000000e-01	8.000000000000000e-01	1.935881381187782e-03	6.598823617369721e-03	0.000000000000000e+00	2.034994395216922e-16	2.957834693272139e+05	1.537085689542673e+04	8.534704998557503e-03	3.769002528098533e+04	8.391082888701609e+03	8.549117044892142e+03	8.930305631928066e-18	-inf	
29	1.000000000000000e+00	8.000000000000000e-01	1.935881381187782e-03	6.598823617369721e-03	-7.880771590862212e-16	-1.887201506178840e-16	2.957834693272139e+05	1.537085689542673e+04	8.534704998557503e-03	3.769002528098533e+04	8.391082888701609e+03	8.549117044892142e+03	3.556151861251721e-17	-inf	
30	0.000000000000000e+00	1.000000000000000e+00	1.935881381187782e-03	6.598823617369721e-03	1.818989403545857e-18	-4.056346369907262e-16	2.957834693272139e+05	1.537085689542673e+04	8.534704998557503e-03	3.769002528098533e+04	8.391082888701609e+03	8.549117044892142e+03	1.780092226973053e-17	-inf	
31	2.000000000000000e-01	1.000000000000000e+00	1.935881381187782e-03	6.598823617369721e-03	0.000000000000000e+00	0.000000000000000e+00	2.957834693272139e+05	1.537085689542673e+04	8.534704998557503e-03	3.769002528098533e+04	8.391082888701609e+03	8.549117044892142e+03	0.000000000000000e+00	-inf	
32	3.999999999999999e-01	1.000000000000000e+00	1.935881381187782e-03	6.598823617369721e-03	0.000000000000000e+00	0.000000000000000e+00	2.957834693272139e+05	1.537085689542673e+04	8.534704998557503e-03	3.769002528098533e+04	8.391082888701609e+03	8.549117044892142e+03	0.000000000000000e+00	-inf	
33	6.000000000000000e-01	1.000000000000000e+00	1.935881381187782e-03	6.598823617369721e-03	2.148681232938542e-16	-5.393303581513462e-16	2.957834693272139e+05	1.537085689542673e+04	8.534704998557503e-03	3.769002528098533e+04	8.391082888701609e+03	8.549117044892142e+03	2.547694802112373e-17	-inf	
34	8.000000000000000e-01	1.000000000000000e+00	1.935881381187782e-03	6.598823617369721e-03	0.000000000000000e+00	2.769411366898514e-16	2.957834693272139e+05	1.537085689542674e+04	8.534704998557503e-03	3.769002528098535e+04	8.391082888701612e+03	8.549117044892144e+03	1.215319805551754e-17	-inf	
35	1.000000000000000e+00	1.000000000000000e+00	1.935881381187782e-03	6.598823617369721e-03	-4.279172571841625e-16	-1.773514668457206e-17	2.957834693272139e+05	1.537085689542673e+04	8.534704998557503e-03	3.769002528098533e+04	8.391082888701609e+03	8.549117044892142e+03	1.879470798269742e-17	-inf	
EXT_ITER= 7019
AOA= 0.000000000000000e+00
SIDESLIP_ANGLE= 0.000000000000000e+00
INITIAL_BCTHRUST= 4.000000000000000e+03
DCD_DCL_VALUE= 0.000000000000000e+00
DCMX_DCL_VALUE= 0.000000000000000e+00
DCMY_DCL_VALUE= 0.000000000000000e+00
DCMZ_DCL_VALUE= 0.000000000000000e+00
