"PointID"	"x"	"y"	"Density[0]"	"Density[1]"	"Momentum_x"	"Momentum_y"	"Energy"	"Electronic_Energy"	"Total_Density"	"Pressure"	"Temperature"	"Tve"	"Mach"	"C<sub>p</sub>"
0	0.000000000000000e+00	0.000000000000000e+00	2.436554868846631e-03	6.098150129710856e-03	0.000000000000000e+00	0.000000000000000e+00	2.957834693272139e+05	2.708673147398606e+04	8.534704998557487e-03	3.988059534255096e+04	9.182572050031609e+03	1.082069026286991e+04	0.000000000000000e+00	-inf	
1	2.000000000000000e-01	0.000000000000000e+00	2.436554868846631e-03	6.098150129710856e-03	0.000000000000000e+00	2.646629582159256e-16	2.957834693272139e+05	2.708673147398606e+04	8.534704998557487e-03	3.988059534255096e+04	9.182572050031609e+03	1.082069026286991e+04	1.134098260140511e-17	-inf	
2	4.000000000000000e-01	0.000000000000000e+00	2.436554868846631e-03	6.098150129710856e-03	0.000000000000000e+00	-1.973603502847273e-16	2.957834693272139e+05	2.708673147398606e+04	8.534704998557487e-03	3.988059534255096e+04	9.182572050031609e+03	1.082069026286991e+04	8.457021390051205e-18	-inf	
3	6.000000000000001e-01	0.000000000000000e+00	2.436554868846631e-03	6.098150129710856e-03	0.000000000000000e+00	-9.003997547551973e-17	2.957834693272139e+05	2.708673147398606e+04	8.534704998557487e-03	3.988059534255096e+04	9.182572050031609e+03	1.082069026286991e+04	3.858272431405806e-18	-inf	
4	8.000000000000000e-01	0.000000000000000e+00	2.436554868846631e-03	6.098150129710856e-03	3.947207005694509e-16	0.000000000000000e+00	2.957834693272139e+05	2.708673147398606e+04	8.534704998557487e-03	3.988059534255096e+04	9.182572050031609e+03	1.082069026286991e+04	1.691404278010225e-17	-inf	
5	1.000000000000000e+00	0.000000000000000e+00	2.436554868846631e-03	6.098150129710857e-03	7.671587809454640e-16	5.547917680814851e-17	2.957834693272139e+05	2.708673147398606e+04	8.534704998557487e-03	3.988059534255098e+04	9.182572050031615e+03	1.082069026286991e+04	3.295910962943236e-17	-inf	
6	0.000000000000000e+00	2.000000000000000e-01	2.436554868846631e-03	6.098150129710856e-03	0.000000000000000e+00	0.000000000000000e+00	2.957834693272139e+05	2.708673147398606e+04	8.534704998557487e-03	3.988059534255096e+04	9.182572050031609e+03	1.082069026286991e+04	0.000000000000000e+00	-inf	
7	2.000000000000000e-01	2.000000000000000e-01	2.436554868846631e-03	6.098150129710856e-03	-1.130047166952876e-16	-1.818989403545857e-18	2.957834693272139e+05	2.708673147398606e+04	8.534704998557487e-03	3.988059534255096e+04	9.182572050031609e+03	1.082069026286991e+04	4.842954046148340e-18	-inf	
8	4.000000000000000e-01	2.000000000000000e-01	2.436554868846631e-03	6.098150129710856e-03	-1.314219844061898e-16	3.965396899729966e-16	2.957834693272139e+05	2.708673147398606e+04	8.534704998557487e-03	3.988059534255096e+04	9.182572050031609e+03	1.082069026286991e+04	1.790088405131536e-17	-inf	
9	5.999999999999999e-01	2.000000000000000e-01	2.436554868846631e-03	6.098150129710856e-03	0.000000000000000e+00	4.381490725791082e-16	2.957834693272139e+05	2.708673147398606e+04	8.534704998557487e-03	3.988059534255096e+04	9.182572050031609e+03	1.082069026286991e+04	1.877497721040152e-17	-inf	
10	7.999999999999999e-01	2.000000000000000e-01	2.436554868846631e-03	6.098150129710856e-03	3.878994903061536e-16	-7.207745511550485e-17	2.957834693272139e+05	2.708673147398606e+04	8.534704998557487e-03	3.988059534255096e+04	9.182572050031609e+03	1.082069026286991e+04	1.690626502297206e-17	-inf	
11	1.000000000000000e+00	2.000000000000000e-01	2.436554868846631e-03	6.098150129710857e-03	7.717062544543291e-16	-3.844888851745052e-16	2.957834693272139e+05	2.708673147398606e+04	8.534704998557487e-03	3.988059534255098e+04	9.182572050031615e+03	1.082069026286991e+04	3.694517873058133e-17	-inf	
12	0.000000000000000e+00	3.999999999999999e-01	2.436554868846631e-03	6.098150129710856e-03	-3.060449671465948e-16	0.000000000000000e+00	2.957834693272139e+05	2.708673147398606e+04	8.534704998557487e-03	3.988059534255096e+04	9.182572050031609e+03	1.082069026286991e+04	1.311422902189975e-17	-inf	
13	2.000000000000000e-01	3.999999999999999e-01	2.436554868846631e-03	6.098150129710856e-03	4.781909499945880e-16	0.000000000000000e+00	2.957834693272139e+05	2.708673147398606e+04	8.534704998557487e-03	3.988059534255096e+04	9.182572050031609e+03	1.082069026286991e+04	2.049079811015154e-17	-inf	
14	3.999999999999999e-01	4.000000000000001e-01	2.436554868846631e-03	6.098150129710857e-03	3.606387597904365e-16	0.000000000000000e+00	2.957834693272139e+05	2.708673147398606e+04	8.534704998557487e-03	3.988059534255098e+04	9.182572050031615e+03	1.082069026286991e+04	1.545360910248282e-17	-inf	
15	6.000000000000001e-01	4.000000000000000e-01	2.436554868846631e-03	6.098150129710857e-03	-4.213234205963089e-16	-9.094947017729280e-19	2.957834693272139e+05	2.708673147398606e+04	8.534704998557487e-03	3.988059534255098e+04	9.182572050031615e+03	1.082069026286991e+04	1.805402897167897e-17	-inf	
16	8.000000000000000e-01	4.000000000000000e-01	2.436554868846631e-03	6.098150129710856e-03	-3.949480742448943e-16	0.000000000000000e+00	2.957834693272139e+05	2.708673147398606e+04	8.534704998557487e-03	3.988059534255096e+04	9.182572050031609e+03	1.082069026286991e+04	1.692378589230278e-17	-inf	
17	1.000000000000000e+00	4.000000000000000e-01	2.436554868846631e-03	6.098150129710856e-03	0.000000000000000e+00	0.000000000000000e+00	2.957834693272139e+05	2.708673147398606e+04	8.534704998557487e-03	3.988059534255096e+04	9.182572050031609e+03	1.082069026286991e+04	0.000000000000000e+00	-inf	
18	0.000000000000000e+00	6.000000000000000e-01	2.436554868846631e-03	6.098150129710856e-03	1.973603502847273e-16	3.947207005694508e-16	2.957834693272139e+05	2.708673147398606e+04	8.534704998557487e-03	3.988059534255096e+04	9.182572050031609e+03	1.082069026286991e+04	1.891047471532411e-17	-inf	
19	2.000000000000000e-01	6.000000000000000e-01	2.436554868846631e-03	6.098150129710856e-03	-7.227736539241783e-18	1.818989403545857e-18	2.957834693272139e+05	2.708673147398606e+04	8.534704998557487e-03	3.988059534255096e+04	9.182572050031609e+03	1.082069026286991e+04	3.193708287828438e-19	-inf	
20	4.000000000000001e-01	6.000000000000002e-01	2.436554868846631e-03	6.098150129710856e-03	0.000000000000000e+00	-3.965396899729970e-16	2.957834693272139e+05	2.708673147398606e+04	8.534704998557487e-03	3.988059534255096e+04	9.182572050031609e+03	1.082069026286991e+04	1.699198767770642e-17	-inf	
21	6.000000000000000e-01	6.000000000000001e-01	2.436554868846631e-03	6.098150129710856e-03	7.227736539241657e-18	-3.949480742448941e-16	2.957834693272139e+05	2.708673147398606e+04	8.534704998557487e-03	3.988059534255096e+04	9.182572050031609e+03	1.082069026286991e+04	1.692661960486267e-17	-inf	
22	8.000000000000000e-01	6.000000000000001e-01	2.436554868846631e-03	6.098150129710856e-03	3.958575689466672e-16	-9.094947017729286e-19	2.957834693272139e+05	2.708673147398606e+04	8.534704998557487e-03	3.988059534255096e+04	9.182572050031609e+03	1.082069026286991e+04	1.696280311123394e-17	-inf	
23	1.000000000000000e+00	6.000000000000001e-01	2.436554868846631e-03	6.098150129710857e-03	8.435563358943907e-16	-9.094947017729280e-19	2.957834693272139e+05	2.708673147398606e+04	8.534704998557487e-03	3.988059534255098e+04	9.182572050031615e+03	1.082069026286991e+04	3.614696727332843e-17	-inf	
24	0.000000000000000e+00	8.000000000000000e-01	2.436554868846631e-03	6.098150129710857e-03	-7.553353498224166e-16	0.000000000000000e+00	2.957834693272139e+05	2.708673147398606e+04	8.534704998557487e-03	3.988059534255098e+04	9.182572050031615e+03	1.082069026286991e+04	3.236661873012652e-17	-inf	
25	2.000000000000000e-01	8.000000000000000e-01	2.436554868846631e-03	6.098150129710856e-03	-3.949480742448941e-16	1.120952219935147e-16	2.957834693272139e+05	2.708673147398606e+04	8.534704998557487e-03	3.988059534255096e+04	9.182572050031609e+03	1.082069026286991e+04	1.759223526452948e-17	-inf	
26	3.999999999999999e-01	8.000000000000000e-01	2.436554868846631e-03	6.098150129710856e-03	-9.094947017729284e-19	0.000000000000000e+00	2.957834693272139e+05	2.708673147398606e+04	8.534704998557487e-03	3.988059534255096e+04	9.182572050031609e+03	1.082069026286991e+04	3.897244880207893e-20	-inf	
27	6.000000000000000e-01	8.000000000000000e-01	2.436554868846631e-03	6.098150129710856e-03	0.000000000000000e+00	-9.822542779147717e-17	2.957834693272139e+05	2.708673147398606e+04	8.534704998557487e-03	3.988059534255096e+04	9.182572050031609e+03	1.082069026286991e+04	4.209024470624563e-18	-inf	
28	8.000000000000000e-01	8.000000000000000e-01	2.436554868846631e-03	6.098150129710856e-03	0.000000000000000e+00	3.958575689466669e-16	2.957834693272139e+05	2.708673147398606e+04	8.534704998557487e-03	3.988059534255096e+04	9.182572050031609e+03	1.082069026286991e+04	1.696275834110484e-17	-inf	
29	1.000000000000000e+00	8.000000000000000e-01	2.436554868846631e-03	6.098150129710856e-03	-8.822098607197387e-17	-3.892637323588128e-16	2.957834693272139e+05	2.708673147398606e+04	8.534704998557487e-03	3.988059534255096e+04	9.182572050031609e+03	1.082069026286991e+04	1.710322244777590e-17	-inf	
30	0.000000000000000e+00	1.000000000000000e+00	2.436554868846631e-03	6.098150129710856e-03	1.818989403545857e-18	-7.912603905424478e-16	2.957834693272139e+05	2.708673147398606e+04	8.534704998557487e-03	3.988059534255096e+04	9.182572050031609e+03	1.082069026286991e+04	3.390612004952662e-17	-inf	
31	2.000000000000000e-01	1.000000000000000e+00	2.436554868846631e-03	6.098150129710856e-03	0.000000000000000e+00	0.000000000000000e+00	2.957834693272139e+05	2.708673147398606e+04	8.534704998557487e-03	3.988059534255096e+04	9.182572050031609e+03	1.082069026286991e+04	0.000000000000000e+00	-inf	
32	3.999999999999999e-01	1.000000000000000e+00	2.436554868846631e-03	6.098150129710856e-03	0.000000000000000e+00	0.000000000000000e+00	2.957834693272139e+05	2.708673147398606e+04	8.534704998557487e-03	3.988059534255096e+04	9.182572050031609e+03	1.082069026286991e+04	0.000000000000000e+00	-inf	
33	6.000000000000000e-01	1.000000000000000e+00	2.436554868846631e-03	6.098150129710856e-03	3.972218109993264e-16	-8.731149137020095e-17	2.957834693272139e+05	2.708673147398606e+04	8.534704998557487e-03	3.988059534255096e+04	9.182572050031609e+03	1.082069026286991e+04	1.742755193709716e-17	-inf	
34	8.000000000000000e-01	1.000000000000000e+00	2.436554868846631e-03	6.098150129710857e-03	0.000000000000000e+00	7.812559488229474e-16	2.957834693272139e+05	2.708673147398606e+04	8.534704998557487e-03	3.988059534255098e+04	9.182572050031615e+03	1.082069026286991e+04	3.347733352098587e-17	-inf	
35	1.000000000000000e+00	1.000000000000000e+00	2.436554868846631e-03	6.098150129710856e-03	-7.926246325951068e-16	-4.774847184307863e-17	2.957834693272139e+05	2.708673147398606e+04	8.534704998557487e-03	3.988059534255096e+04	9.182572050031609e+03	1.082069026286991e+04	3.402606143986747e-17	-inf	
EXT_ITER= 1145
AOA= 0.000000000000000e+00
SIDESLIP_ANGLE= 0.000000000000000e+00
INITIAL_BCTHRUST= 4.000000000000000e+03
DCD_DCL_VALUE= 0.000000000000000e+00
DCMX_DCL_VALUE= 0.000000000000000e+00
DCMY_DCL_VALUE= 0.000000000000000e+00
DCMZ_DCL_VALUE= 0.000000000000000e+00
