"PointID"	"x"	"y"	"Density[0]"	"Density[1]"	"Momentum_x"	"Momentum_y"	"Energy"	"Electronic_Energy"	"Total_Density"	"Pressure"	"Temperature"	"Tve"	"Mach"	"C<sub>p</sub>"
0	0.000000000000000e+00	0.000000000000000e+00	2.011467777135645e-03	6.523237221421832e-03	0.000000000000000e+00	0.000000000000000e+00	2.957834693272139e+05	1.661612315012451e+04	8.534704998557477e-03	3.835164019647495e+04	8.581241030581477e+03	8.800844404374226e+03	0.000000000000000e+00	-inf	
1	2.000000000000000e-01	0.000000000000000e+00	2.011467777135645e-03	6.523237221421832e-03	0.000000000000000e+00	1.044099917635313e-15	2.957834693272139e+05	1.661612315012451e+04	8.534704998557477e-03	3.835164019647495e+04	8.581241030581477e+03	8.800844404374226e+03	4.545199899509777e-17	-inf	
2	4.000000000000000e-01	0.000000000000000e+00	2.011467777135645e-03	6.523237221421832e-03	0.000000000000000e+00	-7.908056431915397e-16	2.957834693272139e+05	1.661612315012451e+04	8.534704998557477e-03	3.835164019647495e+04	8.581241030581477e+03	8.800844404374226e+03	3.442553408208779e-17	-inf	
3	6.000000000000001e-01	0.000000000000000e+00	2.011467777135645e-03	6.523237221421832e-03	0.000000000000000e+00	-4.633875505533131e-16	2.957834693272139e+05	1.661612315012451e+04	8.534704998557477e-03	3.835164019647495e+04	8.581241030581477e+03	8.800844404374226e+03	2.017229397909653e-17	-inf	
4	8.000000000000000e-01	0.000000000000000e+00	2.011467777135645e-03	6.523237221421832e-03	1.264197635464366e-16	0.000000000000000e+00	2.957834693272139e+05	1.661612315012451e+04	8.534704998557477e-03	3.835164019647495e+04	8.581241030581477e+03	8.800844404374226e+03	5.503334373099845e-18	-inf	
5	1.000000000000000e+00	0.000000000000000e+00	2.011467777135646e-03	6.523237221421832e-03	1.709850039333078e-16	1.759872247930629e-16	2.957834693272139e+05	1.661612315012450e+04	8.534704998557477e-03	3.835164019647493e+04	8.581241030581474e+03	8.800844404374224e+03	1.068158676958201e-17	-inf	
6	0.000000000000000e+00	2.000000000000000e-01	2.011467777135645e-03	6.523237221421832e-03	0.000000000000000e+00	0.000000000000000e+00	2.957834693272139e+05	1.661612315012451e+04	8.534704998557477e-03	3.835164019647495e+04	8.581241030581477e+03	8.800844404374226e+03	0.000000000000000e+00	-inf	
7	2.000000000000000e-01	2.000000000000000e-01	2.011467777135645e-03	6.523237221421832e-03	-4.008597898064070e-16	-1.818989403545857e-18	2.957834693272139e+05	1.661612315012451e+04	8.534704998557477e-03	3.835164019647495e+04	8.581241030581477e+03	8.800844404374226e+03	1.745050070075162e-17	-inf	
8	4.000000000000000e-01	2.000000000000000e-01	2.011467777135645e-03	6.523237221421832e-03	-5.211404641158833e-16	1.282387529499823e-16	2.957834693272139e+05	1.661612315012451e+04	8.534704998557477e-03	3.835164019647495e+04	8.581241030581477e+03	8.800844404374226e+03	2.336316735469174e-17	-inf	
9	5.999999999999999e-01	2.000000000000000e-01	2.011467777135645e-03	6.523237221421832e-03	0.000000000000000e+00	3.601599019020863e-16	2.957834693272139e+05	1.661612315012451e+04	8.534704998557477e-03	3.835164019647495e+04	8.581241030581477e+03	8.800844404374226e+03	1.567856411329199e-17	-inf	
10	7.999999999999999e-01	2.000000000000000e-01	2.011467777135645e-03	6.523237221421832e-03	1.145963324233894e-16	-2.685283106984571e-16	2.957834693272139e+05	1.661612315012451e+04	8.534704998557477e-03	3.835164019647495e+04	8.581241030581477e+03	8.800844404374226e+03	1.270960546493372e-17	-inf	
11	1.000000000000000e+00	2.000000000000000e-01	2.011467777135646e-03	6.523237221421832e-03	1.750777300912880e-16	-8.481038094032475e-17	2.957834693272139e+05	1.661612315012450e+04	8.534704998557477e-03	3.835164019647493e+04	8.581241030581474e+03	8.800844404374224e+03	8.468670823399535e-18	-inf	
12	0.000000000000000e+00	3.999999999999999e-01	2.011467777135645e-03	6.523237221421832e-03	-1.135049387812618e-15	0.000000000000000e+00	2.957834693272139e+05	1.661612315012451e+04	8.534704998557477e-03	3.835164019647495e+04	8.581241030581477e+03	8.800844404374226e+03	4.941123235704065e-17	-inf	
13	2.000000000000000e-01	3.999999999999999e-01	2.011467777135645e-03	6.523237221421832e-03	3.729218420134700e-16	0.000000000000000e+00	2.957834693272139e+05	1.661612315012451e+04	8.534704998557477e-03	3.835164019647495e+04	8.581241030581477e+03	8.800844404374226e+03	1.623411984059425e-17	-inf	
14	3.999999999999999e-01	4.000000000000001e-01	2.011467777135646e-03	6.523237221421832e-03	8.552151625322307e-17	0.000000000000000e+00	2.957834693272139e+05	1.661612315012450e+04	8.534704998557477e-03	3.835164019647493e+04	8.581241030581474e+03	8.800844404374224e+03	3.722942416856356e-18	-inf	
15	6.000000000000001e-01	4.000000000000000e-01	2.011467777135646e-03	6.523237221421832e-03	-2.983142621815262e-16	-9.094947017729280e-19	2.957834693272139e+05	1.661612315012450e+04	8.534704998557477e-03	3.835164019647493e+04	8.581241030581474e+03	8.800844404374224e+03	1.298634578119801e-17	-inf	
16	8.000000000000000e-01	4.000000000000000e-01	2.011467777135645e-03	6.523237221421832e-03	-1.334683474851772e-16	0.000000000000000e+00	2.957834693272139e+05	1.661612315012451e+04	8.534704998557477e-03	3.835164019647495e+04	8.581241030581477e+03	8.800844404374226e+03	5.810174958650394e-18	-inf	
17	1.000000000000000e+00	4.000000000000000e-01	2.011467777135645e-03	6.523237221421832e-03	0.000000000000000e+00	0.000000000000000e+00	2.957834693272139e+05	1.661612315012451e+04	8.534704998557477e-03	3.835164019647495e+04	8.581241030581477e+03	8.800844404374226e+03	0.000000000000000e+00	-inf	
18	0.000000000000000e+00	6.000000000000000e-01	2.011467777135645e-03	6.523237221421832e-03	7.908056431915397e-16	1.264197635464365e-16	2.957834693272139e+05	1.661612315012451e+04	8.534704998557477e-03	3.835164019647495e+04	8.581241030581477e+03	8.800844404374226e+03	3.486264599910813e-17	-inf	
19	2.000000000000000e-01	6.000000000000000e-01	2.011467777135645e-03	6.523237221421832e-03	-1.290227092712660e-17	1.818989403545857e-18	2.957834693272139e+05	1.661612315012451e+04	8.534704998557477e-03	3.835164019647495e+04	8.581241030581477e+03	8.800844404374226e+03	5.672189879299231e-19	-inf	
20	4.000000000000001e-01	6.000000000000002e-01	2.011467777135645e-03	6.523237221421832e-03	0.000000000000000e+00	-1.282387529499825e-16	2.957834693272139e+05	1.661612315012451e+04	8.534704998557477e-03	3.835164019647495e+04	8.581241030581477e+03	8.800844404374226e+03	5.582519040338696e-18	-inf	
21	6.000000000000000e-01	6.000000000000001e-01	2.011467777135645e-03	6.523237221421832e-03	1.290227092712691e-17	-1.302851160289720e-16	2.957834693272139e+05	1.661612315012451e+04	8.534704998557477e-03	3.835164019647495e+04	8.581241030581477e+03	8.800844404374226e+03	5.699345053970453e-18	-inf	
22	8.000000000000000e-01	6.000000000000001e-01	2.011467777135645e-03	6.523237221421832e-03	1.343778421869499e-16	-9.094947017729286e-19	2.957834693272139e+05	1.661612315012451e+04	8.534704998557477e-03	3.835164019647495e+04	8.581241030581477e+03	8.800844404374226e+03	5.849901274943969e-18	-inf	
23	1.000000000000000e+00	6.000000000000001e-01	2.011467777135646e-03	6.523237221421832e-03	5.975380190648253e-16	-9.094947017729280e-19	2.957834693272139e+05	1.661612315012450e+04	8.534704998557477e-03	3.835164019647493e+04	8.581241030581474e+03	8.800844404374224e+03	2.601219331909620e-17	-inf	
24	0.000000000000000e+00	8.000000000000000e-01	2.011467777135646e-03	6.523237221421832e-03	-1.423359208274643e-16	0.000000000000000e+00	2.957834693272139e+05	1.661612315012450e+04	8.534704998557477e-03	3.835164019647493e+04	8.581241030581474e+03	8.800844404374224e+03	6.196200211439822e-18	-inf	
25	2.000000000000000e-01	8.000000000000000e-01	2.011467777135645e-03	6.523237221421832e-03	-1.302851160289720e-16	3.999502951046341e-16	2.957834693272139e+05	1.661612315012451e+04	8.534704998557477e-03	3.835164019647495e+04	8.581241030581477e+03	8.800844404374226e+03	1.831121353320913e-17	-inf	
26	3.999999999999999e-01	8.000000000000000e-01	2.011467777135645e-03	6.523237221421832e-03	-9.094947017729284e-19	0.000000000000000e+00	2.957834693272139e+05	1.661612315012451e+04	8.534704998557477e-03	3.835164019647495e+04	8.581241030581477e+03	8.800844404374226e+03	3.959233361942349e-20	-inf	
27	6.000000000000000e-01	8.000000000000000e-01	2.011467777135645e-03	6.523237221421832e-03	0.000000000000000e+00	-4.779394657816635e-16	2.957834693272139e+05	1.661612315012451e+04	8.534704998557477e-03	3.835164019647495e+04	8.581241030581477e+03	8.800844404374226e+03	2.080577131700659e-17	-inf	
28	8.000000000000000e-01	8.000000000000000e-01	2.011467777135645e-03	6.523237221421832e-03	0.000000000000000e+00	1.261923898709930e-16	2.957834693272139e+05	1.661612315012451e+04	8.534704998557477e-03	3.835164019647495e+04	8.581241030581477e+03	8.800844404374226e+03	5.493436289694974e-18	-inf	
29	1.000000000000000e+00	8.000000000000000e-01	2.011467777135645e-03	6.523237221421832e-03	-4.615685611497674e-16	-1.132320903707305e-16	2.957834693272139e+05	1.661612315012451e+04	8.534704998557477e-03	3.835164019647495e+04	8.581241030581477e+03	8.800844404374226e+03	2.068889807043079e-17	-inf	
30	0.000000000000000e+00	1.000000000000000e+00	2.011467777135645e-03	6.523237221421832e-03	1.818989403545857e-18	-2.546585164964192e-16	2.957834693272139e+05	1.661612315012451e+04	8.534704998557477e-03	3.835164019647495e+04	8.581241030581477e+03	8.800844404374226e+03	1.108613621221446e-17	-inf	
31	2.000000000000000e-01	1.000000000000000e+00	2.011467777135645e-03	6.523237221421832e-03	0.000000000000000e+00	0.000000000000000e+00	2.957834693272139e+05	1.661612315012451e+04	8.534704998557477e-03	3.835164019647495e+04	8.581241030581477e+03	8.800844404374226e+03	0.000000000000000e+00	-inf	
32	3.999999999999999e-01	1.000000000000000e+00	2.011467777135645e-03	6.523237221421832e-03	0.000000000000000e+00	0.000000000000000e+00	2.957834693272139e+05	1.661612315012451e+04	8.534704998557477e-03	3.835164019647495e+04	8.581241030581477e+03	8.800844404374226e+03	0.000000000000000e+00	-inf	
33	6.000000000000000e-01	1.000000000000000e+00	2.011467777135645e-03	6.523237221421832e-03	1.357420842396090e-16	-2.946762833744330e-16	2.957834693272139e+05	1.661612315012451e+04	8.534704998557477e-03	3.835164019647495e+04	8.581241030581477e+03	8.800844404374226e+03	1.412351066355562e-17	-inf	
34	8.000000000000000e-01	1.000000000000000e+00	2.011467777135646e-03	6.523237221421832e-03	0.000000000000000e+00	3.610693966038478e-16	2.957834693272139e+05	1.661612315012450e+04	8.534704998557477e-03	3.835164019647493e+04	8.581241030581474e+03	8.800844404374224e+03	1.571815644691092e-17	-inf	
35	1.000000000000000e+00	1.000000000000000e+00	2.011467777135645e-03	6.523237221421832e-03	-2.696651790756721e-16	-1.887201506178842e-16	2.957834693272139e+05	1.661612315012451e+04	8.534704998557477e-03	3.835164019647495e+04	8.581241030581477e+03	8.800844404374226e+03	1.432829541682442e-17	-inf	
EXT_ITER= 5094
AOA= 0.000000000000000e+00
SIDESLIP_ANGLE= 0.000000000000000e+00
INITIAL_BCTHRUST= 4.000000000000000e+03
DCD_DCL_VALUE= 0.000000000000000e+00
DCMX_DCL_VALUE= 0.000000000000000e+00
DCMY_DCL_VALUE= 0.000000000000000e+00
DCMZ_DCL_VALUE= 0.000000000000000e+00
