"PointID"	"x"	"y"	"Density[0]"	"Density[1]"	"Momentum_x"	"Momentum_y"	"Energy"	"Electronic_Energy"	"Total_Density"	"Pressure"	"Temperature"	"Tve"	"Mach"	"C<sub>p</sub>"
0	0.000000000000000e+00	0.000000000000000e+00	2.256373175196715e-03	6.278331823360767e-03	0.000000000000000e+00	0.000000000000000e+00	2.957834693272139e+05	2.182810853812984e+04	8.534704998557480e-03	3.974197769484593e+04	9.039349066302348e+03	9.824446281413020e+03	0.000000000000000e+00	-inf	
1	2.000000000000000e-01	0.000000000000000e+00	2.256373175196715e-03	6.278331823360767e-03	0.000000000000000e+00	4.902176442556122e-16	2.957834693272139e+05	2.182810853812984e+04	8.534704998557480e-03	3.974197769484593e+04	9.039349066302348e+03	9.824446281413020e+03	2.100895014342964e-17	-inf	
2	4.000000000000000e-01	0.000000000000000e+00	2.256373175196715e-03	6.278331823360767e-03	0.000000000000000e+00	-3.633431333582907e-16	2.957834693272139e+05	2.182810853812984e+04	8.534704998557480e-03	3.974197769484593e+04	9.039349066302348e+03	9.824446281413020e+03	1.557156879833063e-17	-inf	
3	6.000000000000001e-01	0.000000000000000e+00	2.256373175196715e-03	6.278331823360767e-03	0.000000000000000e+00	-9.003997547551973e-17	2.957834693272139e+05	2.182810853812984e+04	8.534704998557480e-03	3.974197769484593e+04	9.039349066302348e+03	9.824446281413020e+03	3.858786761038058e-18	-inf	
4	8.000000000000000e-01	0.000000000000000e+00	2.256373175196715e-03	6.278331823360767e-03	4.786215868080036e-16	0.000000000000000e+00	2.957834693272139e+05	2.182810853812984e+04	8.534704998557480e-03	3.974197769484593e+04	9.039349066302348e+03	9.824446281413020e+03	2.051198518178063e-17	-inf	
5	1.000000000000000e+00	0.000000000000000e+00	2.256373175196715e-03	6.278331823360767e-03	9.104041964746982e-16	1.396074367221449e-16	2.957834693272139e+05	2.182810853812983e+04	8.534704998557482e-03	3.974197769484590e+04	9.039349066302340e+03	9.824446281413018e+03	3.947269784937683e-17	-inf	
6	0.000000000000000e+00	2.000000000000000e-01	2.256373175196715e-03	6.278331823360767e-03	0.000000000000000e+00	0.000000000000000e+00	2.957834693272139e+05	2.182810853812984e+04	8.534704998557480e-03	3.974197769484593e+04	9.039349066302348e+03	9.824446281413020e+03	0.000000000000000e+00	-inf	
7	2.000000000000000e-01	2.000000000000000e-01	2.256373175196715e-03	6.278331823360767e-03	-1.944044925039667e-16	-1.818989403545857e-18	2.957834693272139e+05	2.182810853812984e+04	8.534704998557480e-03	3.974197769484593e+04	9.039349066302348e+03	9.824446281413020e+03	8.331836110998077e-18	-inf	
8	4.000000000000000e-01	2.000000000000000e-01	2.256373175196715e-03	6.278331823360767e-03	-2.441993274260333e-16	4.804405762115493e-16	2.957834693272139e+05	2.182810853812984e+04	8.534704998557480e-03	3.974197769484593e+04	9.039349066302348e+03	9.824446281413020e+03	2.309701896266576e-17	-inf	
9	5.999999999999999e-01	2.000000000000000e-01	2.256373175196715e-03	6.278331823360767e-03	0.000000000000000e+00	5.236415745457626e-16	2.957834693272139e+05	2.182810853812984e+04	8.534704998557480e-03	3.974197769484593e+04	9.039349066302348e+03	9.824446281413020e+03	2.244137856229962e-17	-inf	
10	7.999999999999999e-01	2.000000000000000e-01	2.256373175196715e-03	6.278331823360767e-03	4.663434083340694e-16	-1.091393642127526e-16	2.957834693272139e+05	2.182810853812984e+04	8.534704998557480e-03	3.974197769484593e+04	9.039349066302348e+03	9.824446281413020e+03	2.052581249277102e-17	-inf	
11	1.000000000000000e+00	2.000000000000000e-01	2.256373175196715e-03	6.278331823360767e-03	9.131326805800189e-16	-4.540652298601341e-16	2.957834693272139e+05	2.182810853812983e+04	8.534704998557482e-03	3.974197769484590e+04	9.039349066302340e+03	9.824446281413018e+03	4.370481316424124e-17	-inf	
12	0.000000000000000e+00	3.999999999999999e-01	2.256373175196715e-03	6.278331823360767e-03	-5.397851055022327e-16	0.000000000000000e+00	2.957834693272139e+05	2.182810853812984e+04	8.534704998557480e-03	3.974197769484593e+04	9.039349066302348e+03	9.824446281413020e+03	2.313323174420294e-17	-inf	
13	2.000000000000000e-01	3.999999999999999e-01	2.256373175196715e-03	6.278331823360767e-03	5.927159054466771e-16	0.000000000000000e+00	2.957834693272139e+05	2.182810853812984e+04	8.534704998557480e-03	3.974197769484593e+04	9.039349066302348e+03	9.824446281413020e+03	2.540165384225546e-17	-inf	
14	3.999999999999999e-01	4.000000000000001e-01	2.256373175196715e-03	6.278331823360767e-03	4.226403962151390e-16	0.000000000000000e+00	2.957834693272139e+05	2.182810853812983e+04	8.534704998557482e-03	3.974197769484590e+04	9.039349066302340e+03	9.824446281413018e+03	1.811283440473910e-17	-inf	
15	6.000000000000001e-01	4.000000000000000e-01	2.256373175196715e-03	6.278331823360767e-03	-4.849880497204144e-16	-9.094947017729280e-19	2.957834693272139e+05	2.182810853812983e+04	8.534704998557482e-03	3.974197769484590e+04	9.039349066302340e+03	9.824446281413018e+03	2.078486523735655e-17	-inf	
16	8.000000000000000e-01	4.000000000000000e-01	2.256373175196715e-03	6.278331823360767e-03	-4.804405762115490e-16	0.000000000000000e+00	2.957834693272139e+05	2.182810853812984e+04	8.534704998557480e-03	3.974197769484593e+04	9.039349066302348e+03	9.824446281413020e+03	2.058994046988239e-17	-inf	
17	1.000000000000000e+00	4.000000000000000e-01	2.256373175196715e-03	6.278331823360767e-03	0.000000000000000e+00	0.000000000000000e+00	2.957834693272139e+05	2.182810853812984e+04	8.534704998557480e-03	3.974197769484593e+04	9.039349066302348e+03	9.824446281413020e+03	0.000000000000000e+00	-inf	
18	0.000000000000000e+00	6.000000000000000e-01	2.256373175196715e-03	6.278331823360767e-03	3.633431333582907e-16	4.786215868080035e-16	2.957834693272139e+05	2.182810853812984e+04	8.534704998557480e-03	3.974197769484593e+04	9.039349066302348e+03	9.824446281413020e+03	2.575296664345162e-17	-inf	
19	2.000000000000000e-01	6.000000000000000e-01	2.256373175196715e-03	6.278331823360767e-03	-1.692018485045580e-17	1.818989403545857e-18	2.957834693272139e+05	2.182810853812984e+04	8.534704998557480e-03	3.974197769484593e+04	9.039349066302348e+03	9.824446281413020e+03	7.293159702951647e-19	-inf	
20	4.000000000000001e-01	6.000000000000002e-01	2.256373175196715e-03	6.278331823360767e-03	0.000000000000000e+00	-4.804405762115497e-16	2.957834693272139e+05	2.182810853812984e+04	8.534704998557480e-03	3.974197769484593e+04	9.039349066302348e+03	9.824446281413020e+03	2.058994046988242e-17	-inf	
21	6.000000000000000e-01	6.000000000000001e-01	2.256373175196715e-03	6.278331823360767e-03	1.692018485045570e-17	-4.804405762115486e-16	2.957834693272139e+05	2.182810853812984e+04	8.534704998557480e-03	3.974197769484593e+04	9.039349066302348e+03	9.824446281413020e+03	2.060270548522413e-17	-inf	
22	8.000000000000000e-01	6.000000000000001e-01	2.256373175196715e-03	6.278331823360767e-03	4.813500709133218e-16	-9.094947017729286e-19	2.957834693272139e+05	2.182810853812984e+04	8.534704998557480e-03	3.974197769484593e+04	9.039349066302348e+03	9.824446281413020e+03	2.062895493737140e-17	-inf	
23	1.000000000000000e+00	6.000000000000001e-01	2.256373175196715e-03	6.278331823360767e-03	9.708855941426016e-16	-9.094947017729280e-19	2.957834693272139e+05	2.182810853812983e+04	8.534704998557482e-03	3.974197769484590e+04	9.039349066302340e+03	9.824446281413018e+03	4.160865328082838e-17	-inf	
24	0.000000000000000e+00	8.000000000000000e-01	2.256373175196715e-03	6.278331823360767e-03	-8.826646080706275e-16	0.000000000000000e+00	2.957834693272139e+05	2.182810853812983e+04	8.534704998557482e-03	3.974197769484590e+04	9.039349066302340e+03	9.824446281413018e+03	3.782780355138834e-17	-inf	
25	2.000000000000000e-01	8.000000000000000e-01	2.256373175196715e-03	6.278331823360767e-03	-4.804405762115486e-16	1.934949978021937e-16	2.957834693272139e+05	2.182810853812984e+04	8.534704998557480e-03	3.974197769484593e+04	9.039349066302348e+03	9.824446281413020e+03	2.219709669098839e-17	-inf	
26	3.999999999999999e-01	8.000000000000000e-01	2.256373175196715e-03	6.278331823360767e-03	-9.094947017729284e-19	0.000000000000000e+00	2.957834693272139e+05	2.182810853812984e+04	8.534704998557480e-03	3.974197769484593e+04	9.039349066302348e+03	9.824446281413020e+03	3.897764405088956e-20	-inf	
27	6.000000000000000e-01	8.000000000000000e-01	2.256373175196715e-03	6.278331823360767e-03	0.000000000000000e+00	-1.812168193282589e-16	2.957834693272139e+05	2.182810853812984e+04	8.534704998557480e-03	3.974197769484593e+04	9.039349066302348e+03	9.824446281413020e+03	7.766295577139868e-18	-inf	
28	8.000000000000000e-01	8.000000000000000e-01	2.256373175196715e-03	6.278331823360767e-03	0.000000000000000e+00	4.774847184307868e-16	2.957834693272139e+05	2.182810853812984e+04	8.534704998557480e-03	3.974197769484593e+04	9.039349066302348e+03	9.824446281413020e+03	2.046326312671699e-17	-inf	
29	1.000000000000000e+00	8.000000000000000e-01	2.256373175196715e-03	6.278331823360767e-03	-8.822098607197387e-17	-4.665707820095128e-16	2.957834693272139e+05	2.182810853812984e+04	8.534704998557480e-03	3.974197769484593e+04	9.039349066302348e+03	9.824446281413020e+03	2.034983937330717e-17	-inf	
30	0.000000000000000e+00	1.000000000000000e+00	2.256373175196715e-03	6.278331823360767e-03	1.818989403545857e-18	-9.590621630195531e-16	2.957834693272139e+05	2.182810853812984e+04	8.534704998557480e-03	3.974197769484593e+04	9.039349066302348e+03	9.824446281413020e+03	4.110199957790106e-17	-inf	
31	2.000000000000000e-01	1.000000000000000e+00	2.256373175196715e-03	6.278331823360767e-03	0.000000000000000e+00	0.000000000000000e+00	2.957834693272139e+05	2.182810853812984e+04	8.534704998557480e-03	3.974197769484593e+04	9.039349066302348e+03	9.824446281413020e+03	0.000000000000000e+00	-inf	
32	3.999999999999999e-01	1.000000000000000e+00	2.256373175196715e-03	6.278331823360767e-03	0.000000000000000e+00	0.000000000000000e+00	2.957834693272139e+05	2.182810853812984e+04	8.534704998557480e-03	3.974197769484593e+04	9.039349066302348e+03	9.824446281413020e+03	0.000000000000000e+00	-inf	
33	6.000000000000000e-01	1.000000000000000e+00	2.256373175196715e-03	6.278331823360767e-03	4.827143129659808e-16	-8.731149137020095e-17	2.957834693272139e+05	2.182810853812984e+04	8.534704998557480e-03	3.974197769484593e+04	9.039349066302348e+03	9.824446281413020e+03	2.102306711300620e-17	-inf	
34	8.000000000000000e-01	1.000000000000000e+00	2.256373175196715e-03	6.278331823360767e-03	0.000000000000000e+00	9.904397302307182e-16	2.957834693272139e+05	2.182810853812983e+04	8.534704998557482e-03	3.974197769484590e+04	9.039349066302340e+03	9.824446281413018e+03	4.244665437141870e-17	-inf	
35	1.000000000000000e+00	1.000000000000000e+00	2.256373175196715e-03	6.278331823360767e-03	-9.636096365284158e-16	-1.364242052659396e-16	2.957834693272139e+05	2.182810853812984e+04	8.534704998557480e-03	3.974197769484593e+04	9.039349066302348e+03	9.824446281413020e+03	4.170863354901886e-17	-inf	
EXT_ITER= 2024
AOA= 0.000000000000000e+00
SIDESLIP_ANGLE= 0.000000000000000e+00
INITIAL_BCTHRUST= 4.000000000000000e+03
DCD_DCL_VALUE= 0.000000000000000e+00
DCMX_DCL_VALUE= 0.000000000000000e+00
DCMY_DCL_VALUE= 0.000000000000000e+00
DCMZ_DCL_VALUE= 0.000000000000000e+00
