"PointID"	"x"	"y"	"Density[0]"	"Density[1]"	"Momentum_x"	"Momentum_y"	"Energy"	"Electronic_Energy"	"Total_Density"	"Pressure"	"Temperature"	"Tve"	"Mach"	"C<sub>p</sub>"
0	0.000000000000000e+00	0.000000000000000e+00	2.724982439989237e-03	5.809722558568253e-03	0.000000000000000e+00	0.000000000000000e+00	2.957834693272139e+05	3.511476315030034e+04	8.534704998557491e-03	4.031066671748599e+04	9.468224445095118e+03	1.227648773582164e+04	0.000000000000000e+00	-inf	
1	2.000000000000000e-01	0.000000000000000e+00	2.724982439989237e-03	5.809722558568253e-03	0.000000000000000e+00	1.059561327565459e-16	2.957834693272139e+05	3.511476315030034e+04	8.534704998557491e-03	4.031066671748599e+04	9.468224445095118e+03	1.227648773582164e+04	4.527804313129524e-18	-inf	
2	4.000000000000000e-01	0.000000000000000e+00	2.724982439989237e-03	5.809722558568253e-03	0.000000000000000e+00	-8.367351256310925e-17	2.957834693272139e+05	3.511476315030034e+04	8.534704998557491e-03	4.031066671748599e+04	9.468224445095118e+03	1.227648773582164e+04	3.575605122814732e-18	-inf	
3	6.000000000000001e-01	0.000000000000000e+00	2.724982439989237e-03	5.809722558568253e-03	0.000000000000000e+00	-9.003997547551973e-17	2.957834693272139e+05	3.511476315030034e+04	8.534704998557491e-03	4.031066671748599e+04	9.468224445095118e+03	1.227648773582164e+04	3.847662034333243e-18	-inf	
4	8.000000000000000e-01	0.000000000000000e+00	2.724982439989237e-03	5.809722558568253e-03	5.297806637827308e-17	0.000000000000000e+00	2.957834693272139e+05	3.511476315030034e+04	8.534704998557491e-03	4.031066671748599e+04	9.468224445095118e+03	1.227648773582164e+04	2.263902156564766e-18	-inf	
5	1.000000000000000e+00	0.000000000000000e+00	2.724982439989237e-03	5.809722558568254e-03	1.073203748092055e-16	-1.364242052659392e-18	2.957834693272139e+05	3.511476315030034e+04	8.534704998557491e-03	4.031066671748594e+04	9.468224445095104e+03	1.227648773582164e+04	4.586472745334011e-18	-inf	
6	0.000000000000000e+00	2.000000000000000e-01	2.724982439989237e-03	5.809722558568253e-03	0.000000000000000e+00	0.000000000000000e+00	2.957834693272139e+05	3.511476315030034e+04	8.534704998557491e-03	4.031066671748599e+04	9.468224445095118e+03	1.227648773582164e+04	0.000000000000000e+00	-inf	
7	2.000000000000000e-01	2.000000000000000e-01	2.724982439989237e-03	5.809722558568253e-03	-5.297806637827297e-17	-1.818989403545857e-18	2.957834693272139e+05	3.511476315030034e+04	8.534704998557491e-03	4.031066671748599e+04	9.468224445095118e+03	1.227648773582164e+04	2.265236193491325e-18	-inf	
8	4.000000000000000e-01	2.000000000000000e-01	2.724982439989237e-03	5.809722558568253e-03	-5.206857167650004e-17	5.479705578181890e-17	2.957834693272139e+05	3.511476315030034e+04	8.534704998557491e-03	4.031066671748599e+04	9.468224445095118e+03	1.227648773582164e+04	3.230175358600293e-18	-inf	
9	5.999999999999999e-01	2.000000000000000e-01	2.724982439989237e-03	5.809722558568253e-03	0.000000000000000e+00	9.276845958083862e-17	2.957834693272139e+05	3.511476315030034e+04	8.534704998557491e-03	4.031066671748599e+04	9.468224445095118e+03	1.227648773582164e+04	3.964257853555468e-18	-inf	
10	7.999999999999999e-01	2.000000000000000e-01	2.724982439989237e-03	5.809722558568253e-03	5.275069270282983e-17	-4.411049303598694e-17	2.957834693272139e+05	3.511476315030034e+04	8.534704998557491e-03	4.031066671748599e+04	9.468224445095118e+03	1.227648773582164e+04	2.938443405951139e-18	-inf	
11	1.000000000000000e+00	2.000000000000000e-01	2.724982439989237e-03	5.809722558568254e-03	1.109583536162971e-16	-5.411493475548915e-17	2.957834693272139e+05	3.511476315030034e+04	8.534704998557491e-03	4.031066671748594e+04	9.468224445095104e+03	1.227648773582164e+04	5.275415031524976e-18	-inf	
12	0.000000000000000e+00	3.999999999999999e-01	2.724982439989237e-03	5.809722558568253e-03	-1.409716787748044e-16	0.000000000000000e+00	2.957834693272139e+05	3.511476315030034e+04	8.534704998557491e-03	4.031066671748599e+04	9.468224445095118e+03	1.227648773582164e+04	6.024117326481373e-18	-inf	
13	2.000000000000000e-01	3.999999999999999e-01	2.724982439989237e-03	5.809722558568253e-03	1.152333904620184e-16	0.000000000000000e+00	2.957834693272139e+05	3.511476315030034e+04	8.534704998557491e-03	4.031066671748599e+04	9.468224445095118e+03	1.227648773582164e+04	4.924247693611974e-18	-inf	
14	3.999999999999999e-01	4.000000000000001e-01	2.724982439989237e-03	5.809722558568254e-03	3.769896713587618e-17	0.000000000000000e+00	2.957834693272139e+05	3.511476315030034e+04	8.534704998557491e-03	4.031066671748594e+04	9.468224445095104e+03	1.227648773582164e+04	1.610983164047227e-18	-inf	
15	6.000000000000001e-01	4.000000000000000e-01	2.724982439989237e-03	5.809722558568254e-03	-9.754330676514647e-17	-9.094947017729280e-19	2.957834693272139e+05	3.511476315030034e+04	8.534704998557491e-03	4.031066671748594e+04	9.468224445095104e+03	1.227648773582164e+04	4.168481723340749e-18	-inf	
16	8.000000000000000e-01	4.000000000000000e-01	2.724982439989237e-03	5.809722558568253e-03	-4.956746124662462e-17	0.000000000000000e+00	2.957834693272139e+05	3.511476315030034e+04	8.534704998557491e-03	4.031066671748599e+04	9.468224445095118e+03	1.227648773582164e+04	2.118157382536993e-18	-inf	
17	1.000000000000000e+00	4.000000000000000e-01	2.724982439989237e-03	5.809722558568253e-03	0.000000000000000e+00	0.000000000000000e+00	2.957834693272139e+05	3.511476315030034e+04	8.534704998557491e-03	4.031066671748599e+04	9.468224445095118e+03	1.227648773582164e+04	0.000000000000000e+00	-inf	
18	0.000000000000000e+00	6.000000000000000e-01	2.724982439989237e-03	5.809722558568253e-03	8.367351256310925e-17	5.297806637827305e-17	2.957834693272139e+05	3.511476315030034e+04	8.534704998557491e-03	4.031066671748599e+04	9.468224445095118e+03	1.227648773582164e+04	4.232045010251847e-18	-inf	
19	2.000000000000000e-01	6.000000000000000e-01	2.724982439989237e-03	5.809722558568253e-03	4.002600182577614e-18	1.818989403545857e-18	2.957834693272139e+05	3.511476315030034e+04	8.534704998557491e-03	4.031066671748599e+04	9.468224445095118e+03	1.227648773582164e+04	1.878763891238397e-19	-inf	
20	4.000000000000001e-01	6.000000000000002e-01	2.724982439989237e-03	5.809722558568253e-03	0.000000000000000e+00	-5.479705578181895e-17	2.957834693272139e+05	3.511476315030034e+04	8.534704998557491e-03	4.031066671748599e+04	9.468224445095118e+03	1.227648773582164e+04	2.341632702712914e-18	-inf	
21	6.000000000000000e-01	6.000000000000001e-01	2.724982439989237e-03	5.809722558568253e-03	-4.002600182577596e-18	-4.956746124662457e-17	2.957834693272139e+05	3.511476315030034e+04	8.534704998557491e-03	4.031066671748599e+04	9.468224445095118e+03	1.227648773582164e+04	2.125052045711276e-18	-inf	
22	8.000000000000000e-01	6.000000000000001e-01	2.724982439989237e-03	5.809722558568253e-03	5.047695594839752e-17	-9.094947017729286e-19	2.957834693272139e+05	3.511476315030034e+04	8.534704998557491e-03	4.031066671748599e+04	9.468224445095118e+03	1.227648773582164e+04	2.157372764792986e-18	-inf	
23	1.000000000000000e+00	6.000000000000001e-01	2.724982439989237e-03	5.809722558568254e-03	1.959961082320659e-16	-9.094947017729280e-19	2.957834693272139e+05	3.511476315030034e+04	8.534704998557491e-03	4.031066671748594e+04	9.468224445095104e+03	1.227648773582164e+04	8.375556521624858e-18	-inf	
24	0.000000000000000e+00	8.000000000000000e-01	2.724982439989237e-03	5.809722558568254e-03	-1.077751221600920e-16	0.000000000000000e+00	2.957834693272139e+05	3.511476315030034e+04	8.534704998557491e-03	4.031066671748594e+04	9.468224445095104e+03	1.227648773582164e+04	4.605534859277681e-18	-inf	
25	2.000000000000000e-01	8.000000000000000e-01	2.724982439989237e-03	5.809722558568253e-03	-4.956746124662457e-17	5.206857167650004e-17	2.957834693272139e+05	3.511476315030034e+04	8.534704998557491e-03	4.031066671748599e+04	9.468224445095118e+03	1.227648773582164e+04	3.072031873221681e-18	-inf	
26	3.999999999999999e-01	8.000000000000000e-01	2.724982439989237e-03	5.809722558568253e-03	-9.094947017729284e-19	0.000000000000000e+00	2.957834693272139e+05	3.511476315030034e+04	8.534704998557491e-03	4.031066671748599e+04	9.468224445095118e+03	1.227648773582164e+04	3.886527307407325e-20	-inf	
27	6.000000000000000e-01	8.000000000000000e-01	2.724982439989237e-03	5.809722558568253e-03	0.000000000000000e+00	-4.138200893066816e-17	2.957834693272139e+05	3.511476315030034e+04	8.534704998557491e-03	4.031066671748599e+04	9.468224445095118e+03	1.227648773582164e+04	1.768369924870329e-18	-inf	
28	8.000000000000000e-01	8.000000000000000e-01	2.724982439989237e-03	5.809722558568253e-03	0.000000000000000e+00	5.275069270282984e-17	2.957834693272139e+05	3.511476315030034e+04	8.534704998557491e-03	4.031066671748599e+04	9.468224445095118e+03	1.227648773582164e+04	2.254185838296248e-18	-inf	
29	1.000000000000000e+00	8.000000000000000e-01	2.724982439989237e-03	5.809722558568253e-03	-8.822098607197387e-17	-5.411493475548918e-17	2.957834693272139e+05	3.511476315030034e+04	8.534704998557491e-03	4.031066671748599e+04	9.468224445095118e+03	1.227648773582164e+04	4.422664865207983e-18	-inf	
30	0.000000000000000e+00	1.000000000000000e+00	2.724982439989237e-03	5.809722558568253e-03	1.818989403545857e-18	-1.077751221600920e-16	2.957834693272139e+05	3.511476315030034e+04	8.534704998557491e-03	4.031066671748599e+04	9.468224445095118e+03	1.227648773582164e+04	4.606190766547383e-18	-inf	
31	2.000000000000000e-01	1.000000000000000e+00	2.724982439989237e-03	5.809722558568253e-03	0.000000000000000e+00	0.000000000000000e+00	2.957834693272139e+05	3.511476315030034e+04	8.534704998557491e-03	4.031066671748599e+04	9.468224445095118e+03	1.227648773582164e+04	0.000000000000000e+00	-inf	
32	3.999999999999999e-01	1.000000000000000e+00	2.724982439989237e-03	5.809722558568253e-03	0.000000000000000e+00	0.000000000000000e+00	2.957834693272139e+05	3.511476315030034e+04	8.534704998557491e-03	4.031066671748599e+04	9.468224445095118e+03	1.227648773582164e+04	0.000000000000000e+00	-inf	
33	6.000000000000000e-01	1.000000000000000e+00	2.724982439989237e-03	5.809722558568253e-03	5.184119800105688e-17	-8.731149137020095e-17	2.957834693272139e+05	3.511476315030034e+04	8.534704998557491e-03	4.031066671748599e+04	9.468224445095118e+03	1.227648773582164e+04	4.339181986070553e-18	-inf	
34	8.000000000000000e-01	1.000000000000000e+00	2.724982439989237e-03	5.809722558568254e-03	0.000000000000000e+00	7.321432349272083e-17	2.957834693272139e+05	3.511476315030034e+04	8.534704998557491e-03	4.031066671748594e+04	9.468224445095104e+03	1.227648773582164e+04	3.128654482462903e-18	-inf	
35	1.000000000000000e+00	1.000000000000000e+00	2.724982439989237e-03	5.809722558568253e-03	-1.018634065985679e-16	1.637090463191272e-17	2.957834693272139e+05	3.511476315030034e+04	8.534704998557491e-03	4.031066671748599e+04	9.468224445095118e+03	1.227648773582164e+04	4.408768038470783e-18	-inf	
EXT_ITER= 532
AOA= 0.000000000000000e+00
SIDESLIP_ANGLE= 0.000000000000000e+00
INITIAL_BCTHRUST= 4.000000000000000e+03
DCD_DCL_VALUE= 0.000000000000000e+00
DCMX_DCL_VALUE= 0.000000000000000e+00
DCMY_DCL_VALUE= 0.000000000000000e+00
DCMZ_DCL_VALUE= 0.000000000000000e+00
