"PointID"	"x"	"y"	"Density[0]"	"Density[1]"	"Momentum_x"	"Momentum_y"	"Energy"	"Electronic_Energy"	"Total_Density"	"Pressure"	"Temperature"	"Tve"	"Mach"	"C<sub>p</sub>"
0	0.000000000000000e+00	0.000000000000000e+00	1.883636188325540e-03	6.651068810231969e-03	0.000000000000000e+00	0.000000000000000e+00	2.957834693272139e+05	1.455156667114516e+04	8.534704998557510e-03	3.720375264933187e+04	8.254325792538264e+03	8.381376197086402e+03	0.000000000000000e+00	-inf	
1	2.000000000000000e-01	0.000000000000000e+00	1.883636188325540e-03	6.651068810231969e-03	0.000000000000000e+00	1.413354766555171e-15	2.957834693272139e+05	1.455156667114516e+04	8.534704998557510e-03	3.720375264933187e+04	8.254325792538264e+03	8.381376197086402e+03	6.239887846822889e-17	-inf	
2	4.000000000000000e-01	0.000000000000000e+00	1.883636188325540e-03	6.651068810231969e-03	0.000000000000000e+00	-1.117768988478930e-15	2.957834693272139e+05	1.455156667114516e+04	8.534704998557510e-03	3.720375264933187e+04	8.254325792538264e+03	8.381376197086402e+03	4.934891997261982e-17	-inf	
3	6.000000000000001e-01	0.000000000000000e+00	1.883636188325540e-03	6.651068810231969e-03	0.000000000000000e+00	-1.129592419601979e-15	2.957834693272139e+05	1.455156667114516e+04	8.534704998557510e-03	3.720375264933187e+04	8.254325792538264e+03	8.381376197086402e+03	4.987091831244418e-17	-inf	
4	8.000000000000000e-01	0.000000000000000e+00	1.883636188325540e-03	6.651068810231969e-03	3.517470759106794e-16	0.000000000000000e+00	2.957834693272139e+05	1.455156667114516e+04	8.534704998557510e-03	3.720375264933187e+04	8.254325792538264e+03	8.381376197086402e+03	1.552945060977271e-17	-inf	
5	1.000000000000000e+00	0.000000000000000e+00	1.883636188325541e-03	6.651068810231969e-03	6.803020369261521e-16	-1.164153218269347e-16	2.957834693272139e+05	1.455156667114517e+04	8.534704998557510e-03	3.720375264933191e+04	8.254325792538271e+03	8.381376197086402e+03	3.047156669147796e-17	-inf	
6	0.000000000000000e+00	2.000000000000000e-01	1.883636188325540e-03	6.651068810231969e-03	0.000000000000000e+00	0.000000000000000e+00	2.957834693272139e+05	1.455156667114516e+04	8.534704998557510e-03	3.720375264933187e+04	8.254325792538264e+03	8.381376197086402e+03	0.000000000000000e+00	-inf	
7	2.000000000000000e-01	2.000000000000000e-01	1.883636188325540e-03	6.651068810231969e-03	-7.123617251636669e-16	-1.818989403545857e-18	2.957834693272139e+05	1.455156667114516e+04	8.534704998557510e-03	3.720375264933187e+04	8.254325792538264e+03	8.381376197086402e+03	3.145050250528726e-17	-inf	
8	4.000000000000000e-01	2.000000000000000e-01	1.883636188325540e-03	6.651068810231969e-03	-7.057678885758122e-16	3.535660653142252e-16	2.957834693272139e+05	1.455156667114516e+04	8.534704998557510e-03	3.720375264933187e+04	8.254325792538264e+03	8.381376197086402e+03	3.485061864762746e-17	-inf	
9	5.999999999999999e-01	2.000000000000000e-01	1.883636188325540e-03	6.651068810231969e-03	0.000000000000000e+00	9.351879270980110e-16	2.957834693272139e+05	1.455156667114516e+04	8.534704998557510e-03	3.720375264933187e+04	8.254325792538264e+03	8.381376197086402e+03	4.128806099417913e-17	-inf	
10	7.999999999999999e-01	2.000000000000000e-01	1.883636188325540e-03	6.651068810231969e-03	3.376499080331996e-16	-5.620677256956705e-16	2.957834693272139e+05	1.455156667114516e+04	8.534704998557510e-03	3.720375264933187e+04	8.254325792538264e+03	8.381376197086402e+03	2.894831258225458e-17	-inf	
11	1.000000000000000e+00	2.000000000000000e-01	1.883636188325541e-03	6.651068810231969e-03	6.730260793119682e-16	-3.353761712787678e-16	2.957834693272139e+05	1.455156667114517e+04	8.534704998557510e-03	3.720375264933191e+04	8.254325792538271e+03	8.381376197086402e+03	3.319856802244516e-17	-inf	
12	0.000000000000000e+00	3.999999999999999e-01	1.883636188325540e-03	6.651068810231969e-03	-1.256921677850241e-15	0.000000000000000e+00	2.957834693272139e+05	1.455156667114516e+04	8.534704998557510e-03	3.720375264933187e+04	8.254325792538264e+03	8.381376197086402e+03	5.549243889516965e-17	-inf	
13	2.000000000000000e-01	3.999999999999999e-01	1.883636188325540e-03	6.651068810231969e-03	7.076680166783962e-16	0.000000000000000e+00	2.957834693272139e+05	1.455156667114516e+04	8.534704998557510e-03	3.720375264933187e+04	8.254325792538264e+03	8.381376197086402e+03	3.124317518395981e-17	-inf	
14	3.999999999999999e-01	4.000000000000001e-01	1.883636188325541e-03	6.651068810231969e-03	2.770222753889114e-16	0.000000000000000e+00	2.957834693272139e+05	1.455156667114517e+04	8.534704998557510e-03	3.720375264933191e+04	8.254325792538271e+03	8.381376197086402e+03	1.223038949882096e-17	-inf	
15	6.000000000000001e-01	4.000000000000000e-01	1.883636188325541e-03	6.651068810231969e-03	-8.833467290969519e-16	-9.094947017729280e-19	2.957834693272139e+05	1.455156667114517e+04	8.534704998557510e-03	3.720375264933191e+04	8.254325792538271e+03	8.381376197086402e+03	3.899931971379118e-17	-inf	
16	8.000000000000000e-01	4.000000000000000e-01	1.883636188325540e-03	6.651068810231969e-03	-3.676632331917065e-16	0.000000000000000e+00	2.957834693272139e+05	1.455156667114516e+04	8.534704998557510e-03	3.720375264933187e+04	8.254325792538264e+03	8.381376197086402e+03	1.623214068261315e-17	-inf	
17	1.000000000000000e+00	4.000000000000000e-01	1.883636188325540e-03	6.651068810231969e-03	0.000000000000000e+00	0.000000000000000e+00	2.957834693272139e+05	1.455156667114516e+04	8.534704998557510e-03	3.720375264933187e+04	8.254325792538264e+03	8.381376197086402e+03	0.000000000000000e+00	-inf	
18	0.000000000000000e+00	6.000000000000000e-01	1.883636188325540e-03	6.651068810231969e-03	1.117768988478930e-15	3.517470759106793e-16	2.957834693272139e+05	1.455156667114516e+04	8.534704998557510e-03	3.720375264933187e+04	8.254325792538264e+03	8.381376197086402e+03	5.173470536018742e-17	-inf	
19	2.000000000000000e-01	6.000000000000000e-01	1.883636188325540e-03	6.651068810231969e-03	3.063034990750442e-17	1.818989403545857e-18	2.957834693272139e+05	1.455156667114516e+04	8.534704998557510e-03	3.720375264933187e+04	8.254325792538264e+03	8.381376197086402e+03	1.354696468709099e-18	-inf	
20	4.000000000000001e-01	6.000000000000002e-01	1.883636188325540e-03	6.651068810231969e-03	0.000000000000000e+00	-3.535660653142254e-16	2.957834693272139e+05	1.455156667114516e+04	8.534704998557510e-03	3.720375264933187e+04	8.254325792538264e+03	8.381376197086402e+03	1.560975804666877e-17	-inf	
21	6.000000000000000e-01	6.000000000000001e-01	1.883636188325540e-03	6.651068810231969e-03	-3.063034990750398e-17	-3.722107067005716e-16	2.957834693272139e+05	1.455156667114516e+04	8.534704998557510e-03	3.720375264933187e+04	8.254325792538264e+03	8.381376197086402e+03	1.648845840196927e-17	-inf	
22	8.000000000000000e-01	6.000000000000001e-01	1.883636188325540e-03	6.651068810231969e-03	6.236859917407854e-16	-9.094947017729286e-19	2.957834693272139e+05	1.455156667114516e+04	8.534704998557510e-03	3.720375264933187e+04	8.254325792538264e+03	8.381376197086402e+03	2.753544170294411e-17	-inf	
23	1.000000000000000e+00	6.000000000000001e-01	1.883636188325541e-03	6.651068810231969e-03	1.257376425201065e-15	-9.094947017729280e-19	2.957834693272139e+05	1.455156667114517e+04	8.534704998557510e-03	3.720375264933191e+04	8.254325792538271e+03	8.381376197086402e+03	5.551253027652946e-17	-inf	
24	0.000000000000000e+00	8.000000000000000e-01	1.883636188325541e-03	6.651068810231969e-03	-6.307345756795268e-16	0.000000000000000e+00	2.957834693272139e+05	1.455156667114517e+04	8.534704998557510e-03	3.720375264933191e+04	8.254325792538271e+03	8.381376197086402e+03	2.784660374370371e-17	-inf	
25	2.000000000000000e-01	8.000000000000000e-01	1.883636188325540e-03	6.651068810231969e-03	-3.722107067005717e-16	7.114522304618938e-16	2.957834693272139e+05	1.455156667114516e+04	8.534704998557510e-03	3.720375264933187e+04	8.254325792538264e+03	8.381376197086402e+03	3.544917597203103e-17	-inf	
26	3.999999999999999e-01	8.000000000000000e-01	1.883636188325540e-03	6.651068810231969e-03	-9.094947017729284e-19	0.000000000000000e+00	2.957834693272139e+05	1.455156667114516e+04	8.534704998557510e-03	3.720375264933187e+04	8.254325792538264e+03	8.381376197086402e+03	4.015371844802261e-20	-inf	
27	6.000000000000000e-01	8.000000000000000e-01	1.883636188325540e-03	6.651068810231969e-03	0.000000000000000e+00	-6.916707206983300e-16	2.957834693272139e+05	1.455156667114516e+04	8.534704998557510e-03	3.720375264933187e+04	8.254325792538264e+03	8.381376197086402e+03	3.053690287972198e-17	-inf	
28	8.000000000000000e-01	8.000000000000000e-01	1.883636188325540e-03	6.651068810231969e-03	0.000000000000000e+00	3.478817234281439e-16	2.957834693272139e+05	1.455156667114516e+04	8.534704998557510e-03	3.720375264933187e+04	8.254325792538264e+03	8.381376197086402e+03	1.535879730636859e-17	-inf	
29	1.000000000000000e+00	8.000000000000000e-01	1.883636188325540e-03	6.651068810231969e-03	-1.127773430198433e-15	-3.442437446210548e-16	2.957834693272139e+05	1.455156667114516e+04	8.534704998557510e-03	3.720375264933187e+04	8.254325792538264e+03	8.381376197086402e+03	5.205852169063324e-17	-inf	
30	0.000000000000000e+00	1.000000000000000e+00	1.883636188325540e-03	6.651068810231969e-03	1.818989403545857e-18	-7.053131412249048e-16	2.957834693272139e+05	1.455156667114516e+04	8.534704998557510e-03	3.720375264933187e+04	8.254325792538264e+03	8.381376197086402e+03	3.113931221195839e-17	-inf	
31	2.000000000000000e-01	1.000000000000000e+00	1.883636188325540e-03	6.651068810231969e-03	0.000000000000000e+00	0.000000000000000e+00	2.957834693272139e+05	1.455156667114516e+04	8.534704998557510e-03	3.720375264933187e+04	8.254325792538264e+03	8.381376197086402e+03	0.000000000000000e+00	-inf	
32	3.999999999999999e-01	1.000000000000000e+00	1.883636188325540e-03	6.651068810231969e-03	0.000000000000000e+00	0.000000000000000e+00	2.957834693272139e+05	1.455156667114516e+04	8.534704998557510e-03	3.720375264933187e+04	8.254325792538264e+03	8.381376197086402e+03	0.000000000000000e+00	-inf	
33	6.000000000000000e-01	1.000000000000000e+00	1.883636188325540e-03	6.651068810231969e-03	3.699369699461385e-16	-8.603819878771629e-16	2.957834693272139e+05	1.455156667114516e+04	8.534704998557510e-03	3.720375264933187e+04	8.254325792538264e+03	8.381376197086402e+03	4.134783339384016e-17	-inf	
34	8.000000000000000e-01	1.000000000000000e+00	1.883636188325541e-03	6.651068810231969e-03	0.000000000000000e+00	4.342837200965657e-16	2.957834693272139e+05	1.455156667114517e+04	8.534704998557510e-03	3.720375264933191e+04	8.254325792538271e+03	8.381376197086402e+03	1.917340055893045e-17	-inf	
35	1.000000000000000e+00	1.000000000000000e+00	1.883636188325540e-03	6.651068810231969e-03	-7.380549504887309e-16	8.594724931754156e-17	2.957834693272139e+05	1.455156667114516e+04	8.534704998557510e-03	3.720375264933187e+04	8.254325792538264e+03	8.381376197086402e+03	3.280493675777479e-17	-inf	
EXT_ITER= 8852
AOA= 0.000000000000000e+00
SIDESLIP_ANGLE= 0.000000000000000e+00
INITIAL_BCTHRUST= 4.000000000000000e+03
DCD_DCL_VALUE= 0.000000000000000e+00
DCMX_DCL_VALUE= 0.000000000000000e+00
DCMY_DCL_VALUE= 0.000000000000000e+00
DCMZ_DCL_VALUE= 0.000000000000000e+00
