"PointID"	"x"	"y"	"Density[0]"	"Density[1]"	"Momentum_x"	"Momentum_y"	"Energy"	"Electronic_Energy"	"Total_Density"	"Pressure"	"Temperature"	"Tve"	"Mach"	"C<sub>p</sub>"
0	0.000000000000000e+00	0.000000000000000e+00	2.115711019751975e-03	6.418993978805508e-03	0.000000000000000e+00	0.000000000000000e+00	2.957834693272139e+05	1.854160526681172e+04	8.534704998557484e-03	3.912758102296861e+04	8.815889747460913e+03	9.184110506821786e+03	0.000000000000000e+00	-inf	
1	2.000000000000000e-01	0.000000000000000e+00	2.115711019751975e-03	6.418993978805508e-03	0.000000000000000e+00	7.421476766466922e-16	2.957834693272139e+05	1.854160526681172e+04	8.534704998557484e-03	3.912758102296861e+04	8.815889747460913e+03	9.184110506821786e+03	3.201467015580805e-17	-inf	
2	4.000000000000000e-01	0.000000000000000e+00	2.115711019751975e-03	6.418993978805508e-03	0.000000000000000e+00	-6.061782187316508e-16	2.957834693272139e+05	1.854160526681172e+04	8.534704998557484e-03	3.912758102296861e+04	8.815889747460913e+03	9.184110506821786e+03	2.614923732701759e-17	-inf	
3	6.000000000000001e-01	0.000000000000000e+00	2.115711019751975e-03	6.418993978805508e-03	0.000000000000000e+00	-1.814441930037007e-16	2.957834693272139e+05	1.854160526681172e+04	8.534704998557484e-03	3.912758102296861e+04	8.815889747460913e+03	9.184110506821786e+03	7.827116049122435e-18	-inf	
4	8.000000000000000e-01	0.000000000000000e+00	2.115711019751975e-03	6.418993978805508e-03	1.634816726436831e-16	0.000000000000000e+00	2.957834693272139e+05	1.854160526681172e+04	8.534704998557484e-03	3.912758102296861e+04	8.815889747460913e+03	9.184110506821786e+03	7.052251177091428e-18	-inf	
5	1.000000000000000e+00	0.000000000000000e+00	2.115711019751975e-03	6.418993978805508e-03	2.592059900052822e-16	3.205968823749620e-16	2.957834693272139e+05	1.854160526681172e+04	8.534704998557484e-03	3.912758102296860e+04	8.815889747460909e+03	9.184110506821786e+03	1.778463565473611e-17	-inf	
6	0.000000000000000e+00	2.000000000000000e-01	2.115711019751975e-03	6.418993978805508e-03	0.000000000000000e+00	0.000000000000000e+00	2.957834693272139e+05	1.854160526681172e+04	8.534704998557484e-03	3.912758102296861e+04	8.815889747460913e+03	9.184110506821786e+03	0.000000000000000e+00	-inf	
7	2.000000000000000e-01	2.000000000000000e-01	2.115711019751975e-03	6.418993978805508e-03	-3.185505192959640e-16	-1.818989403545857e-18	2.957834693272139e+05	1.854160526681172e+04	8.534704998557484e-03	3.912758102296861e+04	8.815889747460913e+03	9.184110506821786e+03	1.374181498894016e-17	-inf	
8	4.000000000000000e-01	2.000000000000000e-01	2.115711019751975e-03	6.418993978805508e-03	-3.701643436215732e-16	1.653006620472289e-16	2.957834693272139e+05	1.854160526681172e+04	8.534704998557484e-03	3.912758102296861e+04	8.815889747460913e+03	9.184110506821786e+03	1.748792180798477e-17	-inf	
9	5.999999999999999e-01	2.000000000000000e-01	2.115711019751975e-03	6.418993978805508e-03	0.000000000000000e+00	2.569322532508530e-16	2.957834693272139e+05	1.854160526681172e+04	8.534704998557484e-03	3.912758102296861e+04	8.815889747460913e+03	9.184110506821786e+03	1.108351019487257e-17	-inf	
10	7.999999999999999e-01	2.000000000000000e-01	2.115711019751975e-03	6.418993978805508e-03	1.530224835732953e-16	-1.762145984685077e-16	2.957834693272139e+05	1.854160526681172e+04	8.534704998557484e-03	3.912758102296861e+04	8.815889747460913e+03	9.184110506821786e+03	1.006763082399821e-17	-inf	
11	1.000000000000000e+00	2.000000000000000e-01	2.115711019751975e-03	6.418993978805508e-03	2.664819476194669e-16	-1.284661266254252e-16	2.957834693272139e+05	1.854160526681172e+04	8.534704998557484e-03	3.912758102296860e+04	8.815889747460909e+03	9.184110506821786e+03	1.276153339432640e-17	-inf	
12	0.000000000000000e+00	3.999999999999999e-01	2.115711019751975e-03	6.418993978805508e-03	-8.158167474902932e-16	0.000000000000000e+00	2.957834693272139e+05	1.854160526681172e+04	8.534704998557484e-03	3.912758102296861e+04	8.815889747460913e+03	9.184110506821786e+03	3.519259697274468e-17	-inf	
13	2.000000000000000e-01	3.999999999999999e-01	2.115711019751975e-03	6.418993978805508e-03	3.195572672118027e-16	0.000000000000000e+00	2.957834693272139e+05	1.854160526681172e+04	8.534704998557484e-03	3.912758102296861e+04	8.815889747460913e+03	9.184110506821786e+03	1.378501991935445e-17	-inf	
14	3.999999999999999e-01	4.000000000000001e-01	2.115711019751975e-03	6.418993978805508e-03	1.112829805058009e-16	0.000000000000000e+00	2.957834693272139e+05	1.854160526681172e+04	8.534704998557484e-03	3.912758102296860e+04	8.815889747460909e+03	9.184110506821786e+03	4.800510770236491e-18	-inf	
15	6.000000000000001e-01	4.000000000000000e-01	2.115711019751975e-03	6.418993978805508e-03	-2.032720658462509e-16	-9.094947017729280e-19	2.957834693272139e+05	1.854160526681172e+04	8.534704998557484e-03	3.912758102296860e+04	8.815889747460909e+03	9.184110506821786e+03	8.768811765503558e-18	-inf	
16	8.000000000000000e-01	4.000000000000000e-01	2.115711019751975e-03	6.418993978805508e-03	-1.671196514507752e-16	0.000000000000000e+00	2.957834693272139e+05	1.854160526681172e+04	8.534704998557484e-03	3.912758102296861e+04	8.815889747460913e+03	9.184110506821786e+03	7.209185834717956e-18	-inf	
17	1.000000000000000e+00	4.000000000000000e-01	2.115711019751975e-03	6.418993978805508e-03	0.000000000000000e+00	0.000000000000000e+00	2.957834693272139e+05	1.854160526681172e+04	8.534704998557484e-03	3.912758102296861e+04	8.815889747460913e+03	9.184110506821786e+03	0.000000000000000e+00	-inf	
18	0.000000000000000e+00	6.000000000000000e-01	2.115711019751975e-03	6.418993978805508e-03	6.061782187316508e-16	1.634816726436830e-16	2.957834693272139e+05	1.854160526681172e+04	8.534704998557484e-03	3.912758102296861e+04	8.815889747460913e+03	9.184110506821786e+03	2.708351637896153e-17	-inf	
19	2.000000000000000e-01	6.000000000000000e-01	2.115711019751975e-03	6.418993978805508e-03	-2.777245565139471e-17	1.818989403545857e-18	2.957834693272139e+05	1.854160526681172e+04	8.534704998557484e-03	3.912758102296861e+04	8.815889747460913e+03	9.184110506821786e+03	1.200611492204163e-18	-inf	
20	4.000000000000001e-01	6.000000000000002e-01	2.115711019751975e-03	6.418993978805508e-03	0.000000000000000e+00	-1.653006620472291e-16	2.957834693272139e+05	1.854160526681172e+04	8.534704998557484e-03	3.912758102296861e+04	8.815889747460913e+03	9.184110506821786e+03	7.130718505904688e-18	-inf	
21	6.000000000000000e-01	6.000000000000001e-01	2.115711019751975e-03	6.418993978805508e-03	2.777245565139490e-17	-1.680291461525481e-16	2.957834693272139e+05	1.854160526681172e+04	8.534704998557484e-03	3.912758102296861e+04	8.815889747460913e+03	9.184110506821786e+03	7.346760923618731e-18	-inf	
22	8.000000000000000e-01	6.000000000000001e-01	2.115711019751975e-03	6.418993978805508e-03	1.680291461525479e-16	-9.094947017729286e-19	2.957834693272139e+05	1.854160526681172e+04	8.534704998557484e-03	3.912758102296861e+04	8.815889747460913e+03	9.184110506821786e+03	7.248525678764761e-18	-inf	
23	1.000000000000000e+00	6.000000000000001e-01	2.115711019751975e-03	6.418993978805508e-03	4.074536263942747e-16	-9.094947017729280e-19	2.957834693272139e+05	1.854160526681172e+04	8.534704998557484e-03	3.912758102296860e+04	8.815889747460909e+03	9.184110506821786e+03	1.757672544168700e-17	-inf	
24	0.000000000000000e+00	8.000000000000000e-01	2.115711019751975e-03	6.418993978805508e-03	-2.260094333905738e-16	0.000000000000000e+00	2.957834693272139e+05	1.854160526681172e+04	8.534704998557484e-03	3.912758102296860e+04	8.815889747460909e+03	9.184110506821786e+03	9.749565605047216e-18	-inf	
25	2.000000000000000e-01	8.000000000000000e-01	2.115711019751975e-03	6.418993978805508e-03	-1.680291461525481e-16	3.176410245941911e-16	2.957834693272139e+05	1.854160526681172e+04	8.534704998557484e-03	3.912758102296861e+04	8.815889747460913e+03	9.184110506821786e+03	1.550142511668298e-17	-inf	
26	3.999999999999999e-01	8.000000000000000e-01	2.115711019751975e-03	6.418993978805508e-03	-9.094947017729284e-19	0.000000000000000e+00	2.957834693272139e+05	1.854160526681172e+04	8.534704998557484e-03	3.912758102296861e+04	8.815889747460913e+03	9.184110506821786e+03	3.923366440662843e-20	-inf	
27	6.000000000000000e-01	8.000000000000000e-01	2.115711019751975e-03	6.418993978805508e-03	0.000000000000000e+00	-3.171862772433046e-16	2.957834693272139e+05	1.854160526681172e+04	8.534704998557484e-03	3.912758102296861e+04	8.815889747460913e+03	9.184110506821786e+03	1.368274046181149e-17	-inf	
28	8.000000000000000e-01	8.000000000000000e-01	2.115711019751975e-03	6.418993978805508e-03	0.000000000000000e+00	1.632542989682395e-16	2.957834693272139e+05	1.854160526681172e+04	8.534704998557484e-03	3.912758102296861e+04	8.815889747460913e+03	9.184110506821786e+03	7.042442760989756e-18	-inf	
29	1.000000000000000e+00	8.000000000000000e-01	2.115711019751975e-03	6.418993978805508e-03	-1.796252036001548e-16	-1.534772309241822e-16	2.957834693272139e+05	1.854160526681172e+04	8.534704998557484e-03	3.912758102296861e+04	8.815889747460913e+03	9.184110506821786e+03	1.019190718927724e-17	-inf	
30	0.000000000000000e+00	1.000000000000000e+00	2.115711019751975e-03	6.418993978805508e-03	1.818989403545857e-18	-3.287823346909123e-16	2.957834693272139e+05	1.854160526681172e+04	8.534704998557484e-03	3.912758102296861e+04	8.815889747460913e+03	9.184110506821786e+03	1.418318674171916e-17	-inf	
31	2.000000000000000e-01	1.000000000000000e+00	2.115711019751975e-03	6.418993978805508e-03	0.000000000000000e+00	0.000000000000000e+00	2.957834693272139e+05	1.854160526681172e+04	8.534704998557484e-03	3.912758102296861e+04	8.815889747460913e+03	9.184110506821786e+03	0.000000000000000e+00	-inf	
32	3.999999999999999e-01	1.000000000000000e+00	2.115711019751975e-03	6.418993978805508e-03	0.000000000000000e+00	0.000000000000000e+00	2.957834693272139e+05	1.854160526681172e+04	8.534704998557484e-03	3.912758102296861e+04	8.815889747460913e+03	9.184110506821786e+03	0.000000000000000e+00	-inf	
33	6.000000000000000e-01	1.000000000000000e+00	2.115711019751975e-03	6.418993978805508e-03	1.693933882052070e-16	-1.496118784416474e-16	2.957834693272139e+05	1.854160526681172e+04	8.534704998557484e-03	3.912758102296861e+04	8.815889747460913e+03	9.184110506821786e+03	9.749333713176333e-18	-inf	
34	8.000000000000000e-01	1.000000000000000e+00	2.115711019751975e-03	6.418993978805508e-03	0.000000000000000e+00	5.629772203974448e-16	2.957834693272139e+05	1.854160526681172e+04	8.534704998557484e-03	3.912758102296860e+04	8.815889747460909e+03	9.184110506821786e+03	2.428563826770310e-17	-inf	
35	1.000000000000000e+00	1.000000000000000e+00	2.115711019751975e-03	6.418993978805508e-03	-3.369677870068681e-16	-3.165041562169837e-16	2.957834693272139e+05	1.854160526681172e+04	8.534704998557484e-03	3.912758102296861e+04	8.815889747460913e+03	9.184110506821786e+03	1.994267847540512e-17	-inf	
EXT_ITER= 3366
AOA= 0.000000000000000e+00
SIDESLIP_ANGLE= 0.000000000000000e+00
INITIAL_BCTHRUST= 4.000000000000000e+03
DCD_DCL_VALUE= 0.000000000000000e+00
DCMX_DCL_VALUE= 0.000000000000000e+00
DCMY_DCL_VALUE= 0.000000000000000e+00
DCMZ_DCL_VALUE= 0.000000000000000e+00
