"PointID"	"x"	"y"	"Density[0]"	"Density[1]"	"Momentum_x"	"Momentum_y"	"Energy"	"Electronic_Energy"	"Total_Density"	"Pressure"	"Temperature"	"Tve"	"Mach"	"C<sub>p</sub>"
0	0.000000000000000e+00	0.000000000000000e+00	2.413196518611732e-03	6.121508479945751e-03	0.000000000000000e+00	0.000000000000000e+00	2.957834693272139e+05	2.637840984663537e+04	8.534704998557482e-03	3.987921251766847e+04	9.167619429323820e+03	1.068793260277724e+04	0.000000000000000e+00	-inf	
1	2.000000000000000e-01	0.000000000000000e+00	2.413196518611732e-03	6.121508479945751e-03	0.000000000000000e+00	2.878550731111358e-16	2.957834693272139e+05	2.637840984663537e+04	8.534704998557482e-03	3.987921251766847e+04	9.167619429323820e+03	1.068793260277724e+04	1.233241155386979e-17	-inf	
2	4.000000000000000e-01	0.000000000000000e+00	2.413196518611732e-03	6.121508479945751e-03	0.000000000000000e+00	-2.146407496184133e-16	2.957834693272139e+05	2.637840984663537e+04	8.534704998557482e-03	3.987921251766847e+04	9.167619429323820e+03	1.068793260277724e+04	9.195731837956589e-18	-inf	
3	6.000000000000001e-01	0.000000000000000e+00	2.413196518611732e-03	6.121508479945751e-03	0.000000000000000e+00	-9.003997547551973e-17	2.957834693272139e+05	2.637840984663537e+04	8.534704998557482e-03	3.987921251766847e+04	9.167619429323820e+03	1.068793260277724e+04	3.857531576091911e-18	-inf	
4	8.000000000000000e-01	0.000000000000000e+00	2.413196518611732e-03	6.121508479945751e-03	4.422417987370866e-16	0.000000000000000e+00	2.957834693272139e+05	2.637840984663537e+04	8.534704998557482e-03	3.987921251766847e+04	9.167619429323820e+03	1.068793260277724e+04	1.894671443307774e-17	-inf	
5	1.000000000000000e+00	0.000000000000000e+00	2.413196518611732e-03	6.121508479945752e-03	8.512870408594594e-16	6.320988177321838e-17	2.957834693272139e+05	2.637840984663537e+04	8.534704998557484e-03	3.987921251766848e+04	9.167619429323822e+03	1.068793260277724e+04	3.657160924060631e-17	-inf	
6	0.000000000000000e+00	2.000000000000000e-01	2.413196518611732e-03	6.121508479945751e-03	0.000000000000000e+00	0.000000000000000e+00	2.957834693272139e+05	2.637840984663537e+04	8.534704998557482e-03	3.987921251766847e+04	9.167619429323820e+03	1.068793260277724e+04	0.000000000000000e+00	-inf	
7	2.000000000000000e-01	2.000000000000000e-01	2.413196518611732e-03	6.121508479945751e-03	-1.200533006340280e-16	-1.818989403545857e-18	2.957834693272139e+05	2.637840984663537e+04	8.534704998557482e-03	3.987921251766847e+04	9.167619429323820e+03	1.068793260277724e+04	5.143965779173990e-18	-inf	
8	4.000000000000000e-01	2.000000000000000e-01	2.413196518611732e-03	6.121508479945751e-03	-1.430180418537950e-16	4.440607881406323e-16	2.957834693272139e+05	2.637840984663537e+04	8.534704998557482e-03	3.987921251766847e+04	9.167619429323820e+03	1.068793260277724e+04	1.998700010345539e-17	-inf	
9	5.999999999999999e-01	2.000000000000000e-01	2.413196518611732e-03	6.121508479945751e-03	0.000000000000000e+00	4.829416866414247e-16	2.957834693272139e+05	2.637840984663537e+04	8.534704998557482e-03	3.987921251766847e+04	9.167619429323820e+03	1.068793260277724e+04	2.069039663540210e-17	-inf	
10	7.999999999999999e-01	2.000000000000000e-01	2.413196518611732e-03	6.121508479945751e-03	4.329194780439134e-16	-7.548806024715341e-17	2.957834693272139e+05	2.637840984663537e+04	8.534704998557482e-03	3.987921251766847e+04	9.167619429323820e+03	1.068793260277724e+04	1.882717616397090e-17	-inf	
11	1.000000000000000e+00	2.000000000000000e-01	2.413196518611732e-03	6.121508479945752e-03	8.594724931754171e-16	-4.283720045350492e-16	2.957834693272139e+05	2.637840984663537e+04	8.534704998557484e-03	3.987921251766848e+04	9.167619429323822e+03	1.068793260277724e+04	4.114202186015317e-17	-inf	
12	0.000000000000000e+00	3.999999999999999e-01	2.413196518611732e-03	6.121508479945751e-03	-3.260538505855997e-16	0.000000000000000e+00	2.957834693272139e+05	2.637840984663537e+04	8.534704998557482e-03	3.987921251766847e+04	9.167619429323820e+03	1.068793260277724e+04	1.396894010130276e-17	-inf	
13	2.000000000000000e-01	3.999999999999999e-01	2.413196518611732e-03	6.121508479945751e-03	5.276232904935740e-16	0.000000000000000e+00	2.957834693272139e+05	2.637840984663537e+04	8.534704998557482e-03	3.987921251766847e+04	9.167619429323820e+03	1.068793260277724e+04	2.260466523465285e-17	-inf	
14	3.999999999999999e-01	4.000000000000001e-01	2.413196518611732e-03	6.121508479945752e-03	4.023403953243527e-16	0.000000000000000e+00	2.957834693272139e+05	2.637840984663537e+04	8.534704998557484e-03	3.987921251766848e+04	9.167619429323822e+03	1.068793260277724e+04	1.723724124872696e-17	-inf	
15	6.000000000000001e-01	4.000000000000000e-01	2.413196518611732e-03	6.121508479945752e-03	-4.652065399568524e-16	-9.094947017729280e-19	2.957834693272139e+05	2.637840984663537e+04	8.534704998557484e-03	3.987921251766848e+04	9.167619429323822e+03	1.068793260277724e+04	1.993061789869208e-17	-inf	
16	8.000000000000000e-01	4.000000000000000e-01	2.413196518611732e-03	6.121508479945751e-03	-4.397406883072110e-16	0.000000000000000e+00	2.957834693272139e+05	2.637840984663537e+04	8.534704998557482e-03	3.987921251766847e+04	9.167619429323820e+03	1.068793260277724e+04	1.883956077818630e-17	-inf	
17	1.000000000000000e+00	4.000000000000000e-01	2.413196518611732e-03	6.121508479945751e-03	0.000000000000000e+00	0.000000000000000e+00	2.957834693272139e+05	2.637840984663537e+04	8.534704998557482e-03	3.987921251766847e+04	9.167619429323820e+03	1.068793260277724e+04	0.000000000000000e+00	-inf	
18	0.000000000000000e+00	6.000000000000000e-01	2.413196518611732e-03	6.121508479945751e-03	2.146407496184133e-16	4.422417987370865e-16	2.957834693272139e+05	2.637840984663537e+04	8.534704998557482e-03	3.987921251766847e+04	9.167619429323820e+03	1.068793260277724e+04	2.106037682104013e-17	-inf	
19	2.000000000000000e-01	6.000000000000000e-01	2.413196518611732e-03	6.121508479945751e-03	-8.180099060848451e-18	1.818989403545857e-18	2.957834693272139e+05	2.637840984663537e+04	8.534704998557482e-03	3.987921251766847e+04	9.167619429323820e+03	1.068793260277724e+04	3.590153493112673e-19	-inf	
20	4.000000000000001e-01	6.000000000000002e-01	2.413196518611732e-03	6.121508479945751e-03	0.000000000000000e+00	-4.440607881406327e-16	2.957834693272139e+05	2.637840984663537e+04	8.534704998557482e-03	3.987921251766847e+04	9.167619429323820e+03	1.068793260277724e+04	1.902464436390789e-17	-inf	
21	6.000000000000000e-01	6.000000000000001e-01	2.413196518611732e-03	6.121508479945751e-03	8.180099060848307e-18	-4.397406883072106e-16	2.957834693272139e+05	2.637840984663537e+04	8.534704998557482e-03	3.987921251766847e+04	9.167619429323820e+03	1.068793260277724e+04	1.884282009843263e-17	-inf	
22	8.000000000000000e-01	6.000000000000001e-01	2.413196518611732e-03	6.121508479945751e-03	4.406501830089838e-16	-9.094947017729286e-19	2.957834693272139e+05	2.637840984663537e+04	8.534704998557482e-03	3.987921251766847e+04	9.167619429323820e+03	1.068793260277724e+04	1.887856595508115e-17	-inf	
23	1.000000000000000e+00	6.000000000000001e-01	2.413196518611732e-03	6.121508479945752e-03	9.313225746154777e-16	-9.094947017729280e-19	2.957834693272139e+05	2.637840984663537e+04	8.534704998557484e-03	3.987921251766848e+04	9.167619429323822e+03	1.068793260277724e+04	3.990014361088899e-17	-inf	
24	0.000000000000000e+00	8.000000000000000e-01	2.413196518611732e-03	6.121508479945752e-03	-8.431015885435042e-16	0.000000000000000e+00	2.957834693272139e+05	2.637840984663537e+04	8.534704998557484e-03	3.987921251766848e+04	9.167619429323822e+03	1.068793260277724e+04	3.612052293976976e-17	-inf	
25	2.000000000000000e-01	8.000000000000000e-01	2.413196518611732e-03	6.121508479945751e-03	-4.397406883072106e-16	1.191438059322550e-16	2.957834693272139e+05	2.637840984663537e+04	8.534704998557482e-03	3.987921251766847e+04	9.167619429323820e+03	1.068793260277724e+04	1.951881288795074e-17	-inf	
26	3.999999999999999e-01	8.000000000000000e-01	2.413196518611732e-03	6.121508479945751e-03	-9.094947017729284e-19	0.000000000000000e+00	2.957834693272139e+05	2.637840984663537e+04	8.534704998557482e-03	3.987921251766847e+04	9.167619429323820e+03	1.068793260277724e+04	3.896496541506988e-20	-inf	
27	6.000000000000000e-01	8.000000000000000e-01	2.413196518611732e-03	6.121508479945751e-03	0.000000000000000e+00	-1.068656274583202e-16	2.957834693272139e+05	2.637840984663537e+04	8.534704998557482e-03	3.987921251766847e+04	9.167619429323820e+03	1.068793260277724e+04	4.578383436270759e-18	-inf	
28	8.000000000000000e-01	8.000000000000000e-01	2.413196518611732e-03	6.121508479945751e-03	0.000000000000000e+00	4.399680619826538e-16	2.957834693272139e+05	2.637840984663537e+04	8.534704998557482e-03	3.987921251766847e+04	9.167619429323820e+03	1.068793260277724e+04	1.884930201954004e-17	-inf	
29	1.000000000000000e+00	8.000000000000000e-01	2.413196518611732e-03	6.121508479945751e-03	-8.822098607197387e-17	-4.342837200965727e-16	2.957834693272139e+05	2.637840984663537e+04	8.534704998557482e-03	3.987921251766847e+04	9.167619429323820e+03	1.068793260277724e+04	1.898578685672592e-17	-inf	
30	0.000000000000000e+00	1.000000000000000e+00	2.413196518611732e-03	6.121508479945751e-03	1.818989403545857e-18	-8.863025868777191e-16	2.957834693272139e+05	2.637840984663537e+04	8.534704998557482e-03	3.987921251766847e+04	9.167619429323820e+03	1.068793260277724e+04	3.797143876604541e-17	-inf	
31	2.000000000000000e-01	1.000000000000000e+00	2.413196518611732e-03	6.121508479945751e-03	0.000000000000000e+00	0.000000000000000e+00	2.957834693272139e+05	2.637840984663537e+04	8.534704998557482e-03	3.987921251766847e+04	9.167619429323820e+03	1.068793260277724e+04	0.000000000000000e+00	-inf	
32	3.999999999999999e-01	1.000000000000000e+00	2.413196518611732e-03	6.121508479945751e-03	0.000000000000000e+00	0.000000000000000e+00	2.957834693272139e+05	2.637840984663537e+04	8.534704998557482e-03	3.987921251766847e+04	9.167619429323820e+03	1.068793260277724e+04	0.000000000000000e+00	-inf	
33	6.000000000000000e-01	1.000000000000000e+00	2.413196518611732e-03	6.121508479945751e-03	4.420144250616429e-16	-8.731149137020095e-17	2.957834693272139e+05	2.637840984663537e+04	8.534704998557482e-03	3.987921251766847e+04	9.167619429323820e+03	1.068793260277724e+04	1.930288363003534e-17	-inf	
34	8.000000000000000e-01	1.000000000000000e+00	2.413196518611732e-03	6.121508479945752e-03	0.000000000000000e+00	8.772076398599921e-16	2.957834693272139e+05	2.637840984663537e+04	8.534704998557484e-03	3.987921251766848e+04	9.167619429323822e+03	1.068793260277724e+04	3.758170914283501e-17	-inf	
35	1.000000000000000e+00	1.000000000000000e+00	2.413196518611732e-03	6.121508479945751e-03	-8.822098607197399e-16	-5.502442945726204e-17	2.957834693272139e+05	2.637840984663537e+04	8.534704998557482e-03	3.987921251766847e+04	9.167619429323820e+03	1.068793260277724e+04	3.786946133856071e-17	-inf	
EXT_ITER= 1227
AOA= 0.000000000000000e+00
SIDESLIP_ANGLE= 0.000000000000000e+00
INITIAL_BCTHRUST= 4.000000000000000e+03
DCD_DCL_VALUE= 0.000000000000000e+00
DCMX_DCL_VALUE= 0.000000000000000e+00
DCMY_DCL_VALUE= 0.000000000000000e+00
DCMZ_DCL_VALUE= 0.000000000000000e+00
