"PointID"	"x"	"y"	"Density[0]"	"Density[1]"	"Momentum_x"	"Momentum_y"	"Energy"	"Electronic_Energy"	"Total_Density"	"Pressure"	"Temperature"	"Tve"	"Mach"	"C<sub>p</sub>"
0	0.000000000000000e+00	0.000000000000000e+00	2.057366270409036e-03	6.477338728148443e-03	0.000000000000000e+00	0.000000000000000e+00	2.957834693272139e+05	1.742491123715347e+04	8.534704998557480e-03	3.871835760988993e+04	8.689782184379881e+03	8.962775431253909e+03	0.000000000000000e+00	-inf	
1	2.000000000000000e-01	0.000000000000000e+00	2.057366270409036e-03	6.477338728148443e-03	0.000000000000000e+00	8.999450074042844e-16	2.957834693272139e+05	1.742491123715347e+04	8.534704998557480e-03	3.871835760988993e+04	8.689782184379881e+03	8.962775431253909e+03	3.900632562278304e-17	-inf	
2	4.000000000000000e-01	0.000000000000000e+00	2.057366270409036e-03	6.477338728148443e-03	0.000000000000000e+00	-7.203198038041437e-16	2.957834693272139e+05	1.742491123715347e+04	8.534704998557480e-03	3.871835760988993e+04	8.689782184379881e+03	8.962775431253909e+03	3.122082859347596e-17	-inf	
3	6.000000000000001e-01	0.000000000000000e+00	2.057366270409036e-03	6.477338728148443e-03	0.000000000000000e+00	-2.978595148306383e-16	2.957834693272139e+05	1.742491123715347e+04	8.534704998557480e-03	3.871835760988993e+04	8.689782184379881e+03	8.962775431253909e+03	1.291012798530776e-17	-inf	
4	8.000000000000000e-01	0.000000000000000e+00	2.057366270409036e-03	6.477338728148443e-03	1.195985532831396e-16	0.000000000000000e+00	2.957834693272139e+05	1.742491123715347e+04	8.534704998557480e-03	3.871835760988993e+04	8.689782184379881e+03	8.962775431253909e+03	5.183761313184549e-18	-inf	
5	1.000000000000000e+00	0.000000000000000e+00	2.057366270409036e-03	6.477338728148443e-03	1.928128767758584e-16	3.233253664802809e-16	2.957834693272139e+05	1.742491123715347e+04	8.534704998557480e-03	3.871835760988992e+04	8.689782184379879e+03	8.962775431253909e+03	1.631656228083477e-17	-inf	
6	0.000000000000000e+00	2.000000000000000e-01	2.057366270409036e-03	6.477338728148443e-03	0.000000000000000e+00	0.000000000000000e+00	2.957834693272139e+05	1.742491123715347e+04	8.534704998557480e-03	3.871835760988993e+04	8.689782184379881e+03	8.962775431253909e+03	0.000000000000000e+00	-inf	
7	2.000000000000000e-01	2.000000000000000e-01	2.057366270409036e-03	6.477338728148443e-03	-3.626610123319473e-16	-1.818989403545857e-18	2.957834693272139e+05	1.742491123715347e+04	8.534704998557480e-03	3.871835760988993e+04	8.689782184379881e+03	8.962775431253909e+03	1.571901766939563e-17	-inf	
8	4.000000000000000e-01	2.000000000000000e-01	2.057366270409036e-03	6.477338728148443e-03	-4.490630090003692e-16	1.214175426866854e-16	2.957834693272139e+05	1.742491123715347e+04	8.534704998557480e-03	3.871835760988993e+04	8.689782184379881e+03	8.962775431253909e+03	2.016264497908400e-17	-inf	
9	5.999999999999999e-01	2.000000000000000e-01	2.057366270409036e-03	6.477338728148443e-03	0.000000000000000e+00	2.737579052336549e-16	2.957834693272139e+05	1.742491123715347e+04	8.534704998557480e-03	3.871835760988993e+04	8.689782184379881e+03	8.962775431253909e+03	1.186549167504619e-17	-inf	
10	7.999999999999999e-01	2.000000000000000e-01	2.057366270409036e-03	6.477338728148443e-03	1.100488589145247e-16	-2.332853910047591e-16	2.957834693272139e+05	1.742491123715347e+04	8.534704998557480e-03	3.871835760988993e+04	8.689782184379881e+03	8.962775431253909e+03	1.117987768150458e-17	-inf	
11	1.000000000000000e+00	2.000000000000000e-01	2.057366270409036e-03	6.477338728148443e-03	2.050910552497945e-16	-9.777068044058898e-17	2.957834693272139e+05	1.742491123715347e+04	8.534704998557480e-03	3.871835760988992e+04	8.689782184379879e+03	8.962775431253909e+03	9.847685187203316e-18	-inf	
12	0.000000000000000e+00	3.999999999999999e-01	2.057366270409036e-03	6.477338728148443e-03	-9.772520570549936e-16	0.000000000000000e+00	2.957834693272139e+05	1.742491123715347e+04	8.534704998557480e-03	3.871835760988993e+04	8.689782184379881e+03	8.962775431253909e+03	4.235704586324498e-17	-inf	
13	2.000000000000000e-01	3.999999999999999e-01	2.057366270409036e-03	6.477338728148443e-03	3.205404591488365e-16	0.000000000000000e+00	2.957834693272139e+05	1.742491123715347e+04	8.534704998557480e-03	3.871835760988993e+04	8.689782184379881e+03	8.962775431253909e+03	1.389318838592000e-17	-inf	
14	3.999999999999999e-01	4.000000000000001e-01	2.057366270409036e-03	6.477338728148443e-03	8.589082609141994e-17	0.000000000000000e+00	2.957834693272139e+05	1.742491123715347e+04	8.534704998557480e-03	3.871835760988992e+04	8.689782184379879e+03	8.962775431253909e+03	3.722766950166211e-18	-inf	
15	6.000000000000001e-01	4.000000000000000e-01	2.057366270409036e-03	6.477338728148443e-03	-2.294200385222234e-16	-9.094947017729280e-19	2.957834693272139e+05	1.742491123715347e+04	8.534704998557480e-03	3.871835760988992e+04	8.689782184379879e+03	8.962775431253909e+03	9.943833203480243e-18	-inf	
16	8.000000000000000e-01	4.000000000000000e-01	2.057366270409036e-03	6.477338728148443e-03	-1.259650161955504e-16	0.000000000000000e+00	2.957834693272139e+05	1.742491123715347e+04	8.534704998557480e-03	3.871835760988993e+04	8.689782184379881e+03	8.962775431253909e+03	5.459702980046096e-18	-inf	
17	1.000000000000000e+00	4.000000000000000e-01	2.057366270409036e-03	6.477338728148443e-03	0.000000000000000e+00	0.000000000000000e+00	2.957834693272139e+05	1.742491123715347e+04	8.534704998557480e-03	3.871835760988993e+04	8.689782184379881e+03	8.962775431253909e+03	0.000000000000000e+00	-inf	
18	0.000000000000000e+00	6.000000000000000e-01	2.057366270409036e-03	6.477338728148443e-03	7.203198038041437e-16	1.195985532831395e-16	2.957834693272139e+05	1.742491123715347e+04	8.534704998557480e-03	3.871835760988993e+04	8.689782184379881e+03	8.962775431253909e+03	3.164824670365287e-17	-inf	
19	2.000000000000000e-01	6.000000000000000e-01	2.057366270409036e-03	6.477338728148443e-03	-3.603788717227240e-17	1.818989403545857e-18	2.957834693272139e+05	1.742491123715347e+04	8.534704998557480e-03	3.871835760988993e+04	8.689782184379881e+03	8.962775431253909e+03	1.563978956538184e-18	-inf	
20	4.000000000000001e-01	6.000000000000002e-01	2.057366270409036e-03	6.477338728148443e-03	0.000000000000000e+00	-1.214175426866856e-16	2.957834693272139e+05	1.742491123715347e+04	8.534704998557480e-03	3.871835760988993e+04	8.689782184379881e+03	8.962775431253909e+03	5.262601789430706e-18	-inf	
21	6.000000000000000e-01	6.000000000000001e-01	2.057366270409036e-03	6.477338728148443e-03	3.603788717227266e-17	-1.266471372218802e-16	2.957834693272139e+05	1.742491123715347e+04	8.534704998557480e-03	3.871835760988993e+04	8.689782184379881e+03	8.962775431253909e+03	5.707177872928183e-18	-inf	
22	8.000000000000000e-01	6.000000000000001e-01	2.057366270409036e-03	6.477338728148443e-03	1.268745108973231e-16	-9.094947017729286e-19	2.957834693272139e+05	1.742491123715347e+04	8.534704998557480e-03	3.871835760988993e+04	8.689782184379881e+03	8.962775431253909e+03	5.499264507530152e-18	-inf	
23	1.000000000000000e+00	6.000000000000001e-01	2.057366270409036e-03	6.477338728148443e-03	4.597495717462198e-16	-9.094947017729280e-19	2.957834693272139e+05	1.742491123715347e+04	8.534704998557480e-03	3.871835760988992e+04	8.689782184379879e+03	8.962775431253909e+03	1.992696936251071e-17	-inf	
24	0.000000000000000e+00	8.000000000000000e-01	2.057366270409036e-03	6.477338728148443e-03	-1.623448042664687e-16	0.000000000000000e+00	2.957834693272139e+05	1.742491123715347e+04	8.534704998557480e-03	3.871835760988992e+04	8.689782184379879e+03	8.962775431253909e+03	7.036512504969208e-18	-inf	
25	2.000000000000000e-01	8.000000000000000e-01	2.057366270409036e-03	6.477338728148443e-03	-1.266471372218802e-16	3.617515176301744e-16	2.957834693272139e+05	1.742491123715347e+04	8.534704998557480e-03	3.871835760988993e+04	8.689782184379881e+03	8.962775431253909e+03	1.661251456859204e-17	-inf	
26	3.999999999999999e-01	8.000000000000000e-01	2.057366270409036e-03	6.477338728148443e-03	-9.094947017729284e-19	0.000000000000000e+00	2.957834693272139e+05	1.742491123715347e+04	8.534704998557480e-03	3.871835760988993e+04	8.689782184379881e+03	8.962775431253909e+03	3.942023812307656e-20	-inf	
27	6.000000000000000e-01	8.000000000000000e-01	2.057366270409036e-03	6.477338728148443e-03	0.000000000000000e+00	-3.951754479203267e-16	2.957834693272139e+05	1.742491123715347e+04	8.534704998557480e-03	3.871835760988993e+04	8.689782184379881e+03	8.962775431253909e+03	1.712809346447630e-17	-inf	
28	8.000000000000000e-01	8.000000000000000e-01	2.057366270409036e-03	6.477338728148443e-03	0.000000000000000e+00	1.193711796076961e-16	2.957834693272139e+05	1.742491123715347e+04	8.534704998557480e-03	3.871835760988993e+04	8.689782184379881e+03	8.962775431253909e+03	5.173906253653765e-18	-inf	
29	1.000000000000000e+00	8.000000000000000e-01	2.057366270409036e-03	6.477338728148443e-03	-2.960405254270924e-16	-1.105036062654117e-16	2.957834693272139e+05	1.742491123715347e+04	8.534704998557480e-03	3.871835760988993e+04	8.689782184379881e+03	8.962775431253909e+03	1.369605103315766e-17	-inf	
30	0.000000000000000e+00	1.000000000000000e+00	2.057366270409036e-03	6.477338728148443e-03	1.818989403545857e-18	-2.410160959698254e-16	2.957834693272139e+05	1.742491123715347e+04	8.534704998557480e-03	3.871835760988993e+04	8.689782184379881e+03	8.962775431253909e+03	1.044666060960995e-17	-inf	
31	2.000000000000000e-01	1.000000000000000e+00	2.057366270409036e-03	6.477338728148443e-03	0.000000000000000e+00	0.000000000000000e+00	2.957834693272139e+05	1.742491123715347e+04	8.534704998557480e-03	3.871835760988993e+04	8.689782184379881e+03	8.962775431253909e+03	0.000000000000000e+00	-inf	
32	3.999999999999999e-01	1.000000000000000e+00	2.057366270409036e-03	6.477338728148443e-03	0.000000000000000e+00	0.000000000000000e+00	2.957834693272139e+05	1.742491123715347e+04	8.534704998557480e-03	3.871835760988993e+04	8.689782184379881e+03	8.962775431253909e+03	0.000000000000000e+00	-inf	
33	6.000000000000000e-01	1.000000000000000e+00	2.057366270409036e-03	6.477338728148443e-03	1.282387529499823e-16	-2.241904439870293e-16	2.957834693272139e+05	1.742491123715347e+04	8.534704998557480e-03	3.871835760988993e+04	8.689782184379881e+03	8.962775431253909e+03	1.119446271867820e-17	-inf	
34	8.000000000000000e-01	1.000000000000000e+00	2.057366270409036e-03	6.477338728148443e-03	0.000000000000000e+00	5.452420737128711e-16	2.957834693272139e+05	1.742491123715347e+04	8.534704998557480e-03	3.871835760988992e+04	8.689782184379879e+03	8.962775431253909e+03	2.363243275478442e-17	-inf	
35	1.000000000000000e+00	1.000000000000000e+00	2.057366270409036e-03	6.477338728148443e-03	-2.546585164964186e-16	-3.215063770767349e-16	2.957834693272139e+05	1.742491123715347e+04	8.534704998557480e-03	3.871835760988993e+04	8.689782184379881e+03	8.962775431253909e+03	1.777683381591677e-17	-inf	
EXT_ITER= 4228
AOA= 0.000000000000000e+00
SIDESLIP_ANGLE= 0.000000000000000e+00
INITIAL_BCTHRUST= 4.000000000000000e+03
DCD_DCL_VALUE= 0.000000000000000e+00
DCMX_DCL_VALUE= 0.000000000000000e+00
DCMY_DCL_VALUE= 0.000000000000000e+00
DCMZ_DCL_VALUE= 0.000000000000000e+00
