"PointID"	"x"	"y"	"Density[0]"	"Density[1]"	"Momentum_x"	"Momentum_y"	"Energy"	"Electronic_Energy"	"Total_Density"	"Pressure"	"Temperature"	"Tve"	"Mach"	"C<sub>p</sub>"
0	0.000000000000000e+00	0.000000000000000e+00	1.869247256549943e-03	6.665457742007566e-03	0.000000000000000e+00	0.000000000000000e+00	2.957834693272139e+05	1.433020342177920e+04	8.534704998557508e-03	3.706667574255759e+04	8.216127796618030e+03	8.336000940396239e+03	0.000000000000000e+00	-inf	
1	2.000000000000000e-01	0.000000000000000e+00	1.869247256549943e-03	6.665457742007566e-03	0.000000000000000e+00	1.471107680117759e-15	2.957834693272139e+05	1.433020342177920e+04	8.534704998557508e-03	3.706667574255759e+04	8.216127796618030e+03	8.336000940396239e+03	6.506049542928971e-17	-inf	
2	4.000000000000000e-01	0.000000000000000e+00	1.869247256549943e-03	6.665457742007566e-03	0.000000000000000e+00	-1.168245944427334e-15	2.957834693272139e+05	1.433020342177920e+04	8.534704998557508e-03	3.706667574255759e+04	8.216127796618030e+03	8.336000940396239e+03	5.166627905961079e-17	-inf	
3	6.000000000000001e-01	0.000000000000000e+00	1.869247256549943e-03	6.665457742007566e-03	0.000000000000000e+00	-1.234184310305880e-15	2.957834693272139e+05	1.433020342177920e+04	8.534704998557508e-03	3.706667574255759e+04	8.216127796618030e+03	8.336000940396239e+03	5.458243727823458e-17	-inf	
4	8.000000000000000e-01	0.000000000000000e+00	1.869247256549943e-03	6.665457742007566e-03	3.885816113324826e-16	0.000000000000000e+00	2.957834693272139e+05	1.433020342177920e+04	8.534704998557508e-03	3.706667574255759e+04	8.216127796618030e+03	8.336000940396239e+03	1.718522205388752e-17	-inf	
5	1.000000000000000e+00	0.000000000000000e+00	1.869247256549943e-03	6.665457742007566e-03	7.430571713484839e-16	-1.164153218269347e-16	2.957834693272139e+05	1.433020342177920e+04	8.534704998557510e-03	3.706667574255768e+04	8.216127796618050e+03	8.336000940396241e+03	3.326295326194844e-17	-inf	
6	0.000000000000000e+00	2.000000000000000e-01	1.869247256549943e-03	6.665457742007566e-03	0.000000000000000e+00	0.000000000000000e+00	2.957834693272139e+05	1.433020342177920e+04	8.534704998557508e-03	3.706667574255759e+04	8.216127796618030e+03	8.336000940396239e+03	0.000000000000000e+00	-inf	
7	2.000000000000000e-01	2.000000000000000e-01	1.869247256549943e-03	6.665457742007566e-03	-7.648850441910605e-16	-1.818989403545857e-18	2.957834693272139e+05	1.433020342177920e+04	8.534704998557508e-03	3.706667574255759e+04	8.216127796618030e+03	8.336000940396239e+03	3.382753099076541e-17	-inf	
8	4.000000000000000e-01	2.000000000000000e-01	1.869247256549943e-03	6.665457742007566e-03	-7.346443453571065e-16	3.904006007360284e-16	2.957834693272139e+05	1.433020342177920e+04	8.534704998557508e-03	3.706667574255759e+04	8.216127796618030e+03	8.336000940396239e+03	3.679273024365835e-17	-inf	
9	5.999999999999999e-01	2.000000000000000e-01	1.869247256549943e-03	6.665457742007566e-03	0.000000000000000e+00	1.026364770950746e-15	2.957834693272139e+05	1.433020342177920e+04	8.534704998557508e-03	3.706667574255759e+04	8.216127796618030e+03	8.336000940396239e+03	4.539151103057237e-17	-inf	
10	7.999999999999999e-01	2.000000000000000e-01	1.869247256549943e-03	6.665457742007566e-03	3.749391908058893e-16	-6.161826604511669e-16	2.957834693272139e+05	1.433020342177920e+04	8.534704998557508e-03	3.706667574255759e+04	8.216127796618030e+03	8.336000940396239e+03	3.189945893921366e-17	-inf	
11	1.000000000000000e+00	2.000000000000000e-01	1.869247256549943e-03	6.665457742007566e-03	7.398739398922786e-16	-3.653894964372740e-16	2.957834693272139e+05	1.433020342177920e+04	8.534704998557510e-03	3.706667574255768e+04	8.216127796618050e+03	8.336000940396241e+03	3.649403491670796e-17	-inf	
12	0.000000000000000e+00	3.999999999999999e-01	1.869247256549943e-03	6.665457742007566e-03	-1.254647941095816e-15	0.000000000000000e+00	2.957834693272139e+05	1.433020342177920e+04	8.534704998557508e-03	3.706667574255759e+04	8.216127796618030e+03	8.336000940396239e+03	5.548745189780936e-17	-inf	
13	2.000000000000000e-01	3.999999999999999e-01	1.869247256549943e-03	6.665457742007566e-03	7.593634263401793e-16	0.000000000000000e+00	2.957834693272139e+05	1.433020342177920e+04	8.534704998557508e-03	3.706667574255759e+04	8.216127796618030e+03	8.336000940396239e+03	3.358323894048345e-17	-inf	
14	3.999999999999999e-01	4.000000000000001e-01	1.869247256549943e-03	6.665457742007566e-03	3.030244597256092e-16	0.000000000000000e+00	2.957834693272139e+05	1.433020342177920e+04	8.534704998557510e-03	3.706667574255768e+04	8.216127796618050e+03	8.336000940396241e+03	1.340141292401030e-17	-inf	
15	6.000000000000001e-01	4.000000000000000e-01	1.869247256549943e-03	6.665457742007566e-03	-9.699760994408228e-16	-9.094947017729280e-19	2.957834693272139e+05	1.433020342177920e+04	8.534704998557510e-03	3.706667574255768e+04	8.216127796618050e+03	8.336000940396241e+03	4.289771182516303e-17	-inf	
16	8.000000000000000e-01	4.000000000000000e-01	1.869247256549943e-03	6.665457742007566e-03	-4.072262527188291e-16	0.000000000000000e+00	2.957834693272139e+05	1.433020342177920e+04	8.534704998557508e-03	3.706667574255759e+04	8.216127796618030e+03	8.336000940396239e+03	1.800979092949833e-17	-inf	
17	1.000000000000000e+00	4.000000000000000e-01	1.869247256549943e-03	6.665457742007566e-03	0.000000000000000e+00	0.000000000000000e+00	2.957834693272139e+05	1.433020342177920e+04	8.534704998557508e-03	3.706667574255759e+04	8.216127796618030e+03	8.336000940396239e+03	0.000000000000000e+00	-inf	
18	0.000000000000000e+00	6.000000000000000e-01	1.869247256549943e-03	6.665457742007566e-03	1.168245944427334e-15	3.885816113324825e-16	2.957834693272139e+05	1.433020342177920e+04	8.534704998557508e-03	3.706667574255759e+04	8.216127796618030e+03	8.336000940396239e+03	5.444939163027442e-17	-inf	
19	2.000000000000000e-01	6.000000000000000e-01	1.869247256549943e-03	6.665457742007566e-03	4.011584127301615e-17	1.818989403545857e-18	2.957834693272139e+05	1.433020342177920e+04	8.534704998557508e-03	3.706667574255759e+04	8.216127796618030e+03	8.336000940396239e+03	1.775966663873289e-18	-inf	
20	4.000000000000001e-01	6.000000000000002e-01	1.869247256549943e-03	6.665457742007566e-03	0.000000000000000e+00	-3.904006007360288e-16	2.957834693272139e+05	1.433020342177920e+04	8.534704998557508e-03	3.706667574255759e+04	8.216127796618030e+03	8.336000940396239e+03	1.726566779784955e-17	-inf	
21	6.000000000000000e-01	6.000000000000001e-01	1.869247256549943e-03	6.665457742007566e-03	-4.011584127301564e-17	-4.110916052013645e-16	2.957834693272139e+05	1.433020342177920e+04	8.534704998557508e-03	3.706667574255759e+04	8.216127796618030e+03	8.336000940396239e+03	1.826709679237775e-17	-inf	
22	8.000000000000000e-01	6.000000000000001e-01	1.869247256549943e-03	6.665457742007566e-03	7.548806024715283e-16	-9.094947017729286e-19	2.957834693272139e+05	1.433020342177920e+04	8.534704998557508e-03	3.706667574255759e+04	8.216127796618030e+03	8.336000940396239e+03	3.338500797487720e-17	-inf	
23	1.000000000000000e+00	6.000000000000001e-01	1.869247256549943e-03	6.665457742007566e-03	1.247371983481557e-15	-9.094947017729280e-19	2.957834693272139e+05	1.433020342177920e+04	8.534704998557510e-03	3.706667574255768e+04	8.216127796618050e+03	8.336000940396241e+03	5.516568358578088e-17	-inf	
24	0.000000000000000e+00	8.000000000000000e-01	1.869247256549943e-03	6.665457742007566e-03	-7.007656677160430e-16	0.000000000000000e+00	2.957834693272139e+05	1.433020342177920e+04	8.534704998557510e-03	3.706667574255768e+04	8.216127796618050e+03	8.336000940396241e+03	3.099172286137011e-17	-inf	
25	2.000000000000000e-01	8.000000000000000e-01	1.869247256549943e-03	6.665457742007566e-03	-4.110916052013646e-16	7.639755494892874e-16	2.957834693272139e+05	1.433020342177920e+04	8.534704998557508e-03	3.706667574255759e+04	8.216127796618030e+03	8.336000940396239e+03	3.836815040159739e-17	-inf	
26	3.999999999999999e-01	8.000000000000000e-01	1.869247256549943e-03	6.665457742007566e-03	-9.094947017729284e-19	0.000000000000000e+00	2.957834693272139e+05	1.433020342177920e+04	8.534704998557508e-03	3.706667574255759e+04	8.216127796618030e+03	8.336000940396239e+03	4.022287198101244e-20	-inf	
27	6.000000000000000e-01	8.000000000000000e-01	1.869247256549943e-03	6.665457742007566e-03	0.000000000000000e+00	-7.166818249970888e-16	2.957834693272139e+05	1.433020342177920e+04	8.534704998557508e-03	3.706667574255759e+04	8.216127796618030e+03	8.336000940396239e+03	3.169562312103874e-17	-inf	
28	8.000000000000000e-01	8.000000000000000e-01	1.869247256549943e-03	6.665457742007566e-03	0.000000000000000e+00	3.851710062008336e-16	2.957834693272139e+05	1.433020342177920e+04	8.534704998557508e-03	3.706667574255759e+04	8.216127796618030e+03	8.336000940396239e+03	1.703438628395869e-17	-inf	
29	1.000000000000000e+00	8.000000000000000e-01	1.869247256549943e-03	6.665457742007566e-03	-1.232365320902334e-15	-3.838067641481774e-16	2.957834693272139e+05	1.433020342177920e+04	8.534704998557508e-03	3.706667574255759e+04	8.216127796618030e+03	8.336000940396239e+03	5.708402159698838e-17	-inf	
30	0.000000000000000e+00	1.000000000000000e+00	1.869247256549943e-03	6.665457742007566e-03	1.818989403545857e-18	-7.789822120685113e-16	2.957834693272139e+05	1.433020342177920e+04	8.534704998557508e-03	3.706667574255759e+04	8.216127796618030e+03	8.336000940396239e+03	3.445098377541985e-17	-inf	
31	2.000000000000000e-01	1.000000000000000e+00	1.869247256549943e-03	6.665457742007566e-03	0.000000000000000e+00	0.000000000000000e+00	2.957834693272139e+05	1.433020342177920e+04	8.534704998557508e-03	3.706667574255759e+04	8.216127796618030e+03	8.336000940396239e+03	0.000000000000000e+00	-inf	
32	3.999999999999999e-01	1.000000000000000e+00	1.869247256549943e-03	6.665457742007566e-03	0.000000000000000e+00	0.000000000000000e+00	2.957834693272139e+05	1.433020342177920e+04	8.534704998557508e-03	3.706667574255759e+04	8.216127796618030e+03	8.336000940396239e+03	0.000000000000000e+00	-inf	
33	6.000000000000000e-01	1.000000000000000e+00	1.869247256549943e-03	6.665457742007566e-03	4.094999894732611e-16	-9.654286259319439e-16	2.957834693272139e+05	1.433020342177920e+04	8.534704998557508e-03	3.706667574255759e+04	8.216127796618030e+03	8.336000940396239e+03	4.637868619809403e-17	-inf	
34	8.000000000000000e-01	1.000000000000000e+00	1.869247256549943e-03	6.665457742007566e-03	0.000000000000000e+00	4.479261406231585e-16	2.957834693272139e+05	1.433020342177920e+04	8.534704998557510e-03	3.706667574255768e+04	8.216127796618050e+03	8.336000940396241e+03	1.980976445064821e-17	-inf	
35	1.000000000000000e+00	1.000000000000000e+00	1.869247256549943e-03	6.665457742007566e-03	-8.171809895429760e-16	8.594724931754156e-17	2.957834693272139e+05	1.433020342177920e+04	8.534704998557508e-03	3.706667574255759e+04	8.216127796618030e+03	8.336000940396239e+03	3.633958959832533e-17	-inf	
EXT_ITER= 9451
AOA= 0.000000000000000e+00
SIDESLIP_ANGLE= 0.000000000000000e+00
INITIAL_BCTHRUST= 4.000000000000000e+03
DCD_DCL_VALUE= 0.000000000000000e+00
DCMX_DCL_VALUE= 0.000000000000000e+00
DCMY_DCL_VALUE= 0.000000000000000e+00
DCMZ_DCL_VALUE= 0.000000000000000e+00
