"PointID"	"x"	"y"	"Density[0]"	"Density[1]"	"Momentum_x"	"Momentum_y"	"Energy"	"Electronic_Energy"	"Total_Density"	"Pressure"	"Temperature"	"Tve"	"Mach"	"C<sub>p</sub>"
0	0.000000000000000e+00	0.000000000000000e+00	2.191352370933353e-03	6.343352627624129e-03	0.000000000000000e+00	0.000000000000000e+00	2.957834693272139e+05	2.019377762284391e+04	8.534704998557482e-03	3.952949261573145e+04	8.951726156259523e+03	9.508026254612949e+03	0.000000000000000e+00	-inf	
1	2.000000000000000e-01	0.000000000000000e+00	2.191352370933353e-03	6.343352627624129e-03	0.000000000000000e+00	5.866240826435345e-16	2.957834693272139e+05	2.019377762284391e+04	8.534704998557482e-03	3.952949261573145e+04	8.951726156259523e+03	9.508026254612949e+03	2.519354458682383e-17	-inf	
2	4.000000000000000e-01	0.000000000000000e+00	2.191352370933353e-03	6.343352627624129e-03	0.000000000000000e+00	-4.561115929391303e-16	2.957834693272139e+05	2.019377762284391e+04	8.534704998557482e-03	3.952949261573145e+04	8.951726156259523e+03	9.508026254612949e+03	1.958846916324408e-17	-inf	
3	6.000000000000001e-01	0.000000000000000e+00	2.191352370933353e-03	6.343352627624129e-03	0.000000000000000e+00	-1.032276486512272e-16	2.957834693272139e+05	2.019377762284391e+04	8.534704998557482e-03	3.952949261573145e+04	8.951726156259523e+03	9.508026254612949e+03	4.433282652100031e-18	-inf	
4	8.000000000000000e-01	0.000000000000000e+00	2.191352370933353e-03	6.343352627624129e-03	3.544755600159981e-16	0.000000000000000e+00	2.957834693272139e+05	2.019377762284391e+04	8.534704998557482e-03	3.952949261573145e+04	8.951726156259523e+03	9.508026254612949e+03	1.522354108948006e-17	-inf	
5	1.000000000000000e+00	0.000000000000000e+00	2.191352370933354e-03	6.343352627624128e-03	6.489244697149821e-16	1.891748979687707e-16	2.957834693272139e+05	2.019377762284391e+04	8.534704998557482e-03	3.952949261573144e+04	8.951726156259521e+03	9.508026254612949e+03	2.902921318825003e-17	-inf	
6	0.000000000000000e+00	2.000000000000000e-01	2.191352370933353e-03	6.343352627624129e-03	0.000000000000000e+00	0.000000000000000e+00	2.957834693272139e+05	2.019377762284391e+04	8.534704998557482e-03	3.952949261573145e+04	8.951726156259523e+03	9.508026254612949e+03	0.000000000000000e+00	-inf	
7	2.000000000000000e-01	2.000000000000000e-01	2.191352370933353e-03	6.343352627624129e-03	-2.430624590488173e-16	-1.818989403545857e-18	2.957834693272139e+05	2.019377762284391e+04	8.534704998557482e-03	3.952949261573145e+04	8.951726156259523e+03	9.508026254612949e+03	1.043901291061098e-17	-inf	
8	4.000000000000000e-01	2.000000000000000e-01	2.191352370933353e-03	6.343352627624129e-03	-2.924025466199944e-16	3.562945494195439e-16	2.957834693272139e+05	2.019377762284391e+04	8.534704998557482e-03	3.952949261573145e+04	8.951726156259523e+03	9.508026254612949e+03	1.979487209974376e-17	-inf	
9	5.999999999999999e-01	2.000000000000000e-01	2.191352370933353e-03	6.343352627624129e-03	0.000000000000000e+00	4.079083737451574e-16	2.957834693272139e+05	2.019377762284391e+04	8.534704998557482e-03	3.952949261573145e+04	8.951726156259523e+03	9.508026254612949e+03	1.751830193362875e-17	-inf	
10	7.999999999999999e-01	2.000000000000000e-01	2.191352370933353e-03	6.343352627624129e-03	3.426521288929506e-16	-1.311946107307466e-16	2.957834693272139e+05	2.019377762284391e+04	8.534704998557482e-03	3.952949261573145e+04	8.951726156259523e+03	9.508026254612949e+03	1.575753294987688e-17	-inf	
11	1.000000000000000e+00	2.000000000000000e-01	2.191352370933354e-03	6.343352627624128e-03	6.543814379256206e-16	-3.240074875066049e-16	2.957834693272139e+05	2.019377762284391e+04	8.534704998557482e-03	3.952949261573144e+04	8.951726156259521e+03	9.508026254612949e+03	3.135976463608933e-17	-inf	
12	0.000000000000000e+00	3.999999999999999e-01	2.191352370933353e-03	6.343352627624129e-03	-6.693881005048640e-16	0.000000000000000e+00	2.957834693272139e+05	2.019377762284391e+04	8.534704998557482e-03	3.952949261573145e+04	8.951726156259523e+03	9.508026254612949e+03	2.874798266031343e-17	-inf	
13	2.000000000000000e-01	3.999999999999999e-01	2.191352370933353e-03	6.343352627624129e-03	4.839628387479028e-16	0.000000000000000e+00	2.957834693272139e+05	2.019377762284391e+04	8.534704998557482e-03	3.952949261573145e+04	8.951726156259523e+03	9.508026254612949e+03	2.078458712676157e-17	-inf	
14	3.999999999999999e-01	4.000000000000001e-01	2.191352370933354e-03	6.343352627624128e-03	2.961521828317919e-16	0.000000000000000e+00	2.957834693272139e+05	2.019377762284391e+04	8.534704998557482e-03	3.952949261573144e+04	8.951726156259521e+03	9.508026254612949e+03	1.271874688307290e-17	-inf	
15	6.000000000000001e-01	4.000000000000000e-01	2.191352370933354e-03	6.343352627624128e-03	-3.597051545511936e-16	-9.094947017729280e-19	2.957834693272139e+05	2.019377762284391e+04	8.534704998557482e-03	3.952949261573144e+04	8.951726156259521e+03	9.508026254612949e+03	1.544818408416126e-17	-inf	
16	8.000000000000000e-01	4.000000000000000e-01	2.191352370933353e-03	6.343352627624129e-03	-3.581135388230901e-16	0.000000000000000e+00	2.957834693272139e+05	2.019377762284391e+04	8.534704998557482e-03	3.952949261573145e+04	8.951726156259523e+03	9.508026254612949e+03	1.537978012567743e-17	-inf	
17	1.000000000000000e+00	4.000000000000000e-01	2.191352370933353e-03	6.343352627624129e-03	0.000000000000000e+00	0.000000000000000e+00	2.957834693272139e+05	2.019377762284391e+04	8.534704998557482e-03	3.952949261573145e+04	8.951726156259523e+03	9.508026254612949e+03	0.000000000000000e+00	-inf	
18	0.000000000000000e+00	6.000000000000000e-01	2.191352370933353e-03	6.343352627624129e-03	4.561115929391303e-16	3.544755600159980e-16	2.957834693272139e+05	2.019377762284391e+04	8.534704998557482e-03	3.952949261573145e+04	8.951726156259523e+03	9.508026254612949e+03	2.480855351410984e-17	-inf	
19	2.000000000000000e-01	6.000000000000000e-01	2.191352370933353e-03	6.343352627624129e-03	-2.001294230503725e-17	1.818989403545857e-18	2.957834693272139e+05	2.019377762284391e+04	8.534704998557482e-03	3.952949261573145e+04	8.951726156259523e+03	9.508026254612949e+03	8.630318788947327e-19	-inf	
20	4.000000000000001e-01	6.000000000000002e-01	2.191352370933353e-03	6.343352627624129e-03	0.000000000000000e+00	-3.562945494195442e-16	2.957834693272139e+05	2.019377762284391e+04	8.534704998557482e-03	3.952949261573145e+04	8.951726156259523e+03	9.508026254612949e+03	1.530166060757875e-17	-inf	
21	6.000000000000000e-01	6.000000000000001e-01	2.191352370933353e-03	6.343352627624129e-03	2.001294230503727e-17	-3.581135388230899e-16	2.957834693272139e+05	2.019377762284391e+04	8.534704998557482e-03	3.952949261573145e+04	8.951726156259523e+03	9.508026254612949e+03	1.540377739643958e-17	-inf	
22	8.000000000000000e-01	6.000000000000001e-01	2.191352370933353e-03	6.343352627624129e-03	3.590230335248629e-16	-9.094947017729286e-19	2.957834693272139e+05	2.019377762284391e+04	8.534704998557482e-03	3.952949261573145e+04	8.951726156259523e+03	9.508026254612949e+03	1.541888935869305e-17	-inf	
23	1.000000000000000e+00	6.000000000000001e-01	2.191352370933354e-03	6.343352627624128e-03	7.203198038041602e-16	-9.094947017729280e-19	2.957834693272139e+05	2.019377762284391e+04	8.534704998557482e-03	3.952949261573144e+04	8.951726156259521e+03	9.508026254612949e+03	3.093535382600594e-17	-inf	
24	0.000000000000000e+00	8.000000000000000e-01	2.191352370933354e-03	6.343352627624128e-03	-6.189111445564789e-16	0.000000000000000e+00	2.957834693272139e+05	2.019377762284391e+04	8.534704998557482e-03	3.952949261573144e+04	8.951726156259521e+03	9.508026254612949e+03	2.658016603307562e-17	-inf	
25	2.000000000000000e-01	8.000000000000000e-01	2.191352370933353e-03	6.343352627624129e-03	-3.581135388230899e-16	2.421529643470444e-16	2.957834693272139e+05	2.019377762284391e+04	8.534704998557482e-03	3.952949261573145e+04	8.951726156259523e+03	9.508026254612949e+03	1.856584451201861e-17	-inf	
26	3.999999999999999e-01	8.000000000000000e-01	2.191352370933353e-03	6.343352627624129e-03	-9.094947017729284e-19	0.000000000000000e+00	2.957834693272139e+05	2.019377762284391e+04	8.534704998557482e-03	3.952949261573145e+04	8.951726156259523e+03	9.508026254612949e+03	3.905975904933956e-20	-inf	
27	6.000000000000000e-01	8.000000000000000e-01	2.191352370933353e-03	6.343352627624129e-03	0.000000000000000e+00	-2.341948857065319e-16	2.957834693272139e+05	2.019377762284391e+04	8.534704998557482e-03	3.952949261573145e+04	8.951726156259523e+03	9.508026254612949e+03	1.005788795520506e-17	-inf	
28	8.000000000000000e-01	8.000000000000000e-01	2.191352370933353e-03	6.343352627624129e-03	0.000000000000000e+00	3.531113179633386e-16	2.957834693272139e+05	2.019377762284391e+04	8.534704998557482e-03	3.952949261573145e+04	8.951726156259523e+03	9.508026254612949e+03	1.516495145090605e-17	-inf	
29	1.000000000000000e+00	8.000000000000000e-01	2.191352370933353e-03	6.343352627624129e-03	-1.014086592476813e-16	-3.408331394894052e-16	2.957834693272139e+05	2.019377762284391e+04	8.534704998557482e-03	3.952949261573145e+04	8.951726156259523e+03	9.508026254612949e+03	1.527180697876622e-17	-inf	
30	0.000000000000000e+00	1.000000000000000e+00	2.191352370933353e-03	6.343352627624129e-03	1.818989403545857e-18	-7.107701094355422e-16	2.957834693272139e+05	2.019377762284391e+04	8.534704998557482e-03	3.952949261573145e+04	8.951726156259523e+03	9.508026254612949e+03	3.052530165789078e-17	-inf	
31	2.000000000000000e-01	1.000000000000000e+00	2.191352370933353e-03	6.343352627624129e-03	0.000000000000000e+00	0.000000000000000e+00	2.957834693272139e+05	2.019377762284391e+04	8.534704998557482e-03	3.952949261573145e+04	8.951726156259523e+03	9.508026254612949e+03	0.000000000000000e+00	-inf	
32	3.999999999999999e-01	1.000000000000000e+00	2.191352370933353e-03	6.343352627624129e-03	0.000000000000000e+00	0.000000000000000e+00	2.957834693272139e+05	2.019377762284391e+04	8.534704998557482e-03	3.952949261573145e+04	8.951726156259523e+03	9.508026254612949e+03	0.000000000000000e+00	-inf	
33	6.000000000000000e-01	1.000000000000000e+00	2.191352370933353e-03	6.343352627624129e-03	3.603872755775220e-16	-8.731149137020095e-17	2.957834693272139e+05	2.019377762284391e+04	8.534704998557482e-03	3.952949261573145e+04	8.951726156259523e+03	9.508026254612949e+03	1.592517978653631e-17	-inf	
34	8.000000000000000e-01	1.000000000000000e+00	2.191352370933354e-03	6.343352627624128e-03	0.000000000000000e+00	7.880771590862404e-16	2.957834693272139e+05	2.019377762284391e+04	8.534704998557482e-03	3.952949261573144e+04	8.951726156259521e+03	9.508026254612949e+03	3.384528121625265e-17	-inf	
35	1.000000000000000e+00	1.000000000000000e+00	2.191352370933353e-03	6.343352627624129e-03	-7.189555617514982e-16	-1.896296453196572e-16	2.957834693272139e+05	2.019377762284391e+04	8.534704998557482e-03	3.952949261573145e+04	8.951726156259523e+03	9.508026254612949e+03	3.193269679360987e-17	-inf	
EXT_ITER= 2542
AOA= 0.000000000000000e+00
SIDESLIP_ANGLE= 0.000000000000000e+00
INITIAL_BCTHRUST= 4.000000000000000e+03
DCD_DCL_VALUE= 0.000000000000000e+00
DCMX_DCL_VALUE= 0.000000000000000e+00
DCMY_DCL_VALUE= 0.000000000000000e+00
DCMZ_DCL_VALUE= 0.000000000000000e+00
