"PointID"	"x"	"y"	"Density[0]"	"Density[1]"	"Momentum_x"	"Momentum_y"	"Energy"	"Electronic_Energy"	"Total_Density"	"Pressure"	"Temperature"	"Tve"	"Mach"	"C<sub>p</sub>"
0	0.000000000000000e+00	0.000000000000000e+00	2.078133645482799e-03	6.456571353074679e-03	0.000000000000000e+00	0.000000000000000e+00	2.957834693272139e+05	1.780927481127480e+04	8.534704998557479e-03	3.887236930607965e+04	8.736433725024328e+03	9.039020099940262e+03	0.000000000000000e+00	-inf	
1	2.000000000000000e-01	0.000000000000000e+00	2.078133645482799e-03	6.456571353074679e-03	0.000000000000000e+00	8.426468411925923e-16	2.957834693272139e+05	1.780927481127480e+04	8.534704998557479e-03	3.887236930607965e+04	8.736433725024328e+03	9.039020099940262e+03	3.645707266103850e-17	-inf	
2	4.000000000000000e-01	0.000000000000000e+00	2.078133645482799e-03	6.456571353074679e-03	0.000000000000000e+00	-6.925802154000718e-16	2.957834693272139e+05	1.780927481127480e+04	8.534704998557479e-03	3.887236930607965e+04	8.736433725024328e+03	9.039020099940262e+03	2.996444774029266e-17	-inf	
3	6.000000000000001e-01	0.000000000000000e+00	2.078133645482799e-03	6.456571353074679e-03	0.000000000000000e+00	-2.332853910047588e-16	2.957834693272139e+05	1.780927481127480e+04	8.534704998557479e-03	3.887236930607965e+04	8.736433725024328e+03	9.039020099940262e+03	1.009308055861497e-17	-inf	
4	8.000000000000000e-01	0.000000000000000e+00	2.078133645482799e-03	6.456571353074679e-03	1.273292582482094e-16	0.000000000000000e+00	2.957834693272139e+05	1.780927481127480e+04	8.534704998557479e-03	3.887236930607965e+04	8.736433725024328e+03	9.039020099940262e+03	5.508893872148432e-18	-inf	
5	1.000000000000000e+00	0.000000000000000e+00	2.078133645482799e-03	6.456571353074679e-03	2.041815605480199e-16	3.851710062008415e-16	2.957834693272139e+05	1.780927481127480e+04	8.534704998557479e-03	3.887236930607974e+04	8.736433725024348e+03	9.039020099940260e+03	1.886107721620748e-17	-inf	
6	0.000000000000000e+00	2.000000000000000e-01	2.078133645482799e-03	6.456571353074679e-03	0.000000000000000e+00	0.000000000000000e+00	2.957834693272139e+05	1.780927481127480e+04	8.534704998557479e-03	3.887236930607965e+04	8.736433725024328e+03	9.039020099940262e+03	0.000000000000000e+00	-inf	
7	2.000000000000000e-01	2.000000000000000e-01	2.078133645482799e-03	6.456571353074679e-03	-3.465174813754791e-16	-1.818989403545857e-18	2.957834693272139e+05	1.780927481127480e+04	8.534704998557479e-03	3.887236930607965e+04	8.736433725024328e+03	9.039020099940262e+03	1.499226773690986e-17	-inf	
8	4.000000000000000e-01	2.000000000000000e-01	2.078133645482799e-03	6.456571353074679e-03	-4.204139258945233e-16	1.291482476517552e-16	2.957834693272139e+05	1.780927481127480e+04	8.534704998557479e-03	3.887236930607965e+04	8.736433725024328e+03	9.039020099940262e+03	1.902807702529162e-17	-inf	
9	5.999999999999999e-01	2.000000000000000e-01	2.078133645482799e-03	6.456571353074679e-03	0.000000000000000e+00	2.532942744437629e-16	2.957834693272139e+05	1.780927481127480e+04	8.534704998557479e-03	3.887236930607965e+04	8.736433725024328e+03	9.039020099940262e+03	1.095876388138115e-17	-inf	
10	7.999999999999999e-01	2.000000000000000e-01	2.078133645482799e-03	6.456571353074679e-03	1.195985532831403e-16	-2.194155968027228e-16	2.957834693272139e+05	1.780927481127480e+04	8.534704998557479e-03	3.887236930607965e+04	8.736433725024328e+03	9.039020099940262e+03	1.081165177217494e-17	-inf	
11	1.000000000000000e+00	2.000000000000000e-01	2.078133645482799e-03	6.456571353074679e-03	2.160049916710695e-16	-1.032276486512265e-16	2.957834693272139e+05	1.780927481127480e+04	8.534704998557479e-03	3.887236930607974e+04	8.736433725024348e+03	9.039020099940260e+03	1.035778638259620e-17	-inf	
12	0.000000000000000e+00	3.999999999999999e-01	2.078133645482799e-03	6.456571353074679e-03	-9.176801540888589e-16	0.000000000000000e+00	2.957834693272139e+05	1.780927481127480e+04	8.534704998557479e-03	3.887236930607965e+04	8.736433725024328e+03	9.039020099940262e+03	3.970338512141170e-17	-inf	
13	2.000000000000000e-01	3.999999999999999e-01	2.078133645482799e-03	6.456571353074679e-03	3.143707843348107e-16	0.000000000000000e+00	2.957834693272139e+05	1.780927481127480e+04	8.534704998557479e-03	3.887236930607965e+04	8.736433725024328e+03	9.039020099940262e+03	1.360123597067204e-17	-inf	
14	3.999999999999999e-01	4.000000000000001e-01	2.078133645482799e-03	6.456571353074679e-03	8.676973521613418e-17	0.000000000000000e+00	2.957834693272139e+05	1.780927481127480e+04	8.534704998557479e-03	3.887236930607974e+04	8.736433725024348e+03	9.039020099940260e+03	3.754088174206616e-18	-inf	
15	6.000000000000001e-01	4.000000000000000e-01	2.078133645482799e-03	6.456571353074679e-03	-2.023625711444784e-16	-9.094947017729280e-19	2.957834693272139e+05	1.780927481127480e+04	8.534704998557479e-03	3.887236930607974e+04	8.736433725024348e+03	9.039020099940260e+03	8.755294757337992e-18	-inf	
16	8.000000000000000e-01	4.000000000000000e-01	2.078133645482799e-03	6.456571353074679e-03	-1.355147105641660e-16	0.000000000000000e+00	2.957834693272139e+05	1.780927481127480e+04	8.534704998557479e-03	3.887236930607965e+04	8.736433725024328e+03	9.039020099940262e+03	5.863037049643704e-18	-inf	
17	1.000000000000000e+00	4.000000000000000e-01	2.078133645482799e-03	6.456571353074679e-03	0.000000000000000e+00	0.000000000000000e+00	2.957834693272139e+05	1.780927481127480e+04	8.534704998557479e-03	3.887236930607965e+04	8.736433725024328e+03	9.039020099940262e+03	0.000000000000000e+00	-inf	
18	0.000000000000000e+00	6.000000000000000e-01	2.078133645482799e-03	6.456571353074679e-03	6.925802154000718e-16	1.273292582482093e-16	2.957834693272139e+05	1.780927481127480e+04	8.534704998557479e-03	3.887236930607965e+04	8.736433725024328e+03	9.039020099940262e+03	3.046663814856053e-17	-inf	
19	2.000000000000000e-01	6.000000000000000e-01	2.078133645482799e-03	6.456571353074679e-03	-4.223814756335699e-17	1.818989403545857e-18	2.957834693272139e+05	1.780927481127480e+04	8.534704998557479e-03	3.887236930607965e+04	8.736433725024328e+03	9.039020099940262e+03	1.829125096255184e-18	-inf	
20	4.000000000000001e-01	6.000000000000002e-01	2.078133645482799e-03	6.456571353074679e-03	0.000000000000000e+00	-1.291482476517553e-16	2.957834693272139e+05	1.780927481127480e+04	8.534704998557479e-03	3.887236930607965e+04	8.736433725024328e+03	9.039020099940262e+03	5.587592356036273e-18	-inf	
21	6.000000000000000e-01	6.000000000000001e-01	2.078133645482799e-03	6.456571353074679e-03	4.223814756335720e-17	-1.384705683449281e-16	2.957834693272139e+05	1.780927481127480e+04	8.534704998557479e-03	3.887236930607965e+04	8.736433725024328e+03	9.039020099940262e+03	6.263437762638412e-18	-inf	
22	8.000000000000000e-01	6.000000000000001e-01	2.078133645482799e-03	6.456571353074679e-03	1.364242052659387e-16	-9.094947017729286e-19	2.957834693272139e+05	1.780927481127480e+04	8.534704998557479e-03	3.887236930607965e+04	8.736433725024328e+03	9.039020099940262e+03	5.902517454270077e-18	-inf	
23	1.000000000000000e+00	6.000000000000001e-01	2.078133645482799e-03	6.456571353074679e-03	4.056346369907298e-16	-9.094947017729280e-19	2.957834693272139e+05	1.780927481127480e+04	8.534704998557479e-03	3.887236930607974e+04	8.736433725024348e+03	9.039020099940260e+03	1.754980602043187e-17	-inf	
24	0.000000000000000e+00	8.000000000000000e-01	2.078133645482799e-03	6.456571353074679e-03	-1.682565198279927e-16	0.000000000000000e+00	2.957834693272139e+05	1.780927481127480e+04	8.534704998557479e-03	3.887236930607974e+04	8.736433725024348e+03	9.039020099940260e+03	7.279609759624781e-18	-inf	
25	2.000000000000000e-01	8.000000000000000e-01	2.078133645482799e-03	6.456571353074679e-03	-1.384705683449281e-16	3.456079866737062e-16	2.957834693272139e+05	1.780927481127480e+04	8.534704998557479e-03	3.887236930607965e+04	8.736433725024328e+03	9.039020099940262e+03	1.610821969559190e-17	-inf	
26	3.999999999999999e-01	8.000000000000000e-01	2.078133645482799e-03	6.456571353074679e-03	-9.094947017729284e-19	0.000000000000000e+00	2.957834693272139e+05	1.780927481127480e+04	8.534704998557479e-03	3.887236930607965e+04	8.736433725024328e+03	9.039020099940262e+03	3.934924194391757e-20	-inf	
27	6.000000000000000e-01	8.000000000000000e-01	2.078133645482799e-03	6.456571353074679e-03	0.000000000000000e+00	-3.628883860073904e-16	2.957834693272139e+05	1.780927481127480e+04	8.534704998557479e-03	3.887236930607965e+04	8.736433725024328e+03	9.039020099940262e+03	1.570034753562276e-17	-inf	
28	8.000000000000000e-01	8.000000000000000e-01	2.078133645482799e-03	6.456571353074679e-03	0.000000000000000e+00	1.271018845727658e-16	2.957834693272139e+05	1.780927481127480e+04	8.534704998557479e-03	3.887236930607965e+04	8.736433725024328e+03	9.039020099940262e+03	5.499056561662438e-18	-inf	
29	1.000000000000000e+00	8.000000000000000e-01	2.078133645482799e-03	6.456571353074679e-03	-2.314664016012129e-16	-1.200533006340273e-16	2.957834693272139e+05	1.780927481127480e+04	8.534704998557479e-03	3.887236930607965e+04	8.736433725024328e+03	9.039020099940262e+03	1.128124649539999e-17	-inf	
30	0.000000000000000e+00	1.000000000000000e+00	2.078133645482799e-03	6.456571353074679e-03	1.818989403545857e-18	-2.564775058999648e-16	2.957834693272139e+05	1.780927481127480e+04	8.534704998557479e-03	3.887236930607965e+04	8.736433725024328e+03	9.039020099940262e+03	1.109676529731341e-17	-inf	
31	2.000000000000000e-01	1.000000000000000e+00	2.078133645482799e-03	6.456571353074679e-03	0.000000000000000e+00	0.000000000000000e+00	2.957834693272139e+05	1.780927481127480e+04	8.534704998557479e-03	3.887236930607965e+04	8.736433725024328e+03	9.039020099940262e+03	0.000000000000000e+00	-inf	
32	3.999999999999999e-01	1.000000000000000e+00	2.078133645482799e-03	6.456571353074679e-03	0.000000000000000e+00	0.000000000000000e+00	2.957834693272139e+05	1.780927481127480e+04	8.534704998557479e-03	3.887236930607965e+04	8.736433725024328e+03	9.039020099940262e+03	0.000000000000000e+00	-inf	
33	6.000000000000000e-01	1.000000000000000e+00	2.078133645482799e-03	6.456571353074679e-03	1.377884473185979e-16	-1.964508555829543e-16	2.957834693272139e+05	1.780927481127480e+04	8.534704998557479e-03	3.887236930607965e+04	8.736433725024328e+03	9.039020099940262e+03	1.038165823778103e-17	-inf	
34	8.000000000000000e-01	1.000000000000000e+00	2.078133645482799e-03	6.456571353074679e-03	0.000000000000000e+00	6.189111445564815e-16	2.957834693272139e+05	1.780927481127480e+04	8.534704998557479e-03	3.887236930607974e+04	8.736433725024348e+03	9.039020099940260e+03	2.677715914283603e-17	-inf	
35	1.000000000000000e+00	1.000000000000000e+00	2.078133645482799e-03	6.456571353074679e-03	-2.737579052336498e-16	-3.788045432884308e-16	2.957834693272139e+05	1.780927481127480e+04	8.534704998557479e-03	3.887236930607965e+04	8.736433725024328e+03	9.039020099940262e+03	2.022081125351417e-17	-inf	
EXT_ITER= 3894
AOA= 0.000000000000000e+00
SIDESLIP_ANGLE= 0.000000000000000e+00
INITIAL_BCTHRUST= 4.000000000000000e+03
DCD_DCL_VALUE= 0.000000000000000e+00
DCMX_DCL_VALUE= 0.000000000000000e+00
DCMY_DCL_VALUE= 0.000000000000000e+00
DCMZ_DCL_VALUE= 0.000000000000000e+00
